Final Weight Matrix:
[2.240711, 2.2006314, 4.2105074, 2.21825, 1.9176759, 1.8468672, 3.030172, 3.4054418, 2.8625016, 8.060473]
[4.4823728, 2.026216, 4.1238365, 2.3316205, 1.9374329, 2.0471356, 2.4796069, 2.9669666, 1.9446073, 1.8346733]
[7.4162607, 2.5272024, 2.0320625, 2.1476896, 4.065684, 41.817474, 4.6316695, 3.7012143, 1.8677118, 1.9229274]
[3.5033448, 4.029814, 3.4800866, 4.0071526, 3.0141132, 2.1961834, 2.4691548, 2.8478892, 3.4784322, 1.9914819]
[4.7140837, 3.6522615, 2.9976752, 3.4779055, 2.7223477, 3.4178057, 4.374483, 6.254856, 3.6300874, 2.0743794]
[1.8950719, 2.0720582, 2.0534863, 5.98564, 4.198995, 37.930447, 3.942582, 2.1428597, 1.9750981, 2.047874]
[2.337588, 2.976645, 2.03897, 4.893986, 3.8043196, 3.7649565, 1.8209294, 2.0916626, 2.1543267, 2.6286044]
[2.952128, 3.4033227, 2.83782, 4.3511186, 2.7387316, 1.8993082, 4.093692, 3.3788588, 3.9940832, 7.7366905]
[3.6035247, 1.914589, 2.1429024, 2.1245532, 3.0124474, 1.8367747, 1.9367526, 3.796314, 2.8945699, 4.1011477]

[18.153078, 2.597565, 3.2876492, 1.842797, 2.002099, 2.7219791, 3.9601924]
[3.1465378, 1.8702323, 4.395254, 2.6415784, 2.5112827, 2.1046774, 2.7157812]
[2.371481, 4.6001964, 1.9005996, 3.8036616, 1.8610449, 3.7558396, 4.0826864]
[2.7041957, 1.9043244, 7.6963773, 3.0819008, 2.3447902, 2.7141137, 2.3276134]
[1.812531, 2.98678, 2.901375, 2.7234182, 3.7986133, 2.811816, 4.398227]
[2.4088514, 2.6642897, 1.9054372, 3.9507623, 13.371529, 1.9112488, 2.7895427]
[4.2674885, 2.6436067, 4.1809664, 3.615633, 8.345093, 1.8602618, 2.4411216]
[4.005774, 1.8756077, 13.3241625, 4.7162094, 3.7257109, 2.9986668, 1.8232331]
[2.930648, 4.30135, 2.3026989, 4.486217, 4.1393876, 1.9189506, 1.9647635]
[2.313453, 11.048401, 4.068578, 4.3047123, 3.0388403, 2.4983087, 1.8723856]

[2.3610404, 2.5193915, 1.8133824, 3.4020123, 1.8162131, 2.3787258, 2.35127, 2.9582646, 3.412508, 2.5911057]
[3.3730578, 3.0942461, 3.6808453, 2.5545883, 3.1969333, 3.9763381, 4.186435, 6.6090584, 3.0754488, 2.5075626]
[3.506241, 4.6574154, 1.9346933, 3.7336168, 1.9017274, 2.0102935, 2.7167125, 1.8970838, 6.425959, 2.373491]
[1.8149889, 3.1327367, 2.6431866, 2.07235, 3.567491, 3.4745302, 4.556224, 2.8790488, 2.1735067, 2.7330408]
[5.4964, 3.5444667, 3.0234327, 1.8415952, 1.8459512, 3.0096164, 4.7418222, 3.245329, 5.339689, 4.6973996]
[2.7772226, 2.0350306, 2.6351922, 4.4575377, 2.0879529, 4.0900536, 1.8849939, 3.7199633, 4.6618567, 40.13983]
[3.9253535, 3.4143493, 24.59754, 1.8201305, 3.3376467, 3.3502882, 1.8166983, 4.062921, 4.4868217, 2.1763632]

 

Average Error: 4.047612