Final Weight Matrix:
[9.654113, 9.094192, -10.048739, 9.658424, 9.860101, 9.404803, 9.143789, 9.6114855, 9.095495, 9.070849]
[-9.696968, 9.073577, 9.173579, 9.952758, 9.064635, 9.930305, 9.107601, 9.326376, 9.183067, 9.462318]
[9.225682, 9.759359, 9.541768, 9.522112, 9.671754, 9.269797, 9.899079, -9.2214155, 9.341665, 9.108612]
[9.487336, 9.207584, 9.266589, 9.925054, 9.638406, 9.169199, -9.275291, 9.204147, 9.080794, 10.057703]
[9.198714, 9.064922, 9.707575, 9.07163, 9.367421, 9.419145, 9.064164, -9.173995, 9.063476, 9.063955]
[9.102631, 9.310014, 9.101608, 9.354644, 9.784719, 9.445155, 9.933525, 9.808645, 9.416684, 9.803406]

[9.094943, 9.831161, 9.065026, 9.838916, 9.463624, 9.229386, 10.129713]
[9.140298, 9.479826, 10.15709, 9.478881, 9.065117, 10.142726, 9.321675]
[9.065841, 9.219799, 9.192219, 9.629905, 10.14497, 9.129124, 9.430008]
[9.147855, 9.121348, 9.867978, 9.086646, 9.301961, 9.804731, 9.108638]
[9.082057, 9.6365595, 9.78608, 9.670883, 9.178472, 9.118445, 10.146471]
[9.167054, 9.94386, -9.13035, 9.744144, 9.410707, 9.251474, 9.13763]
[9.268084, 9.076367, 9.111127, 9.56377, 9.213584, 9.064788, 9.469357]
[9.107037, 9.25083, 9.120232, 9.6454935, 9.379043, 9.857284, 9.673315]
[9.22775, 9.104397, 9.257671, 9.703428, 9.794887, -9.499627, 9.965252]
[9.076909, 9.88101, 9.367882, 9.893855, 9.185819, 9.176839, 9.065089]

[9.280985, 9.190758, 9.464808, -10.005275]
[9.873058, 9.540004, 9.136107, 10.082449]
[9.6642065, 9.292093, 9.131416, 9.17252]
[9.063895, 9.5227165, 9.219544, 9.548322]
[9.263895, 9.34912, 10.094362, 9.109243]
[9.687424, 9.131001, 9.172503, 9.391844]
[9.178924, 9.366319, 10.108152, 9.538564]

 

Accuracy: 8.67052%