Final Weight Matrix:
[-123.19551, 167.81236, -110.328926, -476.80692, -93.304146, 67.15816, -2345.1196, -65.39604, -229.98132, 323.52905]
[-249.52203, -80.369225, -69.760475, -74.924286, -66.82401, 406.03433, -96.58428, 171.22444, -306.8665, -107.783195]
[-137.7774, 361.0727, -60.63281, -109.81768, -184.98149, -64.447525, -459.89667, -105.98817, -128.24693, -162.20778]
[-75.24166, -110.05111, -103.150314, 111.17286, 92.66773, 78.97387, -68.60934, -228.67638, -1464.2405, 219.46715]
[-60.156517, -84.45005, 130.54137, -353.92438, -340.27103, -64.81868, -179.43869, -64.3387, -79.55464, -99.908806]
[-3480.094, -118.10883, -137.0829, 509.32864, -559.59485, -69.984, -59.278217, -73.03372, 18.602938, 592.04474]
[588.31274, -368.20587, -194.68948, -113.66761, 111.94343, -96.902794, 346.97818, -1858.4365, -89.09925, -308.56888]
[-197.85712, 772.1564, -92.33861, -79.32038, -97.46484, -228.19182, 651.9453, -92.82821, -66.53772, -64.90436]
[1122.6671, -184.95587, 309.4985, -199.37695, 1394.299, -103.246284, -115.63394, -104.077805, -81.57323, 98.549515]

[721.46985, -71.37369, -577.48425, -97.12587, 160.77078, -460.92346, 318.86093]
[-89.723755, -317.45255, 387.4895, -240.43071, -257.66037, -58.481842, -98.12909]
[-111.516106, -72.1656, -140.44235, 264.38345, -60.70633, -140.84946, 1344.4479]
[303.17554, 22839.482, -89.54563, -222.49379, 13.252214, -78.758545, 477.4285]
[-306.61346, -135.66266, -1649.4908, -97.73831, -94.20372, -69.820015, -74.633995]
[-99.86905, 730.0434, 44.93123, -147.23488, -466.35468, -78.12694, -89.63135]
[177.28468, -231.12222, -250.88007, -61.42103, -626.48376, -86.74106, -63.078075]
[-1006.2492, -91.686714, -129.83604, -239.0519, -95.20946, -152.47176, -75.770546]
[-11.523029, -126.32152, -69.93222, -85.07057, -446.7617, -94.740204, 147.79218]
[-176.98055, -181.43915, -12.9480915, -315.05038, -1409.7186, -266.57895, -87.32779]

[-90.3915, -120.41975, -186.9696, -70.52053, -91.46776, -98.359276, -101.503204, -195.40884, -286.9838, -184.49539]
[-100.56443, -58.67367, -103.46745, -8399.805, 99.26795, 718.92267, -1037.8124, -4213.1943, 1930.582, -241.21483]
[1114.7666, -265.75256, -77.27307, -116.56404, -309.1312, -289.97144, -1110.4152, -122.42954, -60.952156, -118.49298]
[-62.660156, -187.68446, 440.71558, -186.15611, -135.95233, -67.14805, -58.72856, -190.05923, -172.86868, -332.31332]
[-59.797256, -455.04077, 513.0203, -103.199, -125.36626, -251.06839, -529.89545, -63.059597, 384.1666, -68.75025]
[539.8238, 40.594124, 15.805174, -1875.9469, 130.25957, -78.41475, 93.256996, 107.7426, -60.53947, 173.01015]
[-167.28271, -17878.637, -241.21059, -151.7749, -1801.3268, -67.509926, -308.8962, -196.02922, -178.12794, -309.5213]

 

Average Error: 0.9047619