Final Weight Matrix:
[3.152041, 1.6673944, -5.7245927, 1.2801222, 2.5826492, 7.4876313, 2.8523612, 3.338127, -7.5734296, 19.155203]
[1.7110884, 2.5598893, -1.1043043, 1.411923, 1.4977434, 1.3585871, 3.2638674, 1.7639921, 2.5199697, 3.059999]
[3.132706, -1.1166723, 2.2085583, -20.037462, 3.1388257, 2.8880217, -1.1067097, -5.1930437, 1.476348, -1.962216]
[1.745835, 3.356634, 3.7041554, 3.2097137, 2.5537314, 1.5435555, -1.1650306, -1.1332077, 1.1941708, 1.4566407]
[3.198697, 2.8028114, -2.4481332, 3.323935, 3.2134118, -2.6752222, 2.2423627, 2.7284632, 1.1096085, 5.648168]
[1.2761115, 5.7402463, 7.457547, 2.1491108, 1.2539604, 1.5889211, 1.8316373, -5.1062512, 2.8864753, 1.2143517]

[-1.5319957, -4.989102, 2.005191, 45.831696, 1.2591959, -1.4811969, 1.132038]
[3.1513875, -5.4043055, -1.1275523, 2.3449001, 3.2285037, 1.1295502, -1.2944156]
[2.8579624, 1.8679872, -1.1115342, 3.58805, 11.986953, 1.3140095, 2.0990686]
[6.5060105, -2.3938928, 1.1044943, 1.1045145, 1.1049778, 3.5453765, -4.699854]
[3.6036031, -4.121504, -33.297436, -1.1141957, 2.0874503, 601.03973, 1.5450447]
[21.118113, 3.3363194, 2.4285939, -3.8279965, 1.4067098, 1.282202, -1.656708]
[1.6757351, 1.1384045, -35.896362, 1.8646749, -2.7302418, 1.1671267, 2.73995]
[-1.2038358, 1.7023578, 1.832642, 1.1205198, -2.7833073, 1.1256025, 2.749535]
[-5.43908, 1.88038, 4.6743016, -7.891371, 1.3901317, 3.6792, 2.4395554]
[-15.58294, 2.5023568, -1.5615076, 3.0760982, -2.9082832, 1.7398974, 3.0665135]

[1.7640206, 3.3555098, -3.1175427, 5.658248]
[1.1054615, 3.293721, 3.6909332, -2.0471785]
[1.1168962, -1.1072888, -1.108104, -2.9800217]
[2.1164393, -6.1161957, 8.545918, 2.8240676]
[4.7150245, 1.1773717, 1.2525156, 1.747135]
[1.5267489, 2.256218, 1.5812916, 3.4320116]
[2.0671735, -4.9267015, 1.1914731, 2.7677197]

 

Accuracy: 29.479769%