Final Weight Matrix:
[-11.156595, -11.157714, 11.2012005, 11.454893, 11.251495, 11.823871, -11.188417, 11.468827, 11.620505, 11.792669]
[-11.409609, 11.120213, 23.924374, 13.995762, 11.270879, 11.127906, 11.117216, 11.130401, 12.270313, 11.553579]
[11.196001, -11.633272, -11.419352, 11.417979, 11.56582, -11.165289, -11.800942, -16.694893, -11.124711, 11.74015]
[11.162066, 11.716276, 11.17306, 11.129977, 11.7086735, -11.117166, 13.2359295, 11.120134, 11.19029, 11.165464]
[-11.121965, 11.408991, 11.483268, 11.258824, 11.142197, 11.450516, -11.136887, 11.629591, 11.19648, 11.22416]
[11.233721, -11.233732, 11.173691, 11.298426, 11.271589, 11.534291, 11.580673, 11.131354, -11.119445, 12.521067]

[11.87739, -11.494511, 11.155837, 11.662995, 11.400471, 18.672544, -11.117457]
[11.434988, 11.119126, 11.129114, 11.490121, -11.140667, -11.525094, 11.46124]
[11.285338, 11.34539, 14.551771, 11.117164, 11.572165, 11.260064, 11.117232]
[-11.2354355, -12.45744, 11.192179, 16.623194, 11.631799, 11.389043, -11.249605]
[11.478578, 11.578618, 11.276987, -11.117437, -11.712503, -20.89085, 11.172239]
[11.189054, -12.290617, -14.70709, 11.573189, 11.3755245, 11.15146, -11.198254]
[11.586591, 11.158317, 11.46663, 11.518254, 11.60522, -11.390454, 11.351992]
[-11.137932, 16.948133, 11.4433, 11.5967865, 11.687122, 11.823732, 11.360542]
[11.140108, 11.269423, 11.377295, 11.18089, 11.412074, 11.939418, -11.415996]
[-11.133385, -11.2527275, 11.120651, 28.660704, 11.50135, 16.29604, 11.295989]

[-11.185929, 11.703603, 11.460005, -11.380742]
[11.470453, 11.594506, -11.533357, -11.642056]
[11.304854, -11.22624, 12.601385, 11.268531]
[11.336181, 12.5862875, 11.168485, 11.285782]
[-11.120991, 11.117175, 11.636073, -11.213531]
[-11.260675, 37.159615, -11.151055, -11.162259]
[11.447397, -11.326367, 11.663155, 11.481608]

 

Accuracy: 38.728325%