Final Weight Matrix:
[3.1265469, 1.2917497, 1.0263386, 3.2992787, 0.9299533, 3.7707202, 2.8298376, 1.1373922, 0.97150636, 3.684418]
[3.3553789, 1.0135418, 3.087001, 1.3536415, 2.415428, 1.9059676, 3.4615297, 1.983205, 2.2000413, 10.124395]
[5.04849, 3.5270379, 13.286137, 2.8497212, 37.97856, 3.9048417, 2.9098213, 1.0099374, 3.0903463, 1.6755136]
[15.220784, 0.9511876, 0.97664696, 1.7951982, 4.0291157, 1.5160592, 3.9094682, 403.65344, 2.919295, 3.7475824]
[9.486599, 16.875227, 1.0830442, 1.212469, 0.9299663, 1.0464485, 3.5807037, 3.968669, 2.7194872, 0.98544097]
[1.9199983, 3.9790704, 1.652713, 2.4068487, 3.5124469, 5.4616466, 3.8903883, 3.7472131, 2.2779784, 3.7131593]
[1.0001484, 2.6749537, 18.363258, 1.8482316, 1.5509945, 0.98278636, 1.3602492, 1.0923018, 2.2839143, 0.94672287]
[0.93036276, 2.1237817, 7.3017263, 1.1951119, 3.134099, 4.5379314, 5.23821, 2.3498611, 3.823259, 3.9118726]
[0.9315603, 2.9468343, 0.9892913, 1.8124161, 1.1692687, 3.5592766, 2.9852436, 1.303571, 3.4343452, 3.172075]

[1.33462, 2.1693988, 2.3715303, 8.890715, 2.009177, 2.2958379, 13.583624]
[0.9757875, 1.3124194, 3.061505, 33.090183, 1.5866581, 1.074945, 1.048443]
[0.9861876, 2.9923654, 3.9947343, 3.218102, 2.8446991, 2.4091659, 0.95732766]
[1.0702944, 1.329486, 17.323542, 3.277923, 1.232111, 14.771768, 7.3200727]
[3.583955, 1.0304482, 3.2762082, 3.9347618, 2.4814744, 3.2934043, 1.0223029]
[2.3102155, 1.1295781, 2.6095212, 1.0572283, 6.924736, 2.5274887, 3.2919557]
[7.191521, 3.527125, 0.99979854, 2.886649, 3.3208528, 1.642583, 2.299397]
[1.9350907, 6.1099825, 7.4019284, 4.2641478, 0.9296837, 1.0010132, 3.6404228]
[3.0054455, 3.8795333, 1.1515774, 3.060454, 3.9875777, 1.611356, 2.9422646]
[2.4615583, 3.7834904, 1.8950287, 10.849011, 2.304031, 2.314643, 2.3769588]

[1.2576972, 3.3403087, 66.46224, 1.8971767, 6.8939643, 3.7458572, 33.40651, 2.7244837, 2.5563507, 1.0100977]
[2.122616, 2.5794218, 2.698202, 3.60211, 0.96792233, 3.633683, 1.2395109, 3.5005548, 1.2255446, 3.987564]
[1.6964089, 1.9009832, 1.7199016, 1.7405535, 1.3134291, 3.50684, 1.3113681, 4.7169704, 1.0312595, 1.4075618]
[3.76076, 2.561908, 1.2256892, 1.1005082, 3.3047092, 3.3617134, 1.402383, 1.0155324, 0.9463624, 42.33383]
[2.32313, 3.952519, 3.1782792, 2.3779128, 1.0813326, 4.485336, 1.0799975, 1.1516752, 3.3709073, 2.3882742]
[2.7649944, 1.9685991, 2.224881, 2.8914058, 8.715343, 1.2724493, 3.3911014, 2.2484214, 3.3085284, 3.1120713]
[2.4658651, 2.037, 4.093803, 2.9782777, 1.0626384, 3.006475, 1.7839805, 6.428649, 1.5570933, 1.4186443]

 

Average Error: 2.619004