Final Weight Matrix:
[1.5534159, 1.3119118, 4.2878904, -2.1538024, 1.399377, -9.096634, 1.3533224, 19.121544, 1.8113369, -3.402524]
[1.3057547, 2.3996315, 152.34793, -93.964874, 1.9622371, 2.3656027, 1.6780854, 1.616126, 1.986739, 1.328694]
[2.945362, 2.5257587, 3.9406614, 1.567506, 2.500566, 2.4874997, 1.3780555, 3.2638726, 4.0733004, 2.8999324]
[1.9476713, 2.9561648, 3.5657785, 1.3514491, 1.7432837, 1.4061638, 3.8385549, 1.346702, 3.5158992, 1.5917627]
[3.5549693, 1.3575844, 1.8554859, 1.653174, 1.407158, 2.8421335, 12.812313, 3.5586247, 15.491131, 1.9414169]
[3.5224571, 1.657127, 12.254109, 3.608945, 2.7595036, 2.9726143, -20.141218, 1.6887153, 2.5106854, 3.490655]

[1.7383324, 1.3793249, 3.6562092, 8.948464, 2.2458398, 1.4720695, 1.6830558]
[2.1538033, 3.1127253, 1.4980736, 1.5050967, -1.6941206, 3.6950738, 2.361024]
[-2.3774807, 2.4566631, 1.3094145, 3.6668239, 39.388805, 3.7453957, 3.0569878]
[1.797964, 1.304137, 3.793805, 1.3918892, 1.4875996, 2.3999224, 3.1115956]
[1.3113033, 1.3043193, 23.864714, -16.153332, 1.6847878, 1.3319882, 3.233696]
[2.4405723, 3.4800863, -13.094465, 1.5541648, 1.8004723, 2.6308036, 1.3928525]
[2.1423097, 2.5212798, 3.260746, 3.810999, 2.4671056, -33.6884, 1.6673776]
[1.4114965, 2.2198489, -1.3383058, 2.896506, 2.413371, 3.44306, 3.0051682]
[-11.230168, 3.9074874, 3.7803192, 1.8451822, -5.3979115, 3.6982613, 1.4366894]
[19.861862, 3.0783467, 3.528173, 1.3357104, -11.699554, 2.4040098, 2.1889539]

[3.389231, 2.7372994, 1.8548869, 1.9595203]
[3.3358238, 2.9780886, 2.887559, -2.3840718]
[2.9332523, 1.7616165, 1.4372163, 3.4756527]
[-2.2194824, -1.4177345, 1.6793435, 1.3123844]
[2.4418879, -76.079155, 3.5932074, 10.2528715]
[3.0461783, 2.2283316, 2.2190075, 3.7950306]
[3.9403987, 1.5797321, 1.5641321, 8.237446]

 

Accuracy: 2.3121386%