Final Weight Matrix:
[1150.0701, -898.61206, 461.19336, 1845.4885, 660.9128, -513.43634, 1456.538, 808.18317, 949.7798, 7615.3604]
[547.4252, -7330.1274, 1378.8525, -11970.335, 675.3059, -413.49765, 983.9691, 1022.70087, -5731.3496, 476.24396]
[579.78625, -580.44635, -1671.9542, 480.28705, 4834.3574, 473.2174, -142.97298, 846.42163, -2087.4143, 1329.678]
[1130.1683, 697.89276, 1319.7897, 1995.3191, 899.0154, -1151.7931, -193.67949, 1147.4724, 956.34174, 790.0978]
[3024.9072, 493.06683, 2045.4305, 523.4755, 800.3196, -4692.1313, 652.288, 562.36096, 1301.5894, -667.6683]
[-110.00623, 1123.569, 2445.9077, -150.00697, -1171.8542, 490.29483, 2816.594, -95.48399, 536.35565, -670.8666]
[-1312.6863, -216.7985, -1480.9358, -1640.3802, 897.454, -369.05737, 1298.7161, 11203.805, -323.44025, -170.08324]
[765.4094, -1030.6707, 568.40576, -306.63248, 568.06824, -396.39594, 772.91376, -3423.4407, 865.0713, -291.4212]
[718.91156, -869.57574, 519.40784, -351.91183, -651.33496, -929.9067, 3577.4983, -1542.7491, 1639.9412, 13985.62]

[709.2182, 641.77985, 738.6777, 515.7789, 1333.6599, 988.6425, -1043.1326]
[-1586.5126, 1765.5171, -269.0023, 871.1645, 749.3552, -4793.2627, -14054.271]
[859.58435, -314.75873, 2746.5237, -777.22253, -4837.532, 481.26932, 1047.535]
[-2303.721, -2557.1997, 51874.8, 635.98444, 643.03986, 730.30585, -2435.4963]
[-297.5474, 3639.1082, -725.55756, -1304.7549, 1284.4128, 741.33325, -4781.525]
[9419.695, 1477.9232, 1043.5159, -961.9747, -304.53772, -475.1734, 1082.0681]
[-1136.797, 1405.9462, -10706.528, 594.5719, 1812.3853, 587.02875, -725.3883]
[507.00723, 1055.029, 568.88983, -494.50723, 3923.861, 501.75543, -132.12898]
[516.71857, 934.6511, 1016.92334, 512.0591, -365.42972, 2671.0684, 997.7423]
[-492.7981, 960.0304, 818.40753, -5190.6597, -4489.4136, 1585.7527, -927.5796]

[-637.0448, -765.77026, 948.65717, -439.72623, 828.1236, 492.28964, 9550.166, 747.7617, 578.8659, 18169.781]
[1144.8048, 771.918, 807.14075, 479.9066, 4710.639, 922.6042, 5943.0864, 536.9173, 872.75275, -1300.7402]
[1284.7399, 1065.3947, -261.18802, 6764.1455, -21191.121, -164.35773, 1243.155, 1027.6276, 513.942, 3088.7854]
[-876.98285, 472.30228, 563.52246, 585.28796, 4279.9927, -6314.496, 583.04596, 877.9074, 587.5799, 825.8172]
[481.61395, -1291.5698, 660.98517, -3477.6626, 1857.9143, -597.901, -917.11163, 1420.9153, 3055.0483, 618.51154]
[1868.4482, 140790.83, -971.24115, 1091.8345, 1366.7002, -477.5967, -1357.3606, 868.03296, 883.7335, 963.93677]
[1153.53, -1326.3998, 566.1327, -399.46533, -2462.6504, -18154.805, 976.99005, 1283.936, -7070.237, 1342.3337]

 

Average Error: 1.7619047