Final Weight Matrix:
[-3.9650426, -3.9751747, 4.751748, 5.127692, -4.04606, -4.1505165, 4.2033687, 4.1915116, -3.9720314, 4.6229057]
[-6.4713364, -3.9648461, 3.7095792, 4.6302667, -7.83916, -4.5516996, -3.965135, 3.5027077, 4.717975, 4.453516]
[-3.5347722, 4.342704, 3.6646624, -3.965168, 4.4798307, 3.7223337, 5.051289, 3.9665637, 5.170407, -3.9544044]
[-4.466123, -3.9648266, 4.206635, 4.4416003, 4.768296, 3.6736474, 4.38867, -3.6929705, 3.9772654, 3.6117575]
[-3.9648266, 4.755021, 3.6583192, 3.5214508, 4.794594, 9.242015, 3.5805774, 3.7837927, -3.9653802, -4.1232367]
[4.103132, 3.7469146, 3.9169135, 4.198862, -4.083683, 3.5478826, 3.7429626, 3.6868849, -3.6282747, 3.487639]

[3.5035868, -3.9650426, 5.140704, 4.1193852, -3.9986827, 6.43697, -3.9648948]
[3.6529326, 4.657931, 3.5161314, -3.636711, -4.1642876, -3.9728012, 4.2892747]
[-3.9723911, 3.9353642, -11.557502, -3.9649184, -14.954261, -4.1935654, 5.206905]
[3.491744, 3.708491, 3.5851412, -3.9925523, 3.5550535, 5.0621247, 4.581173]
[-3.9940298, 5.01265, 3.9648266, -3.9648266, -3.9653802, 3.8382154, -3.970323]
[4.111377, 5.1852026, -3.9679549, 3.965168, -3.9648712, -4.519251, 3.968534]
[-3.9650228, 5.1254377, -3.9855325, -3.9751651, 4.3809433, 152.46898, 3.5916164]
[3.5642893, 3.9744263, 3.6595383, 4.371893, -3.965246, 3.9648266, 3.7112658]
[4.4197154, 4.7666864, 5.9264603, 4.1402087, 4.402889, 3.9647906, 3.7509596]
[3.9797103, 5.2060666, 3.9582114, 4.2722044, -3.9657385, 3.7474482, -3.9682364]

[-3.9648948, -3.8446047, 5.169866, -4.446637]
[4.357704, 4.8678694, 4.744249, -3.9704432]
[5.0673227, 3.4950979, -4.363777, 3.9650426]
[4.649556, 4.5761023, 4.08219, 4.8820457]
[4.0507736, 3.5403159, 17.32092, -4.2322164]
[3.646222, 10.132646, -9.459719, 4.1782336]
[3.9648266, -3.966316, 4.559138, 4.8134575]

 

Accuracy: 4.624277%