Final Weight Matrix:
[6.090222, 5.5836315, 5.9316044, 5.583617, 6.834083, 5.6302147, 6.0480547, 5.793555, 5.668792, 5.8127375]
[5.587742, 6.774701, 5.595065, 5.9853797, 13.93659, 6.772409, 5.6022406, 6.0426764, 6.1043754, 6.586042]
[5.5960894, 9.032578, 5.590855, 12.7718115, 5.9174337, 5.8700223, 5.824035, 6.28133, 5.9024, 6.358816]
[39.760048, 5.986654, 6.837746, 5.7552814, 5.9022794, 5.5862813, 5.6154385, 6.101684, 12.784456, 6.3455486]
[6.1327386, 5.765943, 8.1202755, 6.3453975, 5.957198, 7.2781763, 5.591547, 5.667294, 6.676371, 6.11347]
[5.5820312, 20.899563, 5.7631087, 10.480027, 5.6733847, 6.018059, 5.696679, 5.969156, 5.5839353, 5.66209]
[5.597068, 5.6037354, 13.709508, 6.1805964, 5.6450152, 5.984493, 6.1472425, 6.0038004, 6.328043, 6.663393]
[5.6174912, 5.58791, 5.6438737, 5.954601, 6.2502146, 6.802716, 5.581891, 6.8644776, 6.0388765, 8.867795]
[5.6957006, 6.4931464, 5.6524224, 5.8674326, 6.2049856, 5.581987, 6.078244, 13.4616165, 6.0844707, 6.130639]

[5.8355236, 5.594511, 6.0907865, 21.333225, 6.618005, 17.387585, 5.9869347]
[5.7099166, 5.6945724, 7.414924, 5.7305202, 10.784803, 12.153034, 5.8559604]
[5.6034594, 5.7027016, 5.6667576, 6.4796734, 5.7585473, 5.9806623, 6.344473]
[6.4489083, 5.948208, 5.7187357, 6.233885, 5.996825, 5.9148126, 6.602159]
[6.9882894, 5.634968, 5.826565, 5.585825, 5.997832, 6.6538324, 6.334996]
[6.121249, 5.8744235, 5.6156187, 5.5838885, 5.596678, 17.577938, 5.585312]
[5.582167, 11.539734, 5.6882606, 5.9237146, 6.75514, 8.227216, 28.387901]
[12.858876, 5.6041102, 5.871841, 5.585126, 5.845639, 27.34863, 15.214567]
[6.8167853, 203.53088, 5.71179, 6.661694, 10.293383, 16.045452, 12.980191]
[5.9442286, 6.053321, 5.793603, 5.6000876, 6.261615, 5.7098165, 5.7379503]

[5.5916424, 5.687446, 5.6261883, 8.455058, 5.5822773, 6.657888, 6.3352056, 5.860626, 6.2605934, 5.7992992]
[5.9113336, 5.611311, 5.588752, 5.69354, 6.7483516, 6.5633297, 6.509548, 6.2893405, 6.7206683, 6.601444]
[5.6196947, 6.461592, 5.655253, 5.789981, 5.9302936, 5.659708, 6.136491, 5.60982, 5.6486983, 8.747551]
[5.6353974, 6.3755655, 5.7163506, 64.93306, 7.407832, 6.0659966, 6.771081, 5.6665616, 5.5965433, 5.900855]
[5.884216, 6.719494, 56.76849, 5.582671, 5.800724, 6.324206, 5.792802, 6.555446, 6.7726502, 5.5829687]
[6.5319877, 39.382812, 5.8299437, 5.8403554, 5.657994, 6.25646, 5.7085023, 6.245413, 6.612425, 8.763042]
[5.6781397, 6.7157125, 5.6937356, 6.252196, 5.678102, 5.697648, 6.0049796, 6.270909, 6.012052, 6.2499905]

 

Average Error: 2.6190476