Final Weight Matrix:
[5.104917, 5.3350925, 3.8923686, -4.25637, 4.008881, -3.8603897, 4.4843497, 4.484542, -4.266149, 4.797734]
[4.6924934, 3.9098506, 5.282367, 4.839167, 5.262416, 4.0111804, 3.9514277, 4.924464, 3.9212058, 5.102525]
[-3.9008796, 4.6626225, 5.1824822, 4.7219553, 4.5544786, 3.8458147, -3.8455837, 4.1125255, 4.49429, 38.627674]
[4.7537847, 4.7893696, 5.556372, 3.8613813, 4.087261, 4.13207, -3.8385355, 3.8370745, 4.829269, 4.4680495]
[-3.8477015, 5.0094104, 4.0996084, 3.9962816, 5.342809, 3.8295152, 3.921139, 4.5478954, 5.510709, 3.8425136]
[4.560358, -9.901521, 4.6783156, -3.8495584, 4.1482544, 4.158076, 4.562333, 3.9705894, 4.337693, 4.823544]

[4.5218353, 4.7466674, -4.76574, -3.8611765, -5.8166018, 5.011979, -3.8603034]
[-7.2301807, 4.5580673, -4.060488, -7.2290034, 4.7978, 4.838472, -5.0705075]
[4.2373147, -4.337523, -3.8451602, 5.1783705, 4.3523364, -3.8523343, 5.3357253]
[4.1006975, 4.1573358, -3.8795204, -5.882549, 4.024611, 4.829746, 3.889713]
[-4.397509, -3.8585675, 5.091389, -3.9010534, -6.9311476, 3.845381, 3.9218438]
[4.442556, -3.8571916, -3.8533666, 4.4293857, -3.8441117, -3.85339, 5.1139016]
[3.8382387, 4.5130177, 4.8392262, 4.797465, -4.0582814, 4.6261716, 3.8372264]
[4.3962307, -3.84684, 5.2848325, -4.9468703, 4.6900597, -3.847318, 4.731254]
[4.301663, 4.5544724, 4.3876843, 4.833195, -3.840333, 3.9622078, -3.84748]
[5.429464, 5.0576963, 4.9813647, 4.291095, -4.4425435, 4.493533, -4.415421]

[3.8338428, 5.0098896, 5.655255, 4.77466]
[5.56877, 4.7068553, 4.557724, 3.9416022]
[-3.835363, -3.862056, -3.8437808, -7.0170517]
[4.4869685, 5.485083, 5.0037484, 3.8373327]
[5.0116177, 5.4578114, 5.379449, -3.8578806]
[4.0213685, 3.9871106, 4.4614096, 4.1717877]
[4.8043146, -3.8535838, 4.2974925, 5.4140515]

 

Accuracy: 3.468208%