Final Weight Matrix:
[585.43195, 1513.9567, 642.23315, -273.8048, 6451.314, 856.4325, 3417.537, 2311.5247, -359.0471, -2695.0022]
[11724.955, -265.8059, -2120.6523, 605.12286, -247.23456, -96.887985, -310.5692, -1121.9747, -2357.1978, -619.1809]
[-482.01398, -273.6319, -598.7278, 553.4613, 189605.28, -920.5682, -114.414345, 696.41144, -267.89856, 568.319]
[-471.51587, 1616.9385, -5805.265, 770.01514, -415.12662, -1660.3263, 12171.347, -343.62436, 1117.8875, -278.5185]
[-676.398, 642.4049, -264.41748, -1435.8525, 1005.8578, -171.09682, 8520.9375, 1312.7979, 3862.594, -155.7816]
[1237.9408, -522.29596, 600.52423, -369.76727, 1093.8447, -1307.158, -129.73222, 1258.1171, 2776.9307, -561.5825]
[-475.74957, -571.9615, 693.0503, 529.7533, 564.115, 715.41693, 651.3619, 879.9368, -1018.946, -1829.342]
[-917.509, 683.2321, 696.5427, 1267.3138, 1158.2678, 1092.4486, 1631.4664, 1337.5006, -781.7749, 531.3777]
[-4376.826, -253.05603, 1372.9229, -222.93599, -357.66986, 3789.434, 5099.932, 3784.866, -677.8246, 548.7197]

[565.418, -1536.5073, 1112.4475, 4021.0237, 716.77905, -324.3792, -5306.9927]
[-5434.4453, 575.0294, -3327.8271, -290.42743, -581.55316, -144.73111, -4305.514]
[-2967.7646, -511.84027, 2224.3105, 1075.9001, 1160.6553, 7745.6157, 2677.0798]
[6933.5293, -98.21242, 703.10004, 642.3339, -90.9946, -433.76678, -306.38397]
[-1385.1196, -116.35148, 1654.9886, 2278.7698, 3540.8914, 5068.725, -195.5575]
[-2663.992, 652.35724, -413.9842, -676.7002, -65.71916, 581.0845, 4597.6597]
[-72.92296, -450.87717, -146.7765, 543.8023, -1037.9006, -82.214294, -1950.0807]
[1133.623, 680.64, -3522.553, -68.64372, -363.54282, 554.4427, -13128.929]
[753.94507, 726.2934, 2359.9592, 628.33264, -261.2762, -518.9467, 3825.891]
[-568.15155, 761.2593, 1311.221, 1654.8419, 3399.4119, -411.74982, 6569.011]

[551.6245, 553.3186, -86.35011, 630.6735, -294.72092, -71.92648, -456.99396, 526.13794, -2287.886, -72.042046]
[533.4979, -495.7162, -7094.9097, 561.8737, -80.13247, -420.62527, 511.92557, 2653.8457, 2120.9014, -234.88773]
[-74.60339, 840.49146, 951.33344, 1521.0508, 1368.1069, 1925.7463, 542.2867, -253.08073, 741.4437, -84.83362]
[516.47797, -1090.2201, -129.32335, -971.0918, 4419.9473, -720.51373, 593.9584, -8333.086, -503.47424, 725.0728]
[832.81323, -302.23242, 603.9075, 734.6219, -442.78787, -791.88605, -1524.2775, -14974.051, -527.04596, -16465.682]
[-307.05704, -17913.977, -233.0696, 798.8885, 3566.5964, -3076.8164, -71.41757, 757.1848, -2698.1934, 629.1734]
[627.43524, 667.4938, 1296.5211, 1109.9519, -2650.6487, -641.55084, 1161.6699, 926.83276, -421.3869, -26551.342]

 

Average Error: 3.9047618