Final Weight Matrix:
[436.84586, -244.96106, -226.04836, -630.04553, -270.7001, 139.22995, -400.86365, 285.71948, -613.33704, 147.75116]
[-143.53629, -474.7143, -737.5673, -349.34567, 139.0733, -1029.8771, -535.814, 164.27246, 140.51515, 174.61945]
[-178.35794, -154.3381, -189.51321, -284.57556, -189.03508, -572.71185, -621.90497, -723.03754, 226.77745, -143.42476]
[-513.4673, -724.59625, -797.55066, -148.29135, 246.5764, -585.6387, 285.21063, -648.5239, -179.54439, -728.45905]
[250.28618, 685.36646, -154.9531, -262.15906, 274.5603, -396.3701, -178.39774, -387.43408, -657.02136, -181.12054]
[547.893, 204.02711, -284.36554, -836.6929, -416.63007, -175.55798, -788.9887, 254.62772, -296.6677, 223.36253]
[-348.24982, -229.23802, -385.43405, -493.11682, 373.93118, 339.8569, -582.1506, -337.13815, -226.96445, -769.70416]
[-475.00067, 145.4423, -496.6949, -374.97162, -2215.9248, -2211.6394, 897.0456, 661.87683, -238.22227, -230.1489]
[-826.49426, 142.90347, -149.48729, 336.45865, 201.47948, -741.51306, -176.31853, 1064.5269, -146.78409, -287.49033]

[-667.7726, -357.1259, -198.94197, -794.5165, -200.35828, -779.0725, -196.47119]
[-264.58954, 358.81763, -143.54413, -537.6755, -163.52896, -327.7116, 1919.364]
[-424.89386, -140.44653, 2625.2488, -369.02722, 148.3592, 4108.4155, -182.7436]
[-300.02228, -555.25604, -276.67133, -1848.0309, -830.6399, -178.01282, -580.2889]
[-194.94739, 328.14536, -375.08923, -370.34686, 435.66663, -386.55655, -603.5407]
[-169.72052, -206.89925, -712.6627, -568.5621, 203.57477, -243.7376, -192.51785]
[-142.79128, -786.82855, -266.49152, -773.3513, 705.0892, 253.50887, 1845.8242]
[139.533, -384.28442, -235.04071, -291.54663, -253.41391, -154.02373, -139.67036]
[-569.56305, -165.94688, 182.27826, -391.72244, 143.73203, -375.45047, -592.4481]
[-438.33502, 715.4308, -423.45227, -557.874, 296.10614, -320.16003, 318.18594]

[-178734.62, -309.4706, -331.22256, -141.9348, 446.84027, -433.5578, -440.11258, -224.94133, -160.98871, -199.05731]
[201.66547, -261.04947, 958.75464, -416.56128, 142.70035, -140.17935, 630.04376, -422.58533, -849.17944, -580.5192]
[-440.60916, -143.75603, -203.16402, -644.80566, 272.80276, -166.20096, -575.99365, -209.61258, -221.41858, -201.12009]
[-143.50291, -646.4732, -154.98087, -158.43213, -292.27368, -581.4975, -1782.4489, -332.37195, 282.62515, -227.93552]
[-697.06683, -192.52869, 178.89334, -650.65485, -566.9595, 465.16235, 142.82043, -716.01373, 161.27472, -422.68784]
[-311.23456, -836.6706, 234.77203, -725.25757, -10114.399, 488.03668, -360.6195, -139.40665, -253.6846, -225.36426]
[-458.7011, -867.07904, -528.98364, -271.84717, 909.9695, -185.05186, 145.71425, -391.9476, -159.82271, -262.72787]

 

Average Error: 0.42857143