Final Weight Matrix:
[2.5465648, 3.857104, 1.7728506, 3.581851, 2.7655716, 2.2388654, 4.9187756, 4.374952, 4.145781, 2.536468]
[2.0820107, 4.719395, 2.8705235, 4.812094, 1.7215452, 1.9729005, 5.0278277, 4.5617385, 4.9617915, 2.8930964]
[1.9361811, 1.7915518, 1.722762, 2.0586183, 2.5648217, 2.7671432, 4.534724, 3.261071, 3.9215884, 2.2191966]
[2.2153358, 3.6863823, 4.4813147, 3.6144955, 2.6975105, 3.7027025, 3.7448611, 1.7205353, 4.95292, 3.1050754]
[2.1304657, 4.1657987, 2.0696712, 2.5781147, 1.8297775, 3.7821007, 1.7240222, 1.7433987, 3.57634, 2.917464]
[3.0499165, 1.7502103, 2.1342335, 1.812976, 2.9851418, 4.1951776, 4.3088474, 4.4314656, 3.9525483, 3.140154]
[1.7655038, 3.150439, 1.9338167, 4.244341, 4.3500323, 3.0447664, 2.9410417, 4.261346, 1.7835655, 3.618153]
[5.1500487, 1.8252921, 3.4078708, 3.3706756, 1.7425281, 4.0860667, 4.456826, 2.127695, 3.5687082, 4.6057096]
[2.0854514, 3.6013672, 2.0884638, 4.9680653, 1.7895463, 3.4045415, 2.1184545, 2.377909, 4.8806834, 2.0346746]

[1.8224732, 2.450298, 1.7612642, 2.7368731, 4.2125893, 2.0829184, 1.8898275]
[1.8166056, 4.1204367, 2.9661293, 3.058759, 4.590642, 2.5823145, 2.0074186]
[2.5051816, 1.9237964, 2.0986645, 5.1641917, 5.3728194, 4.346921, 3.9997044]
[3.2164886, 3.594289, 2.913161, 3.3170307, 3.940909, 2.6651082, 2.1965294]
[2.2788162, 3.2452238, 2.5515482, 2.7529116, 3.7693577, 4.194886, 1.8538103]
[3.034194, 1.7884735, 1.9204377, 4.6862674, 4.613245, 3.2734628, 2.5775077]
[2.13312, 3.121403, 3.5284886, 4.0533504, 1.722009, 4.1393895, 2.176297]
[1.8303547, 2.8795323, 2.3873332, 3.9912984, 2.3258007, 1.8852407, 2.6178694]
[3.220324, 2.4676654, 4.6576853, 2.5032482, 3.722404, 3.1290722, 3.160378]
[3.9533792, 1.9340174, 5.0965543, 1.8792955, 3.5689023, 1.9789878, 4.541407]

[2.5198202, 1.9424808, 4.0136695, 2.5578766, 2.2426007, -16.909372, 3.189029, 4.5248485, 2.1162186, 2.034683]
[3.1925857, 2.9030883, 1.9959291, 3.0393143, 2.5502787, 4.8762126, 2.5279043, 2.2732422, 4.933834, 5.136818]
[2.797247, 1.8658447, 3.0459452, 1.7244056, 2.523585, 4.433758, 2.830066, 3.2635643, 2.6759818, 5.103781]
[3.3520231, 1.9639212, 1.9792678, 2.2071664, 4.6799965, 2.4645057, 3.4121609, 4.9490066, 2.0084982, 2.580791]
[4.239825, 2.3663874, 4.5377464, 1.9019667, 1.7345463, 1.9628783, 5.83061, 4.797965, 1.8434633, 4.9274583]
[4.4433837, 2.6120882, 3.184556, 4.5292015, 3.1981606, 1.8469826, 1.7845764, 1.7223595, 3.8263245, 3.676206]
[1.9973642, 4.748022, 1.7329829, 2.8641646, 2.663982, 4.740075, 1.9292034, 3.9739928, 4.502901, 1.8682507]

 

Average Error: 0.77437866