Final Weight Matrix:
[8.782555, 7.6781373, 7.8442206, 8.50176, 8.489613, 8.889258, 7.905525, 8.22931, 7.6656346, 9.116027]
[7.6901813, 7.939745, 8.075464, 8.818183, 7.660729, 7.662419, 8.5084095, 7.7649803, 7.677209, 8.720817]
[8.229653, 7.701317, 7.8425884, 8.468135, 8.183513, 8.212115, 8.089659, 8.998443, 7.6605754, 7.701664]
[7.868185, 7.735302, 8.691843, 8.124264, 9.023452, 7.9195294, 8.670619, 8.06991, 8.792033, 8.458366]
[9.096759, 8.881168, 8.274232, 8.005108, 8.7589035, 8.873432, 8.099054, 7.688237, 8.043175, 8.54689]
[8.884592, 8.93231, 9.042451, 8.539402, 8.487947, 7.7816043, 7.862157, 8.553161, 7.8761797, 7.6636453]

[8.021803, 8.736109, 8.222621, 7.736065, 8.783998, 8.032355, 7.676368]
[8.394953, 8.085716, 8.14533, 7.8223743, 8.323647, 8.836942, 7.710101]
[7.7340307, 7.8332386, 7.955022, 8.4839525, 9.076514, 7.919868, 9.126031]
[8.787074, 7.690343, 9.10222, 7.672668, 8.186146, 7.8641057, 8.401183]
[8.001123, 7.7628284, 8.494745, 8.48142, 8.534679, 8.6273365, 8.416744]
[9.077783, 8.18339, 7.806549, 7.7654996, 8.10027, 8.536127, 7.6674256]
[7.903498, 7.8934083, 7.674725, 8.334786, 7.8335056, 7.7608123, 7.711529]
[8.918825, 7.9293194, 8.857134, 8.346558, 7.687326, 9.011769, 8.758582]
[8.243532, 7.6727247, 7.83232, 7.7255435, 8.485487, 7.7246547, 8.397909]
[7.682119, 7.8119874, 7.781305, 7.9315166, 8.112818, 7.892153, 7.813651]

[7.9208126, 7.739344, 7.7160873, 8.801938]
[8.464636, 8.673971, 8.235132, 7.873395]
[8.114155, 7.8558745, 7.8057265, 8.397731]
[8.236898, 7.666101, 8.682193, 8.471269]
[8.298468, 7.739873, 7.764036, 7.6824765]
[8.262972, 8.884876, 8.080326, 8.61881]
[8.455134, 8.837237, 7.6689663, 8.91679]

 

Accuracy: 3.468208%