Final Weight Matrix:
[725.6799, 1314.716, 2508.9373, 666.25555, 585.8889, 622.1297, -240.45163, -387.73108, 8547.441, -602.6197]
[-693.9307, -312.31268, 2207.4001, -12947.204, -180.46619, -1580.1144, -3460.2869, -581.43207, -158.23355, -1909.1731]
[-248.6938, 3229.2202, -150.95615, -188.8484, -150.83047, -176.76205, 2681.9763, -155.84961, -504.61917, -6127.5938]
[-706.5947, -140.97095, 1691.6011, -20852.318, 516.8722, -141.17915, 622.967, 640.18964, -388.29193, 589.8165]
[-303.77792, -141.32135, -557.9679, 1401.984, 30679.822, -236.84656, 686.1784, 1412.909, 3853.9177, -146.74423]
[-21101.967, 645.4389, -1254.9714, -145.98871, -566.6269, 1248.6776, -272.95264, 636.05334, 959.1828, -227.63997]
[2005.1465, 782.6983, -203.71733, 662.3213, 1798.0281, -142.68164, -235.98404, 557.0721, 739.17, 545.54504]
[-425.1692, 1413.4664, 1034.6334, -192.46158, -156.10861, -148.94322, -432.77658, 756.3981, -1337.335, 552.90936]
[741.6937, -390.5991, -886.2246, -638.9804, -176.8325, 740.4571, 1368.5288, 5005.7725, -237.8353, -1115.4509]

[-350.13574, -252.62561, 500.96512, 4246.894, 702.61957, -1368.49, -2279.7717]
[-1751.425, -1230.5536, -5123.8135, 511.6311, 515.66895, 2865.83, -685.5169]
[906.11273, -1340.558, 1479.3749, -689.5757, -6016.7266, 1244.2322, -189.39864]
[-888.84106, -2090.0525, -418.94067, 642.7808, 8120.8364, -389.31763, -1167.3107]
[511.4081, -383.26117, -340.5715, -162.69771, -420.33807, -320.35138, 1070.5725]
[486.39362, -1247.0294, 2107.052, 1489.8495, 1844.6091, 609.8341, 1311.7281]
[-452.6151, 797.33386, -172.04784, -156.10365, 544.38916, -355.3007, -7513.4917]
[562.37744, -269.54962, -201.44322, -303.8983, 1405.6965, 611.43665, -200.853]
[736.9476, 1704.2092, 499.56772, 570.2479, 512.064, -208.29593, 1206.7628]
[2744.3347, -1067.8329, 2404.544, -393.9532, -146.48422, -616.8388, -4755.108]

[-187.36253, 10736.228, -482.349, -5769.0107, -415.2601, -326.79996, -1875.5309, -619.3249, -859.6283, 628.96936]
[-758.8714, 597.7511, 2316.0369, -321.31894, -8684.753, -148.95752, 802.29565, -146.6235, 574.8429, -1177.1007]
[1530.4749, -276.03894, -399.4787, 951.01056, -648.42816, 2569.2017, 498.21362, -2088.3838, -325.47275, -142.42786]
[1037.0319, 743.36633, -140.75024, -206.01999, 1032.2622, -361.59268, 476.35037, -140.85089, -1859.9397, -1049.866]
[-141.90369, 3019.3977, -7590.8594, 588.7905, 4813.2485, -7196.3306, 572.22363, -822.68304, -248.23784, -245.0381]
[-631.05237, -156.49406, 490.68167, -700.1108, -320.99567, -141.05902, 927.16895, -664.2713, -331.79276, 475.85507]
[-303.1037, 542.9202, -1290.9583, 476.84406, -528.1312, -142.77475, -296.42184, -611.4099, 1314.5111, 567.9319]

 

Average Error: 1.5714285