Final Weight Matrix:
[-5.014583, 4.9933386, 5.013959, 4.994537, 5.0031137, 5.012462, 5.010655, 5.0090976, 5.0057554, 5.003302]
[5.013863, 5.005366, 5.0451374, 5.037722, 5.014279, 4.993186, 4.99244, 5.0145197, 5.012738, 4.9985895]
[4.9957786, 4.9986405, 5.00103, -5.036454, 5.0104547, 5.0121274, -4.994949, 4.9955664, 5.013599, 5.011768]
[5.0005517, -46.321163, 5.022523, 5.0213666, 5.012434, 5.0129085, 5.0143714, 5.0352993, 5.030444, 5.042779]
[-5.01286, 5.0039296, 4.9969015, 5.020408, 5.0401497, 5.003082, 4.9922776, 4.998685, 5.014366, 4.9926686]
[5.0058217, 5.0100427, 4.9975567, 5.0140963, 5.0144777, 5.012616, 5.001469, -4.99795, 5.0272365, 4.996827]

[5.012873, 4.9940734, 5.012411, -5.0141187, -5.0133276, 5.0034285, 5.0145807]
[5.009781, 5.0140963, 4.993301, 4.9978495, 4.992181, 5.003292, 5.014572]
[-37.360416, 4.992108, 5.037714, 5.012926, 5.0050364, 5.0027657, 5.049137]
[4.998418, 5.013598, 5.0145316, 5.0135407, 4.9959884, 5.014375, 4.993924]
[4.9930544, 5.014406, 5.012739, 4.994357, 5.0427685, 5.014518, 4.9994345]
[5.0172973, 5.014592, 4.9924564, 5.006375, 5.0145874, 4.9987164, 5.0099416]
[4.999215, 5.0133605, 5.004537, 4.99216, 4.9922132, -5.014385, 5.014539]
[5.047643, 5.0110507, 5.006128, -5.0432086, 5.012515, 5.029352, -5.0311565]
[4.9939904, 4.995764, 5.029467, 5.043477, 4.9930973, 5.0145493, 5.0144515]
[5.007946, 4.9920692, 4.993642, 5.0144677, 5.006553, 5.011569, 4.9938693]

[4.9951916, 5.0046487, 4.9920588, 5.0337114]
[4.994182, 5.01449, 5.009094, 5.0479846]
[4.9936824, 4.9942484, 4.995577, 5.047719]
[4.997016, 4.993922, 5.014588, 5.0137987]
[5.0055804, 5.014486, 5.0113063, -5.010217]
[4.9932027, -5.0124397, 5.014136, 5.036634]
[5.0124226, 5.011856, 4.9938564, 5.0132856]

 

Accuracy: 5.202312%