Final Weight Matrix:
[5.6361165, 5.410232, 6.1215215, 7.96188, 6.2701936, 5.05618, 4.7519455, 6.3831215, 5.227157, 6.1380396]
[5.482061, 5.661393, 4.7488184, 4.8401465, 5.0473757, 4.86762, 4.813094, 5.2106404, 5.4115114, 5.8237886]
[5.5183506, 4.9041443, 4.7624235, 4.817827, 4.840044, 5.5323415, 5.797613, 4.9877357, 5.3481503, 5.1838875]
[4.8501678, 5.329688, 6.019973, 5.4507785, 4.800963, 6.2030096, 5.2872586, 4.7685905, 5.34496, 5.085823]
[4.748165, 5.437078, 19.035585, 5.2922683, 13.757085, 5.020501, 6.219336, 4.7836237, 5.3516555, 5.9283414]
[4.9176774, 4.752952, 5.3603053, 4.7620625, 4.8624263, 4.748757, 5.6906805, 4.9498215, 5.150475, 4.8009057]
[5.422246, 5.5801625, 4.755131, 6.050704, 5.8669095, 4.748796, 4.8393335, 17.526028, 6.0254984, 4.901219]
[6.3040104, 4.748598, 5.435882, 5.369797, 4.7707644, 4.870783, 5.4387765, 5.054221, 5.506444, 4.8106356]
[6.43866, 6.430065, 5.277379, 4.933034, 5.556132, 5.283047, 5.285139, 4.7562747, 6.066096, 4.769637]

[5.7850666, 60.833298, 4.8477125, 4.8226085, 5.0350947, 5.317496, 5.1475334]
[5.476742, 6.2390213, 4.9508266, 6.0572853, 5.1391563, 5.269099, 5.5437107]
[16.259869, 6.295142, 4.791052, 4.795085, 5.996715, 8.125324, 4.852072]
[4.879627, 5.11445, 4.8866215, 4.7612305, 5.1468043, 4.793623, 5.0292606]
[5.271926, 6.3956847, 4.8748903, 4.7527213, 5.4250674, 5.0647364, 5.351459]
[5.207945, 5.7079086, 5.6107674, 5.382016, 11.494313, 5.628254, 5.659764]
[4.9263177, 16.63466, 5.1277475, 5.77386, 5.083704, 51.24079, 4.758394]
[4.748564, 5.6718106, 4.803552, 6.3026333, 4.957116, 4.751864, 5.6457763]
[5.45244, 4.7675123, 4.7488055, 6.9593954, 4.748767, 6.449704, 4.8685427]
[5.204257, 4.860154, 5.3497148, 5.3911867, 5.2154326, 4.7718544, 5.74617]

[4.754771, 5.1197815, 4.8485646, 4.9460707, 5.2141013, 5.15683, 6.4059343, 6.218671, 5.3421793, 5.4784756]
[4.765066, 5.4279566, 5.2690034, 36.85471, 6.047516, 4.79473, 5.6750293, 5.41107, 5.404065, 5.195775]
[5.3537865, 4.749378, 4.8505635, 4.8587413, 6.4017773, 5.625583, 4.751475, 4.7535634, 5.7495494, 5.7963624]
[5.9220905, 4.8792677, 5.4793324, 4.8086224, 5.2356086, 4.887533, 4.9965334, 4.8853326, 5.4866166, 4.7507796]
[4.9703207, 6.18542, 6.478019, 4.855632, 6.015115, 5.1108704, 24.4507, 6.0659122, 5.7025003, 5.7570167]
[4.8985014, 7.403141, 4.86653, 5.608173, 6.053391, 5.048373, 6.020595, 4.7714663, 5.1751432, 5.9749117]
[4.7763095, 4.7595944, 4.7509847, 11.319039, 5.805319, 4.7480946, 4.7717648, 6.3827243, 5.422714, 5.6537786]

 

Average Error: 4.4761906