Final Weight Matrix:
[-40.316055, 5.1400423, 5.5570827, 4.0935087, 6.3132367, -4.5204916, -8.1619, 4.0279303, 5.002223, 4.431567]
[4.138917, 4.781783, 4.68336, 4.0416236, -7.645336, 4.332715, -5.277059, -7.8231373, 4.633805, 4.0373206]
[-10.791119, 7.364203, 4.0155697, 5.1817074, 5.1327744, 11.14181, -4.6369505, 4.31334, -4.318796, 4.1502357]
[-7.566747, 4.711381, 4.0134916, 8.765688, 4.0549946, 4.7920885, 4.301182, 97.18359, -4.511447, 4.1270623]
[-10.364762, 4.4515247, 4.6580086, 4.5515656, 4.916188, 13.672288, 4.4618874, 4.0161595, 6.8938627, 4.1931295]
[5.2067122, 5.0776973, 7.0552435, -4.035283, 4.2837415, 4.044711, 4.330872, 4.1642494, 4.042717, 4.4372315]

[4.0186596, -4.021732, 4.415822, 4.0125833, 4.313224, 4.965404, 4.495483]
[4.412476, 4.0810204, 4.181422, 5.1154838, -6.894141, 5.015163, 4.4677]
[-6.8172917, 35.16255, 4.0122223, 4.0449924, 4.6745763, 5.0787697, 5.13584]
[5.1587505, 4.733208, 9.146249, 4.5505795, 4.431676, 4.4638634, -4.0708747]
[27.856642, 4.1563506, 4.646321, -6.9363527, 4.217201, 4.8153667, -4.710161]
[-4.0173335, -4.1254306, 5.2796736, -10.767174, 4.011413, 4.0138006, 4.297576]
[5.0587907, 4.0762086, -5.413935, 4.3713584, 16.250729, 4.697951, 12.972002]
[4.0116606, 4.7552447, 11.412101, 7.8818307, -453.13553, -30.227755, 43.54111]
[-19.351494, 4.3875017, 4.045728, -9.34572, -4.0588984, 4.0165873, 4.1888537]
[4.0568776, 4.0422144, -4.685571, 4.4606094, -4.7127395, 4.042974, 4.6635623]

[4.712198, -4.4970784, 4.610665, 4.231522]
[6.741935, 4.011531, 4.0117774, 71.54984]
[-57.472824, -4.736111, 4.387438, 5.2689977]
[-6.532125, 4.1066375, 4.3507485, 4.4734917]
[4.0320044, -14.679692, 4.344356, 4.685361]
[4.5727115, 4.7045197, 4.2793016, 5.1069446]
[22.21401, 4.0589437, 4.154634, -6.980502]

 

Accuracy: 4.624277%