Final Weight Matrix:
[4.0731463, 5.9269857, 5.470651, 3.7525783, 4.8949804, 4.901705, 4.7643037, 4.9847693, 5.4679475, 5.1392384]
[4.440297, 3.7103832, 6.1562653, 5.087734, 4.657915, 5.1442914, 5.5024247, 5.629543, 5.6006985, 3.7545047]
[3.8322477, 4.8692803, 5.753042, 4.078673, 5.0990257, 3.714936, 3.8024473, 5.356222, 6.1351504, 4.6010313]
[4.669613, 3.8126101, 4.1593947, 3.8888466, 4.2429657, 5.418723, 4.5886335, 6.0477424, 5.9717507, 5.2622337]
[4.5881324, 4.0846562, 5.6988683, 5.0002785, 4.9781604, 5.5342717, 4.0448375, 4.5618424, 4.9377966, 4.0439434]
[3.7149227, 5.8742595, 4.2908463, 5.6264625, 5.894313, 4.448282, 3.7116022, 3.7106311, 4.4483047, 3.7531896]

[4.044691, 4.617837, 4.7772183, 3.7119672, 3.9236574, 5.8870444, 3.7166946]
[3.8645725, 4.819208, 5.250076, 3.7568727, 5.94998, 3.7105947, 3.8882947]
[3.7913187, 5.0956097, 4.3304605, 3.9600966, 3.755227, 3.9971378, 3.7110739]
[3.760084, 3.7195385, 4.2349687, 3.9451997, 4.42046, 5.64509, 6.1731086]
[5.121505, 4.8576736, 5.57982, 3.7275426, 5.8531365, 3.717335, 3.8240948]
[6.0787606, 4.1879663, 3.7620945, 3.8671591, 4.7085342, 4.605384, 3.9272516]
[4.3472104, 5.271405, 4.806077, 4.945144, 5.053715, 5.8219557, 4.122231]
[5.877223, 4.2455406, 5.352026, 3.9320972, 5.0379124, 3.7180624, 4.062063]
[4.5148773, 5.026685, 3.747216, 4.5477095, 4.435141, 3.7271037, 4.3983665]
[3.7269125, 4.8603907, 5.646875, 5.9612074, 5.0736375, 3.7509725, 6.158832]

[3.925573, 5.1660423, 4.606129, 4.226991]
[4.2506986, 4.6446524, 4.176273, 4.504032]
[3.9068158, 5.34145, 5.1010036, 4.451218]
[4.9461603, 4.7038636, 4.348369, 3.8794382]
[3.971552, 4.582274, 6.0573254, 4.298594]
[5.180436, 5.160983, 3.901817, 3.7897902]
[4.021693, 5.461644, 5.6977816, 5.6175227]

 

Accuracy: 23.699423%