Final Weight Matrix:
[-27.90045, -12.648653, -15.793972, -4.0682316, -8.398109, -27.354534, -12.388015, -60.794792, -21.385855, -1630.1738]
[-29.344994, -12.919026, -8.650818, -53.787983, -6.005171, -5.9671535, -43.01368, -99.63982, -16.396303, -28.482502]
[-7.460473, -19.599445, -78.368355, -101.244995, -12.921916, -6.9748325, -8.381123, -41.001442, -42.7511, -11.120939]
[-12.264186, -13.857036, -22.902256, -137.0389, -7.7579846, -5.2235737, -7757.5312, -76.95305, -14.571765, -23.551888]
[-7.6399813, -11.542211, -29.34354, -260.75418, -10.90428, -48.2654, -13.050506, -3.9654849, -175.4747, -29.28964]
[-22.665804, -11.96385, -20.151442, -4.559592, -11.249877, -52.917847, -10.0784025, -37.447, -60.461517, -5.208438]
[-71.0743, -9.975619, -4.100771, -10.586841, -4.806391, -48.7162, -17.178396, -5.7552266, -38.950336, -4.4049706]
[-47.344463, -88.2871, -21.380478, -5.752924, -16.20652, -4.3191133, -5.219593, -4.9649205, -10.948475, -403.33575]
[-10.099802, -7.907158, -5.682251, -4.0153646, -9.503896, -59.25, -10.920657, -20.961002, -47.45217, -13.847589]

[-24.165936, -13.0676365, -27.178228, -97.72948, -23.513151, -109.18544, -7.1196756]
[-4.2122164, -5.0329514, -31.450735, -6.4071474, -4.748036, -4.0114117, -23.743021]
[-69.51906, -18.214056, -6.908546, -17.794395, -18.960787, -22.944931, -865.3703]
[-12.036591, -199.18759, -20.277973, -63.300423, -11.249051, -11.701503, -23.321728]
[-4.059601, -16.736977, -29.064777, -4.115818, -9.43693, -13.343989, -8.421577]
[-5.504196, -7.4134364, -55.165894, -34.19166, -23.754473, -10.350947, -22.406878]
[-44.908756, -30.360847, -59.51252, -30.190447, -48.08641, -24.449512, -7.7698855]
[-7.5406876, -41.295887, -43.6351, -13.311721, -6.517437, -6.3843746, -17.133257]
[-4.058431, -45.660465, -4.183379, -270.83612, -10.166775, -11.519774, -19.191605]
[-21.690453, -6.391633, -36.092937, -24.679285, -169.45978, -10.149305, -91.187996]

[-32.67525, -30.482718, -5.1097307, -12.812718, -7.11445, -74.39064, -4.448627, -9.292618, -21.484865, -25.138294]
[-19.595821, -8.669648, -13.618404, -71.23282, -4.95784, -23.812784, -43.25159, -6.25209, -4.4414787, -28.643703]
[-6.359916, -13.240963, -9.3439455, -28.200773, -5.8461227, -4.107366, -134.68956, -20.262518, -18.589016, -130.062]
[-6.954267, -13.69422, -36.78341, -4.5621176, -34.67561, -19.453217, -16.867502, -11.178747, -29.163183, -4.627615]
[-5.5962386, -4.9798594, -91.16468, -7.196587, -8.760552, -9.612589, -15.610847, -16.110014, -6.80923, -31.659252]
[-5.615831, -6.5164657, -10.147528, -5.4339323, -225.33539, -16.312248, -8.2903595, -11.557925, -17.766207, -73.6078]
[-20.653826, -141.26588, -53.917152, -13.712848, -14.051856, -13.874157, -20.277203, -6.8474407, -26.281092, -14.569658]

 

Accuracy: Infinity%