Final Weight Matrix:
[0.52850604, 1.3457322, 0.6774026, 1.2262928, 4.9158583, 0.45326203, 1.2401366, 3.482615]
[4.891388, 1.7562959, 3.501628, 4.564528, 1.6985267, 1.822992, 0.010943413, 4.458368]
[0.91410786, 1.266655, 2.162657, 2.667132, 1.1370707, 4.909101, 0.47321647, 4.742281]
[2.1697826, 1.048891, 3.1432817, 4.3823733, 4.544488, 1.193834, 2.3546581, 1.404714]
[3.4546924, 3.7103071, 0.19018263, 4.1235156, 2.0766659, 0.67439765, 2.1841755, 3.1801314]
[2.070826, 1.8451315, 0.72877467, 1.8327558, 4.2258244, 2.9472134, 1.749687, 4.680226]
[3.8170614, 3.1944728, 0.7988265, 3.9635606, 1.1916155, 2.3159683, 0.5192882, 4.046472]
[1.336843, 1.8904072, 0.051544607, 3.6498804, 1.0419014, 0.942795, 2.553278, 0.52358806]
[0.600096, 3.9172695, 4.486489, 4.739528, 4.5332375, 4.9847374, 1.5253553, 2.8347933]
[3.3332472, 4.36172, 0.90064436, 2.9090312, 2.8253393, 2.8617835, 3.2183778, 3.1704168]
[4.153616, 4.2428756, 3.4721658, 2.648562, 4.0943303, 2.2880774, 3.2633882, 0.06332636]
[1.0130578, 0.71476996, 4.5077524, 1.508095, 1.2263137, 3.464546, 3.9501884, 1.4178056]

[-1.8604426, 1.2073343, 3.1381075, 2.6210778, 0.3482649, 4.871408, 2.6463726, 1.474178, 3.6882744, 4.6933136, 2.7147918, 3.2477288, 3.9940515, 0.47974432, 0.78154147, 2.6090875, 2.1381116, 1.4435744, 4.5902677, 0.5931721, 2.9488719, 2.6645997, 1.249162, 4.2676177, 4.3874936, 2.0250158, 3.4288914, 2.1886616, 2.8611367, 4.2162147, 3.9600055, 2.778991, 1.118504, 0.98756176, 1.3682458, 0.5813225, 4.6693945, 4.8404574, 3.4543476, 1.0652437, 0.6860883, 1.4006038, 1.0103972, 2.0432115, 2.6917784, 3.03919, 4.5655875, 2.7774482, 1.2534511, 3.0108435, 4.8686247, 0.7612491, 0.10952762, 3.0449584, 1.7402444, 4.8224697, 3.3838685, 3.8676994, 1.7994769, 3.8880596, 4.132499, 3.4431505, 4.9375157, 1.729777, 1.1127998, 3.4052963, 3.951202, 3.6170273, 1.8180382, 4.448895, 0.038233742, 3.8956614, 3.4100878, 3.7592769, 0.8643566, 0.46035317, 2.9315193, 4.3544526, 4.254372, 0.14787878, 0.82661146, 0.655072, 0.7794698, 1.7974243, 2.7011285, 2.56923, 2.322799, 2.8906336, 3.7521913, 0.64986235, 2.6358812, 1.7275492, 0.51406705, 1.7566888, 2.263713, 1.4354955, 4.432743, 2.5808218, 0.8984319, 2.3536017, 4.970016, 0.035533518, 4.9523425, 1.0591258, 4.362861, 3.0861583, 4.1015162, 2.5502772, 1.6275148, 0.92388964, 0.1514857, 1.720289, 2.1572728, 3.768214, 2.0604272, 3.4073277, 2.002797, 3.6622412, 2.4203916, 1.3630348, 4.310114, 1.0124772, 0.62956065, 4.654622, 1.1019001, 4.793966, 3.9325085, 4.2062564, 2.5482836, 3.8471332, 2.3659146, 3.467154, 0.819678, 3.5537612, 2.5087233, 4.467114, 1.6442586, 0.20417069, 0.6657655, 1.205183, 3.021255, 3.2436497, 1.8995086, 0.47490025, 0.5338607, 2.8875074, 4.666987, 4.936891, 4.07634, 4.0951376, 3.0334854, 3.2883496, 2.7311976, 3.0654423, 1.8622293, 3.660203, 1.829449, 4.3495674, 4.024729, 2.461547, 3.7348273, 1.5832781, -2.8424397, 1.7157736, -1.3025391, -1.3046496, 0.94074386, 1.354051, 0.39262143, -1.3851644, -1.1704335, -0.8357188, -1.9885249, 1.6477777, -1.3053857, 1.824254, -2.6615183, -1.9871186, -1.1133243, 2.020068, 1.3993905, 1.3445495, -0.22799763, -0.5505618, -1.7215097, 1.4733126, -0.93847007, 0.98878294, -0.08228228, 0.37599754, 0.4097697, -1.8454118, -1.8657478, -2.9397528, 2.2969167, -1.9174474, -0.070981026, 0.008455049, 0.19902489, 0.68969214, -1.834063, -0.38753185, -1.0671458, -1.6241668, -0.026173621, -1.3059092, 1.0102029, -1.799583, 0.6867113, 0.29915285, -2.55748, -0.352429, -0.49706826, -0.3162486, 1.5386932, 2.0733066, 1.4377096, -1.9011499, -1.1088215, -0.3539984, 0.37945095, -0.37171975, 1.1835612, -0.7163657, 1.2233292, -2.3129766, 1.3084226, -1.3642926, -0.39831737, -2.703233, 1.5602436, 0.8131224, -1.1205118, 1.9240848, -1.9971844, -0.7633686, -0.5311281, 0.82404625, -1.6623373, -2.200437, -1.2620897, 0.09942772, 1.3429024, -0.5614153, -1.1537031, -0.75223124, 1.5922856, 1.5005608, -1.2911938, -1.2167659, -0.60543865]
[-0.57751554, 1.6324016, 3.2276626, 4.950968, 3.0802062, 4.4885273, 3.305111, 2.78432, 4.8508086, 1.5565792, 0.875028, 1.1941888, 0.70559627, 3.2192981, 4.795799, 2.5565155, 2.1333234, 4.6854615, 4.720311, 3.640055, 1.3977182, 0.17312068, 3.2051601, 2.427298, 0.6191894, 4.304603, 2.9809835, 0.41159353, 2.5539463, 1.2019831, 1.8136971, 3.0738637, 4.247605, 1.7007654, 3.7072868, 2.9431257, 1.9669216, 0.89141774, 2.2382305, 2.1180794, 1.1679267, 3.9975986, 1.3122759, 2.8136282, 2.4592307, 0.39510792, 4.6908736, 1.7124797, 2.514346, 1.7572454, 2.1825607, 2.012077, 1.4423605, 1.7478379, 3.3979843, 2.9895065, 0.8111539, 1.2103595, 1.0601622, 3.6943867, 2.870521, 4.302653, 1.611593, 1.9323239, 4.1235, 3.518246, 1.9045027, 2.7102168, 3.1037116, 3.9895654, 3.7524915, 3.9934216, 2.9303296, 2.296244, 2.1584525, 0.24901706, 1.1768258, 4.9624653, 0.94513535, 3.0962207, 4.6798882, 0.8083368, 3.0296264, 4.5164604, 2.0891023, 1.0857621, 0.84399396, 3.9327, 0.84047025, 1.9715633, 0.20101422, 4.6092463, 4.7000456, 1.3475636, 3.0596206, 4.9507847, 3.3250496, 2.2754295, 4.5509405, 2.7973726, 3.1064243, 3.9777665, 2.5491164, 3.0819983, 1.1196961, 0.23739383, 0.8094681, 0.8774574, 2.3325632, 3.587592, 0.42333162, 0.019387374, 4.02174, 0.8938037, 3.9603324, 4.5840564, 0.52367973, 4.0609612, 4.186296, 3.851286, 3.4186893, 0.004049205, 2.9161522, 0.9641369, 0.88765836, 2.2371957, 3.0172582, 3.9176972, 0.19937328, 0.4372445, 4.571009, 2.1402647, 2.0415354, 3.8451896, 3.012135, 1.0710058, 2.003097, 3.1974387, 2.5945287, 0.07429454, 0.4640417, 3.052232, 2.2361321, 4.8645473, 1.0933267, 2.1299322, 0.35627243, 0.950805, 3.3794596, 1.3248726, 1.4409056, 3.8664768, 0.5352663, 4.139593, 0.39379665, 4.1246424, 4.3623443, 4.069484, 2.8097262, 4.924228, 4.3618703, 1.1119148, 1.0944424, 2.0975876, -0.40670034, -1.8575045, -1.1396229, -1.3232123, -0.8085311, -2.5156226, -2.2636402, -0.10131443, -2.7815197, -0.3107609, -0.23966102, -1.4685506, -2.4371185, 1.4441067, -0.46682188, 0.28263825, 1.8680735, -2.149543, 2.2814372, -0.6857066, 1.384247, 0.041518215, -0.5991638, -1.8858957, -1.0160725, 0.5195656, 0.74256134, -1.3630104, 1.414798, -2.2542384, 0.36049905, -0.9023951, -3.0657628, -2.629625, -0.49416536, 0.3293718, 1.3489733, 0.50888145, -0.81430274, -1.8617997, -1.1574556, 0.5044527, -2.244957, 1.2865217, -0.10454809, -1.9124787, -1.1976033, 0.7217527, -2.6277525, -2.1584177, 2.0433905, -1.6722326, -1.1117555, -0.9321279, -1.4657438, 1.0435127, 0.42520285, -1.982712, -3.0722115, 0.9175846, 0.2892562, 1.6049179, -0.04271049, -2.6432757, 1.2661701, 0.12624058, -0.86288786, 0.65720713, -0.038308453, -0.8202563, -1.5429915, -0.93013245, 0.32552356, -1.4658825, -1.1400629, 0.84993577, -0.2718552, 1.7169476, 0.93562895, -1.003657, -2.4538949, -0.94701797, -0.9859148, -1.0409929, -2.0975747, 1.9758257, 1.7822366]
[-0.11973226, 3.9072146, 0.78657126, 0.3621081, 3.2160583, 1.7946687, 2.5158954, 3.2806616, 2.6073914, 4.106982, 3.7861364, 0.8705999, 0.44273245, 0.36768058, 0.6999606, 2.0617535, 3.5982506, 3.289146, 3.0877492, 0.4865955, 1.8750125, 0.6696761, 0.11052411, 1.2038804, 0.7769006, 0.533012, 2.7532043, 4.64085, 1.8312471, 3.985281, 3.2612936, 0.10012567, 3.6120188, 0.54658085, 0.570391, 1.4546319, 4.030041, 1.2400689, 0.8055549, 1.8072721, 2.4672122, 0.5042802, 2.196522, 0.9650102, 4.406329, 0.6797788, 0.75348055, 0.42613095, 4.810504, 1.5878683, 3.531651, 4.336056, 0.8475022, 1.265924, 4.4613986, 1.1978883, 0.26120633, 1.0695939, 3.5932782, 4.8510633, 0.39449233, 4.812643, 4.492273, 2.1532397, 2.9169514, 0.64014953, 1.2295694, 4.6062737, 2.1222405, 3.774917, 1.9294406, 2.943904, 1.6606047, 0.88186014, 3.9555817, 3.9702582, 2.1456265, 2.4539433, 4.4655414, 1.907575, 4.218958, 0.5347434, 1.1994039, 4.63315, 0.1533259, 2.3495495, 1.865912, 0.96343476, 3.2356517, 2.5761397, 2.0246723, 1.6404614, 0.35529655, 2.266485, 2.1156397, 4.7799473, 3.018801, 1.8817632, 4.1138935, 0.28463805, 3.1139684, 0.81118447, 4.461315, 0.8288654, 3.4783998, 1.6815438, 1.3897091, 4.753704, 2.234998, 2.926252, 0.20917574, 0.33145604, 3.4069333, 2.9148984, 2.3258507, 2.4436471, 1.6204089, 3.1199553, 2.8325853, 1.8260396, 3.4581823, 1.9428494, 4.20639, 0.5966304, 4.00541, 1.091263, 1.2853045, 4.065819, 0.128371, 3.1495128, 1.2305936, 0.34807, 3.5534034, 0.70204586, 4.1698847, 3.2410014, 0.6052377, 3.3512948, 0.34246045, 2.5676608, 3.3581986, 0.13584536, 2.3029187, 1.0084862, 4.455931, 0.07424578, 4.003811, 0.038298868, 3.3698347, 0.51223487, 3.9181044, 4.7347336, 2.212684, 0.18718068, 3.1231692, 1.1850709, 3.7477646, 1.2145821, 4.4869943, 4.352923, 2.2250683, 4.5340443, -1.7935982, -0.4912026, 0.37186992, 1.1676066, -0.16721873, -1.7501069, -2.1771786, -0.12017024, 0.41623425, 0.36354318, 0.50105715, 1.1205738, -0.17446287, 0.07753058, -0.7888728, -0.4651728, 1.6722037, -1.5364887, -1.4191825, 0.72316754, -1.9120897, 0.22563238, -2.14929, 0.5102979, 1.3052484, -1.7598295, -2.2988117, 0.4580897, -0.9785985, -1.7059951, -0.6886963, 1.5830008, -1.802939, 0.9309472, -0.7722871, 1.4785533, 2.0750482, -1.6929668, -0.21104413, -0.45673645, -1.3511949, 0.47075444, 1.2834545, -1.5683196, -0.64066756, -2.4884741, -1.7784693, 0.22681925, 1.4873623, -0.45962635, -2.0862188, 0.23329368, -1.8912445, 0.039607603, -1.6384096, -0.81657606, 0.47101685, 1.7842953, 1.0123308, 0.67533517, 0.6172246, -0.4987355, -1.7624775, 0.2171254, -0.74556494, 0.4207214, -1.2493777, 1.5576531, 1.2722402, 0.90934765, -1.6297309, -0.71501875, -1.205459, -1.9680042, -0.3332849, -2.4665203, 0.96277577, -0.37004507, -1.6554725, -1.758047, 0.17974447, -0.03947816, 0.6577277, 0.40396443, -0.4141102, 2.0600533, 0.12812398, 1.675719, 1.0638415]
[1.2912968, 4.793723, 4.436044, 3.1715927, 2.2950153, 0.7337876, 2.828267, 1.9686577, 0.16060601, 1.7303299, 3.7539089, 1.8661945, 3.5164523, 2.674482, 1.9012686, 3.791253, 4.8229766, 4.1054826, 0.7519789, 3.3559086, 0.31147188, 3.723029, 0.06370287, 1.5885706, 2.1530595, 2.2157695, 1.8484124, 3.2385104, 0.55194575, 1.6606834, 4.8338637, 2.4009676, 4.000999, 4.2135925, 2.9054055, 2.6205277, 4.634803, 2.329277, 3.3553426, 4.9118834, 2.4883142, 0.34008807, 0.6767154, 2.9515045, 4.9351425, 1.3358445, 0.8783003, 3.1714807, 4.423631, 4.0331492, 1.2889745, 0.46892622, 4.7360883, 4.8059273, 1.2042263, 4.9211755, 2.7836888, 1.5506124, 2.7702577, 4.5108953, 3.6608179, 4.362459, 3.3163831, 4.4524317, 1.5284863, 4.4876137, 0.46018103, 4.93785, 0.3099544, 1.1753439, 3.1471093, 0.9586381, 2.2603312, 2.4142935, 2.9629104, 1.369283, 4.8864417, 1.2223387, 3.6505265, 3.3846843, 4.2920337, 0.86222225, 2.2206118, 0.75298274, 4.8275957, 3.8877022, 0.13550961, 1.6761419, 3.4731832, 3.0781703, 4.185306, 0.017703928, 0.08892524, 3.6229265, 1.1325802, 2.1478956, 4.745987, 2.2598329, 1.5153527, 2.2399046, 1.557055, 4.6884484, 2.8705575, 1.4196339, 3.7592607, 4.499518, 1.6847005, 2.7618206, 1.2282097, 1.9314215, 2.8547776, 3.9886618, 4.0380793, 1.2860364, 2.9476824, 1.1830021, 1.1940914, 1.1360779, 4.8922095, 3.0539527, 3.132485, 4.196855, 1.5683016, 1.0149696, 0.20121846, 0.71987253, 4.361221, 2.6426818, 3.9022915, 3.3885312, 1.8836483, 1.0449306, 1.5201449, 2.5005107, 3.5028677, 1.4462919, 0.5954249, 0.5728543, 0.788441, 1.1264548, 4.121648, 2.7412682, 1.9560283, 0.011645528, 3.6263187, 1.4607766, 0.42092228, 0.23642687, 0.7419406, 0.9773688, 2.8354573, 3.119122, 2.093428, 2.038137, 1.9653835, 1.0649089, 1.1930149, 2.9396439, 4.170483, 3.217066, 3.844699, 2.6341455, 1.5687124, 0.5472636, -0.62403935, -1.8696971, 1.9594972, 0.30815932, 0.98486525, 0.512415, -0.83303976, -0.07356253, 0.030568942, -2.887821, -2.5505376, 0.23690508, 1.4106811, -1.6016766, -1.4604732, -2.0804913, -1.4811928, -2.4265573, 1.0083991, -1.3459543, -0.26069266, 0.81130284, 1.8440593, 1.281126, -0.8472238, -1.4262882, -0.8988478, 2.7937374, -0.14542307, -1.6929108, 0.013254153, -1.3206575, 1.4534788, -2.789277, -2.5168436, -1.0287298, 1.4918342, -2.1831162, 0.11516532, 0.77450776, 0.43655804, -0.23575208, 0.13430604, 1.5404183, -2.2813556, -0.40152788, -1.0862765, -1.0802754, 0.2708198, 1.598217, -2.7108266, 0.57120633, -1.431589, 0.0023443669, 0.8489727, 0.025432121, 1.3883317, -0.41189483, -1.2884191, -1.487931, -1.1673266, -1.8688259, 1.7713923, 0.8995795, 0.8419166, -0.13185178, 0.28988272, -0.27796778, -0.84541136, -0.48295274, 0.91516215, 1.4875948, -1.9516882, -0.5383866, 0.44215587, 0.6990178, -1.5672071, -0.916014, 1.0977881, 1.9373419, 1.3512101, -2.066126, -0.6548003, -0.9160586, -1.8182065, 1.4010291, -0.06451507]
[-1.3435705, 1.4415829, 4.6221943, 3.9725344, 2.1487815, 0.04941126, 2.279248, 3.6471107, 2.009043, 0.8311672, 2.425281, 4.182546, 4.6643524, 4.4259877, 1.6758919, 4.264218, 0.5099696, 1.8646432, 2.380895, 2.8815494, 1.9984801, 2.6253192, 1.4146369, 0.7194361, 4.3219504, 3.8225367, 4.544669, 0.42833176, 3.8395689, 2.5196218, 4.925877, 3.8462207, 2.6553214, 2.9605381, 2.5267444, 2.1915798, 2.3571038, 2.6500032, 0.9678438, 1.8067807, 2.2359574, 0.07346096, 2.4670908, 3.6927438, 1.2569742, 0.32836053, 1.1706952, 4.3171787, 4.3657327, 0.66338974, 0.44158018, 2.715433, 0.4648574, 4.5367827, 2.0960095, 1.4424226, 3.5191603, 1.2505436, 2.90327, 0.7189477, 1.8254629, 2.9414103, 2.3820434, 4.8063693, 1.876858, 0.86974245, 1.7562774, 1.0417401, 3.3248134, 3.8282802, 3.2667847, 0.7882019, 0.20100701, 0.52234477, 0.28823233, 1.1310167, 0.5204941, 1.0016778, 3.6027937, 4.1827793, 2.9191198, 0.34835038, 3.5292761, 0.25560236, 3.7936935, 2.7411625, 3.5080485, 1.667116, 4.0720563, 4.6193275, 1.5585068, 2.9256907, 4.0044785, 4.6991534, 3.9793437, 2.3328204, 1.0626807, 3.1863356, 1.90303, 1.5890332, 1.917224, 1.2335297, 3.0804791, 2.4924555, 4.7571454, 4.91763, 2.4290512, 4.9573, 3.5050654, 0.049964517, 2.8550642, 3.9409482, 2.5628393, 3.788202, 4.1228776, 0.715172, 3.8529553, 1.1725149, 4.6947346, 3.867807, 0.545331, 1.6868972, 3.651825, 3.269931, 1.9395713, 3.186693, 4.7184596, 0.6498865, 1.5294303, 3.7462666, 3.9604023, 3.6107812, 2.0011725, 2.4811034, 4.6838355, 2.8379278, 3.400805, 1.9497243, 1.9465296, 4.304275, 4.5224185, 4.6160593, 3.0041685, 3.7272112, 0.4573721, 1.0783783, 0.90312624, 3.1941378, 1.2008193, 1.331197, 4.769701, 1.07186, 0.8311916, 2.5622475, 1.5855793, 4.3170705, 3.3223224, 1.6931628, 4.044412, 0.62881345, 4.396027, 1.6528821, 1.5170141, 1.3581684, -0.95127594, -0.56458855, -1.3659579, -0.035718083, -0.06928215, -1.5158825, 0.31030053, -2.0101948, -0.6696576, 0.5580488, 0.041650545, -3.0832276, -0.03445144, 1.8191093, 0.027874967, 2.1404588, 1.4433482, -0.3687436, -2.3411484, 1.7123879, 1.8250062, -1.8132334, -0.57417953, -1.6871634, -0.4945513, -2.4172933, -1.9961226, -0.47186533, 0.72732127, 0.4397972, -1.0942278, -2.4575408, -1.6403207, 0.106374085, -0.8085181, 1.4288304, -0.55641836, -1.6520324, -1.3127352, -0.96665215, -1.8399369, -1.230857, 0.9262911, -1.4479718, -1.9893758, 0.4345802, 2.2691905, -2.630126, -0.063731894, 2.110156, -1.61406, -2.271625, 0.4022127, 1.9836121, -1.7903128, -2.086787, -1.5666721, -0.2856708, 1.0109316, -0.031181986, -1.587788, -1.7387106, -0.87499946, 0.35035905, -0.74217695, 0.6325279, -0.3848471, -0.010412397, 0.44552934, 0.4762285, 1.2027456, 1.3459177, 1.2201577, 0.6225201, -0.2158593, 0.2836855, -1.3350188, -2.4123638, -1.0183457, 0.572856, 0.31998703, 0.96527797, -2.2209654, -2.0363321, -1.934376, -2.4971488, -2.5111315]
[0.73717505, 0.23851448, 4.6097074, 2.4831977, 2.8269475, 4.8306985, 4.9279485, 2.8002691, 3.966473, 0.79164034, 2.680984, 2.2098324, 0.0026604948, 1.7073296, 0.009502251, 2.1129491, 0.77002996, 3.2239652, 2.6121871, 1.5423462, 0.3508857, 2.209582, 4.408735, 0.5148457, 2.5984242, 3.9221318, 3.4155302, 4.7972283, 3.27258, 2.7480378, 2.2285903, 3.2679975, 2.4359019, 1.8710542, 1.7613022, 1.287057, 0.14304763, 2.70616, 3.357066, 1.493407, 3.7017393, 1.6890192, 0.18515705, 3.5718162, 2.453918, 4.1103616, 2.9023669, 4.4739504, 1.9995643, 1.3743813, 4.416799, 0.93522316, 3.2808807, 4.835518, 2.8541555, 2.8728433, 2.8975935, 4.3785243, 3.0279555, 0.08412058, 0.9853041, 0.25488916, 1.5340289, 4.0573153, 1.3356571, 4.051255, 3.2928934, 2.4645004, 3.58186, 2.9061754, 1.9661466, 2.395943, 3.4250844, 0.66572946, 3.5047324, 0.43944824, 4.2900963, 0.7151056, 3.907026, 2.2407103, 1.1882021, 2.3107738, 4.39686, 2.3516676, 2.4170628, 1.8439862, 1.3516439, 3.5413475, 4.9267507, 0.96749485, 0.26660457, 4.4708214, 4.754458, 2.9277065, 2.6744297, 0.014666141, 1.7723488, 3.9699678, 4.244442, 1.1408111, 0.49272662, 2.8047092, 4.003412, 2.4356563, 2.2338727, 3.8811297, 1.6518949, 2.5879881, 2.6895218, 0.47735572, 3.4922934, 4.8425517, 4.4080305, 1.5946785, 0.99830276, 3.4273753, 1.185624, 4.064421, 4.0844245, 4.4575524, 2.8533695, 2.9650235, 2.9729488, 3.569832, 1.022698, 1.909631, 0.9113566, 1.642925, 1.0909748, 3.9556415, 0.12912317, 1.9667169, 1.3217523, 3.0902917, 1.2014464, 4.530441, 3.0950673, 2.6238525, 2.3178902, 2.550768, 2.7067988, 1.5044668, 4.3945656, 3.7700455, 0.008078509, 3.7172668, 1.6549207, 0.9953973, 1.5187123, 1.742768, 3.6307156, 1.5296396, 4.0396104, 2.7873685, 0.01121308, 4.946995, 1.0713534, 4.760976, 1.175654, 4.953472, 1.2590247, 1.9613279, -1.0768472, -2.8486803, 1.3974938, 0.6417376, -2.44937, -0.22084329, 1.1169869, 0.6327694, -0.5319533, 0.5505484, 1.4859043, -0.7903768, 0.17063181, 1.1912143, 0.083953835, -0.81355834, -2.1451604, -2.3136992, -1.8043878, -0.075656034, -0.28196847, -3.0203166, -0.7275102, -0.3986956, -1.335122, 1.4172578, 1.6195652, 0.2683913, -0.5370291, 1.3777916, 0.17504643, 1.8167928, -1.3873516, 1.0430193, 0.61064404, 0.4603484, -0.54233944, -1.7292134, -0.35275528, 0.67741835, 1.506198, 0.7091974, -0.8902948, -0.4126025, -1.451235, 0.90361404, 1.8403624, -0.19359955, -0.30041364, 0.36946636, 0.8422616, -2.3828144, -0.6284968, -0.48964685, -1.227743, -1.1815124, 1.0526206, -2.373982, -2.3375127, -1.4956064, 1.2329227, -1.0381086, -2.198522, -0.3059479, -2.2071373, 0.74094975, -2.0431411, -1.1948928, -1.668462, -2.3754437, -1.3689979, -2.1920972, -2.8674607, -0.0686012, -1.7121823, 0.17035156, -1.163535, -2.5337539, 2.8570826, -0.021873843, -2.4356601, -1.8692007, -1.3730905, -0.18033236, 0.045527615, -1.0392605, 2.0804338, -0.1299944, -2.4400418]
[0.8652647, 4.3433313, 3.1730616, 1.747975, 4.267352, 0.6881923, 2.2834556, 1.1500162, 3.625194, 2.0019262, 3.2902837, 2.9061222, 1.9415619, 3.4083252, 3.4338036, 1.4736354, 2.084701, 4.9749155, 4.297453, 4.4195304, 2.6532357, 4.9498034, 1.0561248, 0.004260972, 4.3958883, 0.2485972, 3.627744, 0.3510224, 2.4157674, 0.6905816, 3.0542684, 2.954561, 1.4120357, 4.633917, 2.0874078, 1.5491285, 1.2842096, 2.7609277, 4.6017838, 2.466002, 2.4856167, 4.4834385, 3.443545, 1.3356113, 3.5314374, 3.6031606, 0.25046635, 4.405991, 3.5549815, 3.8945029, 2.3678179, 2.5697138, 3.2881582, 1.3953005, 1.7354258, 3.1601584, 4.2501574, 3.0203407, 2.6731646, 1.6017896, 3.8724961, 0.52078414, 3.8161662, 1.3732007, 4.8508277, 1.1163354, 0.95749485, 1.6681067, 3.0335066, 1.0006881, 3.9174786, 2.8621387, 1.4353962, 3.6911507, 0.27828354, 3.8853314, 3.6997836, 0.92349315, 3.3478453, 3.632535, 0.3945971, 4.873376, 4.657611, 2.6570406, 4.14055, 0.72013813, 4.051764, 3.1084929, 1.150488, 0.093373194, 2.562869, 4.282776, 3.9989488, 2.2333615, 4.9318233, 0.70070183, 4.1192794, 4.9190326, 1.3805218, 3.0176566, 2.4765735, 4.4091215, 0.48824647, 1.698856, 3.9968643, 3.881841, 0.0015094201, 2.2134857, 2.6779363, 0.7445638, 2.619101, 1.0022755, 1.8529202, 3.1421654, 3.5944288, 0.12512223, 1.274764, 1.4178582, 2.8610685, 3.6593866, 2.9120913, 2.608489, 2.2377696, 0.16864888, 0.74027044, 0.32094282, 3.158914, 2.261584, 0.63490736, 2.3742535, 0.06993839, 3.7352297, 1.8564589, 4.408598, 2.8172631, 3.2771528, 1.4887135, 4.186791, 1.9838101, 0.3583697, 2.4929705, 3.7513475, 2.5121067, 1.9783351, 3.5817924, 1.9097381, 2.4972947, 0.218943, 4.641198, 2.1206555, 3.8647091, 4.3097515, 1.7889981, 4.8623095, 4.974832, 1.9026774, 0.08026126, 3.0511937, 4.1227946, 3.1203237, 0.88930905, 0.13535367, 1.3011312, -2.6870267, -1.6809682, -0.84298974, -1.9476466, -2.0830953, -0.77972764, 1.2474356, 0.5683813, 0.6617076, 0.8096378, -2.1968472, 1.2692957, -1.9106375, 0.6311931, -1.3716086, -0.7415969, -0.4289668, -1.5448661, 1.1223309, -2.2121327, -0.5032296, 0.4746584, -0.94206285, -0.58539504, -1.6099656, -0.26677737, -0.06795454, -0.53941596, -0.8970405, -1.649825, 1.656977, -1.1362493, -0.3238234, -0.4979214, -0.07305534, -1.0181874, 0.33260956, -1.1880577, 0.38796812, -1.0749336, 0.84029734, 1.0073225, 0.46898395, -2.267967, -2.1158955, 1.1654656, 1.1658815, -1.5282354, 2.0111554, 1.3566841, -2.296068, 1.141867, -0.6663203, 2.1709547, 0.21752988, 1.0761018, -1.5992593, -0.31206793, -0.021862643, -1.326785, 0.20865455, 1.0720245, 1.6621735, -0.39225727, -0.69041437, 0.6902212, 1.3543662, -1.7115989, -1.0429078, 0.7315826, -2.6883724, 1.615547, -1.7341831, 0.27223122, -0.65725976, -0.5593321, 1.7853712, -0.4822064, 1.4819026, -0.77794, 0.9578146, 0.9291739, -1.1057035, -0.16856652, -1.94582, 2.550952, -1.7819576, 1.9302291]
[-1.9850149, 1.0213199, 2.4136393, 0.32148552, 2.6249666, 3.1476922, 3.7470722, 1.1007961, 1.8636698, 0.15990005, 1.8024096, 2.9028804, 4.551319, 0.80669135, 0.116048254, 4.16759, 4.597531, 3.3709424, 1.3969795, 3.8062694, 0.6595016, 3.838858, 4.195908, 3.2956247, 3.4850233, 0.80688727, 3.6515224, 0.67841446, 2.7833457, 2.8951054, 3.3988175, 4.334649, 2.0236816, 4.9465127, 0.90868706, 0.8671209, 3.65496, 3.1657276, 4.276997, 0.11912908, 4.2395506, 4.193498, 1.7146164, 2.8423283, 4.6501646, 4.5946584, 0.8826002, 0.6594204, 1.1949986, 0.45013288, 4.307686, 3.7109957, 1.297923, 2.501028, 2.5015562, 3.2606761, 1.4917138, 3.3801718, 2.7038915, 3.5135126, 3.9581883, 0.9478606, 3.3206563, 4.7316895, 3.258382, 0.8578336, 1.915931, 1.2869718, 0.8175782, 3.6176171, 4.412194, 0.8572808, 2.2757225, 4.42926, 4.4234824, 1.2573788, 1.2144964, 4.46851, 3.1334026, 3.0352964, 1.3946911, 0.5699509, 0.28678036, 4.6629734, 3.6129203, 3.200425, 1.8931301, 2.959346, 0.06776832, 3.2343042, 2.9580603, 3.794231, 4.9151483, 3.3402815, 2.1249983, 3.6599457, 4.8955994, 0.43586856, 2.1009138, 4.9280467, 0.7624727, 3.8245645, 0.09683451, 4.05908, 2.3494477, 2.6185868, 3.4590597, 0.6293796, 0.3396124, 3.1229777, 4.233414, 4.4085417, 3.4339473, 3.195111, 4.2414675, 4.7808113, 3.7305071, 3.2510839, 3.4414265, 1.6621598, 1.8762431, 1.8518269, 0.1362407, 0.4267663, 0.32527044, 4.4718847, 2.9829845, 1.8510506, 2.6217563, 4.232143, 2.662949, 1.1275845, 2.8741305, 0.2503358, 3.4696834, 1.0235938, 0.8158121, 2.1298375, 2.2552004, 1.0208738, 3.7286913, 0.6216929, 4.4876227, 2.1249242, 3.098424, 1.6517756, 4.048112, 2.3453965, 2.5961401, 1.2864591, 2.561473, 2.530354, 3.165148, 2.6166039, 4.234837, 1.3678393, 3.5296454, 4.700317, 3.17332, 0.5454116, 1.655727, 1.0764384, -2.7619872, -2.7727053, 0.18061571, 1.4277272, 1.0537008, 0.8576079, -1.5208093, 0.108291455, 0.61026955, -1.6958289, -0.35560742, -0.11799803, -0.06552195, 0.14060682, 0.8763426, -0.30015054, 1.1507552, -1.2078174, -1.5690587, -1.0248108, 0.53469086, 1.1762937, -2.0671315, -2.6860476, -2.1279473, 0.172635, 0.37924206, -0.71427363, 0.5651415, -1.170786, -0.9879339, -1.6326542, -0.50851184, 1.8739213, 1.0109618, 0.43931004, -0.04179955, -1.4430025, -1.7361209, -0.1139874, 0.8040913, -1.5654206, -1.6548308, 0.75443244, 1.5078397, 0.9644179, -0.6077666, -2.6815581, -0.23079278, -1.68891, -0.31605387, 0.021987172, -0.9373543, -0.7110275, -1.742341, -0.50451654, -2.2135592, 0.53312325, -1.8636247, 1.0398488, -1.2800416, -0.48440617, 0.9081023, -0.43198583, -1.8022137, -0.6192621, -1.3013624, -2.6240332, -1.5936284, -1.591638, 0.830064, 1.3807087, 0.8748607, -0.57018375, -0.44461235, 0.60234034, 0.25026253, -1.6387342, 0.40761933, -1.2527931, -2.365736, -3.021916, -1.1257154, 0.8714205, -0.30172467, 0.3087685, -0.85850745, -2.5432847, -2.2279062]

 

Accuracy: 44.230766%