Final Weight Matrix:
[0.8845061, 3.5030794, 0.4078403, 4.2553854, 1.0070047, 0.93803495, 1.7996454, 3.410975]
[4.6666007, 4.0239606, 0.04035145, 1.887545, 3.618413, 4.3017335, 4.5173936, 0.06375313]
[1.1261094, 4.598839, 3.1014457, 3.2149193, 3.4718356, 2.5505762, 4.2539773, 4.348928]
[2.7851453, 4.209997, 2.2502022, 2.1003594, 4.1336694, 0.17643422, 0.40609628, 1.7683125]
[2.653667, 4.5111747, 3.5584686, 2.6866338, 1.805018, 1.8561739, 2.6445594, 2.7835095]
[1.0706401, 4.0505447, 1.6530225, 3.3200455, 0.12090951, 1.0884064, 4.26545, 4.4345717]
[2.4936337, 4.1845794, 2.4238472, 1.6916561, 3.6419168, 3.7313426, 0.79485655, 3.4134567]
[3.046324, 2.0253677, 0.5594158, 4.1180058, 0.32275617, 3.319962, 2.243321, 1.0068619]
[4.560144, 0.28053552, 3.9794471, 3.6264148, 0.7473251, 0.5729261, 2.918848, 3.706807]
[2.179321, 1.6427958, 4.701423, 2.784336, 3.3307705, 0.81314236, 3.3762622, 3.7023716]
[0.33781022, 1.4652302, 0.7992172, 3.0179193, 0.0065627694, 0.12061447, 4.9059014, 0.9122965]
[1.062125, 1.8187764, 1.8905165, 2.5018368, 1.1401818, 3.9121888, 2.9460716, 2.69567]

[2.2738557, 2.656584, 1.0046772, 4.554979, 1.5228087, 0.28604728, 1.9283618, 3.8722324, 0.36003456, 1.8228979, 3.912524, 2.9905224, 1.46057, 0.004168936, 0.44976923, 3.326789, 3.4912605, 4.596243, 2.3205688, 4.43158, 2.5423698, 4.9193354, 1.837263, 3.7300823, 4.0688815, 1.3046105, 1.4667947, 1.7457372, 3.141243, 3.122263, 2.2805889, 4.0379395, 2.478033, 2.077604, 2.9713438, 4.956905, 1.8066665, 0.40655664, 4.8473926, 3.555516, 3.4634154, 1.8030553, 2.8817296, 4.0729003, 4.8657303, 0.4885624, 0.19976157, 3.2383049, -0.012679101, 0.89940196, 1.3724775, 0.17205079, 0.7660239, 4.710371, 1.5065721, 3.7128348, 4.034648, 2.9795408, 4.0589457, 2.553859, 4.3816304, 0.86031556, 3.3707001, 4.937837, 3.8264253, 4.3431187, 2.204608, 1.0108902, 3.8432152, 1.2537001, 2.170989, 0.46649498, 0.37450585, 2.531053, 2.9762948, 2.8869205, 0.7100521, 4.9682956, 2.507337, 3.909714, 0.6039061, 1.5715784, 3.0246172, 4.8612514, 1.3750061, 1.5935328, 2.1919053, 1.9715676, 0.44251427, 0.19708644, 3.511088, 3.8285434, 4.0000954, 0.37184012, 1.319295, 2.5334337, 3.790528, 1.4724301, 1.6850259, 0.914995, 0.0302598, 1.9474267, 3.5735621, 1.7898535, 1.8989654, 2.5905218, 4.4171324, 0.95987386, 3.196435, 3.7957144, 1.4107269, 2.6768122, 3.1318407, 1.7467973, 1.3217903, 3.6225903, 2.0562909, 4.867235, -0.0033940834, 1.5623118, 4.5561676, 1.7571158, 0.87606514, 4.5494266, 3.4975836, 0.35785386, 3.159901, 2.277406, 0.051473103, 4.118048, 0.4584596, 2.946977, 0.42185256, 3.8228781, 3.356077, 0.49337378, 3.9001603, 1.5574458, 1.8914262, 3.4072306, 1.4502447, 0.5875095, 1.4696555, 2.522232, 4.770552, 3.2830348, 2.6328216, 1.4021716, 3.649031, 4.335521, 1.1120135, 0.7227117, 2.3234346, 2.3553982, 3.2425408, 2.9200006, 2.0025861, 2.038964, 1.2491567, 2.699482, 2.2286954, 2.787475, 0.56525975, 4.04123, 0.1817918, 1.8977327, 0.25951356, 3.7542117, 0.60727435, 0.60706574, 2.1856582, 1.3715073, 2.8722131, 3.8395655, 3.9640734, 1.0901451, 0.16762802, 2.7991493, 1.7017263, 3.846623, 3.2957492, 3.029529, 4.6422286, 4.5222235, 3.6150215, 1.3519038, 0.74221706, 0.3021095, 3.2001317, 3.5877056, 2.868664, 1.6518902, 3.7120109, 0.8050456, 2.844775, 1.2019686, 4.078359, 1.9132967, 3.9198656, 0.806924, 0.41405857, 2.6488585, 1.3771955, 0.58430547, 4.2029195, 2.3326046, 0.45397216, 2.1788728, 2.592402, 2.4578567, 2.8881812, 2.4091253, -0.7265129, -0.30922857, 1.0577611, 0.16998075, -2.0792544, -0.18999083, 2.079964, -0.17911807, -1.1025319, 2.0299513, 1.7478727, -0.93791306, 0.13261905, -1.1392132, 1.5076487, 0.73455596, -0.944819, -1.3701093, -1.3591402, 0.59225965, -0.6533765, 1.9652059, 1.639714, 0.7964894, 0.49978766, -0.42115456, -1.1562701, 0.38834578, -1.3702408, -0.88044083, 1.3850784, -0.9686106, -0.19050008, 0.16725594, -1.7981158, -0.3233527, 2.484289, -0.76164085, 0.87488204]
[-1.4821827, 3.552997, 2.9619305, 0.6871815, 4.4635534, 0.6679758, 4.7220545, 3.8011234, 1.3149085, 4.1662655, 0.6312666, 0.7015759, 1.7659676, 0.94301087, 4.622368, 2.3410997, 1.6767771, 1.9353719, 4.8791413, 0.9459026, 0.36991546, 3.8356912, 2.6459305, 0.5478365, 2.479159, 3.5507698, 0.82744277, 2.1151545, 3.5958774, 4.9073434, 2.0291305, 3.7711427, 3.619524, 1.9324961, 1.5586368, 2.7859068, 4.945427, 4.219288, 2.8537426, 0.5955188, 2.487496, 4.8379607, 0.7683037, 0.3741971, 2.5581431, 1.4949298, 0.5809809, 1.2311673, 3.7759209, 3.3490684, 3.1378999, 4.640093, 1.1517545, 1.9489406, 0.9219768, 2.199699, 4.98103, 0.5711533, 2.5578973, 0.24959038, 1.5968869, 0.6256515, 4.1717033, 3.9693, 3.7562358, 1.3419089, 2.650263, 2.1739652, 4.001478, 0.06141347, 1.0698057, 4.9479246, 4.4645066, 3.1553795, 3.808456, 0.07248524, 2.9226313, 4.0384307, 4.3631735, 4.546478, 1.8457699, 1.7830855, 1.7050472, 0.39057934, 3.0851934, 0.07390546, 0.7103822, 0.008786428, 4.936793, 2.2436497, 3.7299461, 2.5133812, 0.89724493, 4.1224856, 1.3675407, 1.4221945, 4.1063247, 1.901643, 1.9894574, 3.2965457, 0.8193042, 3.4690561, 2.0026667, 1.5395422, 3.2696147, 2.49872, 4.6181993, 2.1764758, 1.5357565, 2.6418102, 2.3788128, 2.0964148, 3.1595492, 1.7036909, 0.86520475, 2.3663054, 4.862843, 2.3709652, 0.1877166, 0.86663616, 4.804033, 2.8393323, 0.13809228, 1.8282309, 0.18668956, 3.2710204, 0.16131113, 4.0189185, 0.23792845, 2.8571708, 0.45830405, 1.3292581, 4.247568, 4.012791, 4.7498817, 1.2447731, 4.802189, 4.518897, 2.9557023, 0.42616907, 0.11284489, 3.1569376, 1.0900983, 1.7302266, 2.3034024, 3.1287305, 1.048052, 1.055089, 0.15143968, 4.7362523, 0.6583866, 2.2980745, 0.7494863, 1.6686436, 0.5660246, 2.3710275, 0.9947081, 4.8937006, 3.0101001, 4.9272976, 2.3078, 0.5094957, 0.64621305, 4.5538187, 3.4413831, 0.61500525, 3.26951, 4.4494133, 1.6648262, 4.1520042, 4.4754877, 3.5757763, 2.5780199, 1.618002, 4.593238, 3.4068825, 1.9263996, 2.572094, 4.057523, 3.361582, 2.3258173, 3.0001435, 1.6288182, 4.943828, 1.8656873, 3.864471, 3.9908257, 1.2921654, 0.02881296, 4.122501, 4.12617, 1.1259288, 2.2756383, 2.7935824, 0.85680085, 2.8287103, 4.808368, 3.5003886, 1.253765, 3.28367, 2.8962715, 1.8166062, 2.3023906, 0.8043741, 3.6786158, 0.18874484, 1.8298187, 2.7862418, 4.5223317, 1.8170717, 2.9961069, 0.08453281, 0.11201484, 2.2659757, 1.3371116, -1.6627935, 1.3202072, 2.0285087, 1.2414143, 0.8826843, -0.119224265, 0.01913241, -0.43470493, 0.52716076, 0.803555, 0.6721109, 1.4281217, 2.07873, 1.1723495, -1.239683, -0.9016243, -1.817448, 1.8408177, -2.294252, -0.7307831, -1.1642169, 2.1389184, 1.0094957, -1.3683546, -0.070211746, 0.6611259, 0.16872315, 0.78357947, 1.2133157, 1.0814747, 1.3124032, -0.6555485, -1.8139216, 0.07498834, 1.9098814, -1.6907138]
[-0.43880537, 1.9900708, 2.5807378, 0.4283685, 0.4722471, 4.3567853, 4.4487534, 4.2920365, 0.5265314, 2.145704, 0.49141127, 3.8831458, 0.8903468, 0.4858304, 4.0348463, 0.14916304, 0.8299356, 2.9765022, 0.24261813, 3.1353314, 4.26308, 0.77165, 0.6517695, 2.8582895, 0.82120186, 1.2528511, 0.57935685, 4.156275, 4.5291815, 0.86829704, 2.7852366, 2.8404357, 4.0686493, 0.29096606, 0.77218217, 2.6676953, 4.4782767, 1.187702, 0.8864771, 3.018389, 4.5137053, 3.769834, 0.6788393, 4.61864, 2.6917815, 0.38408127, 2.6500525, 0.9071324, 2.0006843, 0.09090396, 0.48498383, 4.0485396, 2.376833, 4.2186017, 3.830512, 2.4303615, 1.2769157, 4.5017276, 2.2936687, 2.8381045, 1.2319298, 2.3626924, 2.626652, 1.9833373, 4.8154206, 4.761402, 2.0512505, 2.5306528, 0.51382494, 3.2146125, 1.2263643, 2.8277705, 2.3355865, 2.1597998, 1.4475948, 2.2590828, 3.0634816, 1.5648239, 2.272652, 1.528747, 1.9431498, 2.2148175, 2.8175998, 4.178155, 4.2255397, 0.96988773, 1.2750254, 0.86130255, 0.4772681, 4.222114, 4.9248257, 2.7715633, 2.1319807, 1.9105155, 3.6026034, 2.3292289, 3.4988198, 0.67458797, 3.1028059, 3.8160465, 2.8892207, 1.8855762, 0.11232287, 1.267668, 2.943727, 1.6234789, 0.1115059, 0.08204354, 3.7221155, 2.9526436, 1.1103199, 0.9724355, 3.7270653, 4.1902013, 2.3602374, 1.8700558, 2.3189833, 0.77169037, 1.9007224, 0.75151694, 3.51097, 1.683858, 2.0306304, 3.3220913, 2.9139526, 2.5291908, 1.052415, 2.663074, 3.4721744, 0.2044145, 1.7813759, 3.0187607, 0.021358266, 4.170463, 4.2765827, 1.895909, 1.0834666, 3.770288, 1.8151768, 1.9822458, 3.9245355, 4.4747243, 2.479087, 1.9806725, 4.7353597, 2.3743486, 3.925599, 0.8373728, 2.067802, 0.6210414, 1.9925512, 2.9727206, 3.8178904, 3.705047, 2.5539346, 4.6613917, 4.454256, 1.1361485, 3.4608228, 3.411724, 1.7405112, 2.1389937, 0.39571127, 3.8671224, 1.2365968, 3.2438676, 3.2345457, 0.44101056, 3.6048126, 3.9625041, 4.706916, 2.857007, 0.24657437, 2.0299542, 2.4391096, 1.6892917, 4.235781, 4.5967326, 0.58728164, 4.714878, 2.2619002, 3.8347204, 3.845312, 2.5522726, 2.240153, 3.1055634, 4.047379, 4.865314, 1.726291, 0.99286306, 0.92958623, 3.4708457, 4.6434865, 0.13349526, 0.21759018, 0.14697768, 1.5959852, 3.9648485, 1.4471439, 3.3596592, 1.8713213, 4.01562, 2.0490916, 0.5849109, 0.16894788, 0.5466869, 4.6633363, 2.6912746, 2.6685274, 4.5319524, 4.813205, 1.3171327, -1.7438315, -1.9540105, -0.20256223, 1.1111603, 1.0573565, -0.8640781, 1.7506324, 2.1232393, 0.39211488, 0.8004377, 0.3963325, 1.4629331, -1.340562, -0.8026375, 2.035848, 1.7871898, 0.8974477, -1.2053957, 2.5962884, -0.91439146, 0.37465793, 1.0691048, 1.2516756, -0.70257145, -0.39126366, 0.21910392, 2.5783744, 0.16872588, -1.9646972, 1.1643535, 1.8127657, 1.9159136, 0.47146842, 1.5085642, -1.1223439, -0.15774149, -0.7101792, 1.5371095, 1.0503358]
[1.233711, 0.7111552, 1.0970995, 2.0030422, 0.0033997467, 2.9995973, 4.278335, 4.4780507, 0.5128858, 1.3742027, 4.6973157, 2.540346, 4.9089212, 0.6339927, 4.246915, 4.765646, 4.8343177, 4.65772, 3.8185399, 3.1876185, 1.8568195, 2.0470498, 4.3744745, 1.7106875, 2.8713098, 0.29403827, 0.3628973, 2.7686503, 1.1812081, 0.6935388, 2.6200464, 3.616994, 4.0438395, 4.9671507, 0.4359221, 3.3332324, 2.6870723, 4.8875046, 4.8988376, 4.795652, 0.6850441, 0.19833307, 4.2281623, 1.0726246, 0.9893545, 3.3350112, 3.970689, 2.767912, 0.076180466, 1.4743539, 1.3724588, 4.5235915, 0.410351, 2.8392434, 3.2460368, 1.2310507, 2.3810303, 2.718282, 0.72744155, 4.12837, 0.40984192, 0.3564512, 3.5209224, 1.5524318, 1.0433437, 1.5571299, 0.86626256, 3.809825, 0.85142756, 3.9173079, 4.368602, 1.0453936, 2.8952003, 4.926228, 3.965847, 0.67044693, 0.530299, 3.8002863, 2.5951169, 3.024778, 4.0280557, 1.184254, 1.940463, 3.3763115, 2.2305145, 3.0775144, 2.9134722, 1.8410385, 4.6930237, 4.2730327, 4.3976107, 2.9222145, 3.4296443, 3.9691706, 0.89237416, 0.78831345, 1.9677579, 2.4382997, 3.040121, 1.8606975, 3.0618038, 4.2155643, 4.8791137, 1.6690282, 2.618057, 3.7619202, 1.987207, 3.9888177, 2.086645, 0.5778311, 2.6150112, 2.3608785, 0.6427044, 2.8447785, 2.5860045, 1.6561635, 3.6636262, 4.522911, 4.056695, 2.4582117, 4.239482, 3.3138268, 0.21916474, 1.6182117, 2.4958963, 3.3219771, 4.835999, 2.372194, 0.57948595, 3.0349703, 3.7963214, 3.3157058, 2.5041049, 3.181385, 4.765211, 2.8766153, 3.559817, 4.50966, 1.4696014, 0.07802742, 2.4372907, 4.422747, 2.7655406, 0.15239857, 4.891999, 0.7008464, 3.5718236, 4.4251223, 0.057049066, 2.4370124, 3.589781, 0.84454703, 2.3088279, 2.1912193, 0.56655866, 3.1853402, 2.6332853, 1.8738788, 2.7568278, 2.506505, 0.34623396, 4.7838917, 0.2821784, 1.563056, 4.0051503, 0.52566653, 4.193313, 2.0754073, 4.1823273, 2.611471, 4.660933, 2.658705, 2.2361984, 3.4409018, 0.19254225, 3.7097077, 0.20846184, 0.31044275, 1.7375208, 0.19731507, 0.8424717, 2.066071, 0.38908613, 2.3708951, 3.6991696, 4.104032, 3.6252172, 2.3438535, 1.9359467, 2.6647024, 0.6600747, 1.0682354, 3.5877469, 0.44429842, 0.7228433, 3.6470146, 0.30231094, 2.7970266, 4.0414367, 2.552424, 2.610336, 2.466895, 1.6465691, 4.9940567, 4.072041, 4.393164, 3.9797223, 0.5347514, 2.428409, 3.5785975, 1.7994081, 3.4631865, -1.5354477, -0.16864309, -1.8365315, -0.60868037, 0.7430414, 1.8905367, -0.6712204, 2.0949452, -1.8179989, 1.0639668, 0.39149153, 1.0454123, 0.73636377, 2.2839494, 1.6899835, 2.201367, -1.5154047, -0.90521353, -1.4309435, -0.19794278, 0.11508939, 1.9112059, -1.0232068, 1.2899132, -1.9882212, 0.46247286, 0.19530605, 3.0014057, 0.6329031, -1.6455028, 0.42437184, -0.14396513, -1.7569343, -1.7254694, 2.2263784, -0.4227792, 0.4990429, 2.065253, 1.2888526]
[-0.8984121, 0.8162274, 2.6383252, 1.8284162, 1.8178464, 0.43579054, 1.4045182, 2.9981182, 4.123201, 0.7328511, 3.086661, 2.9580045, 1.7858896, 1.6729304, 0.9003017, 2.6422274, 4.85914, 4.4214067, 2.9438562, 2.1862433, 1.7720606, 2.1390493, 3.198892, 3.878003, 0.8928324, 2.1364875, 3.0326602, 2.8012862, 2.282415, 2.4533708, 4.429727, 0.89534396, 4.4971185, 1.2308172, 0.26617754, 3.0955825, 2.6930363, 3.6189697, 3.6591306, 1.9080116, 3.2858806, 2.0065207, 1.0212334, 2.5058103, 1.4214983, 3.2405357, 1.271936, 1.9393747, 2.4841096, 4.680694, 4.5776043, 0.06336647, 4.088108, 4.9294724, 0.5198894, 2.0444932, 2.547801, 0.3500816, 0.55141586, 2.173709, 3.681446, 1.9823098, 2.6903012, 2.1387584, 3.8105006, 1.3795582, 1.8474112, 3.540653, 0.8024492, 4.4072423, 2.9586475, 2.0245209, 1.6526753, 0.07726877, 1.1583731, 3.7316697, 2.2752907, 2.9168053, 2.7174678, 1.5983483, 0.82853997, 3.6729496, 1.5306044, 2.662933, 3.1990597, 3.570042, 0.9263574, 2.3086424, 2.1068501, 3.310494, 3.980061, 0.7779398, 1.0176939, 3.0141535, 1.6231806, 2.8220267, 2.7988143, 0.7344865, 2.4293633, 4.929778, 4.528199, 0.15298979, 1.3022133, 1.7005739, 4.673807, 2.7323008, 4.260151, 2.2455118, 1.6716757, 3.8040879, 4.8816442, 4.9061427, 4.0923543, 0.2466078, 2.177682, 3.7652714, 2.8435652, 2.77593, 1.1601079, 4.9727473, 4.0179944, 3.08087, 1.7091331, 4.7702985, 4.749565, 0.14592789, 3.582661, 2.630473, 1.6575944, 3.6625726, 1.2926017, 2.3791006, 0.40552825, 2.1840863, 4.765522, 4.8319683, 3.136631, 4.0337276, 0.36599174, 0.39976805, 2.5322547, 4.0707173, 3.6688194, 1.0322765, 3.3889081, 4.9158983, 4.6707344, 3.577225, 0.33130392, 4.899779, 2.00965, 2.0086794, 0.1634709, 2.1880724, 1.1507094, 2.513644, 4.5826116, 2.6402905, 2.2297645, 2.205031, 0.42402527, 2.917851, 3.9472215, 1.3833951, 1.2775224, 1.6897293, 2.5607066, 3.2997425, 1.0302777, 0.89923155, 1.7365733, 3.7034311, 2.0030787, 0.41095433, 0.675944, 2.3893664, 2.6918385, 0.009630625, 1.0292665, 1.6285063, 2.0859957, 4.424513, 0.8475015, 3.8439698, 2.8673062, 3.180311, 3.9943635, 1.1105027, 3.416474, 3.0396101, 0.83619213, 3.8088124, 2.9316728, 4.587077, 3.9338894, 4.8375134, 4.8758445, 0.88898784, 3.67835, 1.039406, 4.3166494, 3.8714178, 1.2713275, 0.5554731, 1.2398757, -0.0024208887, 0.91611505, 1.603845, 1.3364384, 2.2893884, 2.359576, 1.099567, -0.7026449, 1.9233534, 0.74793243, 1.957319, -2.2178404, 1.1579996, 0.95700073, -0.23788826, 1.3482326, -2.0299518, -1.5503849, 0.678167, 0.8287424, -0.7080854, -0.6427266, 0.092885464, -1.0512023, 0.13868634, 1.781653, 0.082307585, 0.8056813, 2.089302, 1.5053682, 0.04872607, 1.5486239, 1.1610631, -1.010727, -1.1244723, -1.5000607, -1.4107791, -0.022434905, -0.08380786, 1.0048143, 1.5876915, -1.9598266, 1.022071, -2.3664374, -2.3333359, -1.7568994]
[-1.3481381, 3.9644432, 1.2951568, 2.9849846, 3.2264912, 3.776164, 3.1470025, 0.29022, 1.8932512, 2.0834243, 1.1036263, 4.490108, 1.0209377, 4.8047705, 3.609693, 3.6999826, 3.2829819, 1.6599655, 0.23110642, 2.5830286, 0.9910867, 1.9450049, 0.1975822, 3.4809356, 0.53940314, 2.1815772, 0.37703538, 0.6294116, 4.271764, 3.8636909, 0.94127893, 1.6862679, 0.26657614, 2.6603885, 3.844126, 4.3382497, 3.3814008, 3.4204574, 3.7680216, 3.6218927, 3.5182452, 2.766343, 0.80074555, 3.6776369, 1.0875499, 0.94641733, 2.581527, 3.4527552, 2.4330778, 1.6870975, 2.4182575, 1.9844315, 3.139442, 4.292497, 4.2207727, 3.1973302, 2.844034, 1.2407202, 3.022232, -0.0057845237, 3.2091866, 1.8674942, 3.5242782, 2.6388357, 0.36525244, 2.1673698, 0.72864807, 1.977615, 0.93966085, 4.4019747, 2.1170857, 0.6925083, 0.2216564, 1.9349992, 1.5607712, 2.1428926, 0.60967416, 4.581224, 3.847641, 0.26789916, 3.5234294, 2.6316848, 3.258642, 4.0285754, 4.471955, 2.6430738, 4.2496552, 0.7758825, 4.118133, 3.9766102, 4.427085, 1.1464847, 1.677763, 2.7719436, 1.996403, 0.5489995, 3.0203292, 0.22511402, 0.8165418, 3.1111116, 3.8113797, 4.576327, 4.803121, 3.024753, 1.5923375, 4.388473, 2.0601635, 1.6013976, 2.6359377, 1.1968087, 4.559775, 3.981606, 2.0948334, 2.7905438, 4.558845, 2.2742682, 1.9947516, 1.3429987, 3.7482266, 4.6413565, 2.5732234, 3.4279208, 0.018567223, 3.7893944, 3.3356738, 2.3484142, 2.5608227, 3.5220425, 4.512095, 1.6601686, 2.98764, 2.1484156, 4.071622, 1.0283695, 0.54302454, 3.13018, 3.97326, 0.22149554, 4.360558, 4.802702, 1.3364915, 1.1205428, 1.1247343, 0.78575534, 2.2691963, 0.1882216, 1.1207323, 4.546747, 0.76351684, 3.3551643, 2.4636776, 1.6582721, 4.196715, 3.5522509, 0.9604251, 1.7898269, 3.2634346, 4.446599, 4.455702, 0.18447739, 0.5599733, 2.0506034, 4.8085256, 3.501743, 3.665972, 1.3045795, 3.595067, 0.59111416, 3.3632815, 3.2500353, 1.7805886, 0.82477987, 2.9001727, 4.6615667, 0.26673922, 0.4037706, 3.9808905, 1.3244418, 1.3827767, 3.5610402, 4.4364524, 3.8867466, 1.1809198, 0.51125735, 1.5144439, 4.763354, 0.28701997, 2.19931, 3.0557933, 1.4646776, 4.1719337, 4.264773, 3.7395353, 2.083424, 3.1959054, 1.1098888, 3.0945616, -0.08841442, 2.884094, 2.808796, 3.3276112, 4.5788913, 2.1354494, 3.409568, 2.6661122, 3.588134, 4.323249, 3.2047763, 3.3974416, 1.0882686, 1.3489803, 1.1690015, -1.3601949, -1.4767079, 1.4314543, -1.4411922, 1.3389722, -1.1951512, -1.3466828, 0.32619622, 1.1383979, -0.29747424, -1.5466399, -1.971343, 2.150776, 1.6703378, 2.023391, 0.09247705, -0.43557793, 0.9203775, -1.8692161, 0.72244817, -2.052039, 1.9008552, 1.1255077, 1.3199825, -0.8393411, -1.1070757, 0.8918176, -1.515191, 1.9282026, -0.37421572, 1.6249344, 1.1859922, 0.3108599, 0.27369943, 2.583559, 2.0546575, -2.1427379, 1.7733791, 1.701241]
[0.6938376, 3.4973192, 0.13597186, 0.7529917, 4.319523, 2.2011304, 3.3185618, 3.601313, 1.6951076, 4.380147, 2.154829, 4.331921, 3.0859122, 4.4169264, 1.1775519, 1.3218691, 2.728725, 0.19457513, 2.724738, 1.7734153, 0.7974291, 1.7422001, 2.2664924, 4.4890614, 3.396767, 4.239298, 2.990123, 2.6211238, 2.3386967, 2.1974816, 4.11698, 4.425597, 2.1621416, 4.7236714, 1.2967918, 1.9367626, 0.17260936, 4.0966177, 2.447045, 2.4759676, 1.3736914, 4.4878407, 3.536366, 3.975405, 4.2412715, 2.0329828, 4.0551295, 0.3393417, 4.4741955, 4.048451, 0.085604206, 1.476261, 2.7130227, 3.4088998, 3.310153, 0.29012218, 0.70449215, 1.3927935, 4.836083, 0.74015546, 3.911651, 4.4754987, 3.9494684, 1.5399976, 1.8860153, 4.9236155, 0.8213367, 4.4882135, 1.5074797, 4.71891, 0.5195183, 3.1330917, 4.6613235, 3.527494, 4.444079, 2.0313015, 1.9644015, 4.7519593, 2.71748, 1.0439719, 2.8478327, 4.763472, 1.8988159, 4.691485, 0.25839034, 1.9077907, 1.290668, 2.7439928, 3.6366467, 3.7482786, 1.9519125, 3.4017284, 2.247697, 3.2249384, 1.0480952, 1.4782448, 3.071024, 1.4510721, 3.4802349, 0.50177264, 4.3324747, 3.3570848, 4.591941, 4.5426474, 0.5251554, 1.8042405, 4.5921426, 3.2522652, 3.6171367, 4.762071, 0.12277874, 0.4218228, 3.9556966, 2.029711, 2.2057319, 3.231351, 4.556713, 4.290124, 2.6451023, 3.3051372, 2.2985518, 0.64040214, 2.2180517, 2.8631666, 0.83789563, 4.1433196, 0.29573154, 0.556673, 3.7625294, 1.4080088, 0.27784124, 3.5139291, 4.291659, 1.1243811, 1.3983208, 3.9957178, 3.6620758, 0.692424, 2.094126, 3.2903025, 0.84436005, 0.9289977, 3.0736938, 4.4214725, 3.0979438, 3.6517336, 0.14493982, 2.3137126, 1.7433772, 4.249133, 3.864841, 0.6924354, 0.07508193, 2.7622492, 0.23293175, 3.6405308, 1.8975979, 3.3749616, 0.8970298, 4.7889333, 2.5504186, 4.411862, 2.0389502, 4.1119714, 0.65763915, 2.0457203, 1.5563303, 2.7347374, 3.5404124, 1.2704332, 2.3471243, 1.3840618, 4.3737044, 2.2989345, 0.5419728, 2.944276, 1.5797867, 4.5095215, 3.0684855, 1.1157688, 3.7358904, 0.14169994, 0.38418344, 3.5355537, 0.88245916, 0.97787416, 3.5274184, 1.7330528, 3.2738404, 2.018888, 2.2262683, 3.4415648, 3.9201312, 0.86098474, 2.684729, 3.590762, 4.502793, 1.1149533, 3.7557406, 3.6934614, 0.49160075, 1.462245, 2.2573667, 4.261584, 3.6378503, 1.7389494, 2.642512, 0.05776629, 1.1968502, 2.1677108, 0.62004215, 2.6654084, 2.78175, -0.7876069, -0.57864773, -0.5068826, 2.4773526, 2.3166213, -2.0038285, -1.2602824, -0.9048176, -0.52701706, -0.077296674, 1.8642819, -0.10027169, 0.8183468, 2.071668, 0.5672959, 1.9681149, 0.03462591, -0.44936898, 1.7504601, -0.93893474, 1.5893371, -0.12165521, 1.1772915, 1.3205249, 0.04165927, 0.43479437, 0.0057734894, 1.7959012, -0.21089646, -0.3472304, -1.5097125, 1.8203962, 2.0164287, -1.5262617, -0.85027826, 1.5548505, 1.401512, -0.18550135]
[-0.6205978, 3.1766167, 0.8345872, 1.2010506, 1.5000483, 3.6821964, 1.7412455, 4.4565153, 1.4001026, 1.7256283, 0.70443964, 4.770016, 3.7452338, 2.0644922, 4.3227267, 3.9146206, 0.2968981, 2.5559983, 2.9001422, 0.2299303, 0.28167924, 4.131522, 1.913906, 0.7173996, 4.9177117, 3.7560492, 0.43870616, 2.235953, 3.8994343, 3.1218061, 2.7878654, 0.18670933, 4.2231097, 3.1962972, 2.5954375, 2.5238006, 3.5410511, 3.4365168, 0.5624955, 4.3714523, 1.8220028, 4.329876, 1.2448871, 4.4504, 1.6042799, 0.09707366, 0.99430776, 4.7066517, 0.94292635, 4.501471, 3.5402176, 1.4436487, 2.965245, 1.3550347, 1.3929206, 4.042959, 0.3440394, 3.373019, 2.828693, 0.032545425, 3.335095, 4.195814, 4.406007, 1.2058895, 0.83946913, 0.6067413, 2.8990078, 4.3366733, 0.3220876, 4.1301546, 0.9307031, 0.2429996, 4.0614986, 3.8824735, 4.899434, 1.435299, 4.574217, 3.5647213, 4.3458366, 4.0161777, 2.4585779, 0.08617393, 3.0212173, 1.1870362, 0.5860089, 0.2056677, 0.2711481, 3.3804348, 2.9477866, 4.6635914, 3.902091, 4.118644, 2.7286458, 0.4535878, 2.9223645, 3.8167448, 0.82032883, 1.2998874, 0.15317062, 3.255665, 0.5310553, 4.600845, 4.8110747, 0.49308074, 0.29817456, 1.6840426, 1.4670216, 3.5328522, 4.6336794, 0.0879824, 2.6104383, 1.3082396, 3.931168, 2.141366, 1.2256601, 2.432577, 0.32030123, 0.91864604, 1.9374168, 4.419414, 4.3774257, 2.4493618, 3.717256, 1.1521951, 4.1646767, 0.9868936, 3.566777, 3.0367305, 4.529471, 4.1016946, 0.64591986, 3.3693743, 1.3332908, 1.539063, 2.87264, 0.15770143, 4.7936435, 3.9760156, 1.5317832, 2.2497022, 1.5794917, 2.769874, 3.0586755, 4.8663473, 0.26051155, 2.1803083, 0.7076376, 1.6905283, 0.19961344, 2.3129983, 1.0165081, 4.6408186, 0.089863144, 1.3284861, 3.344819, 4.4578347, 2.5101216, 3.5665226, 2.4923267, 4.84012, 1.7551079, 2.8610976, 0.013968817, 2.8610985, 0.042033304, 4.8003926, 0.62833136, 2.154458, 4.030939, 4.8222966, 3.301139, 2.1254876, 0.70406324, 0.5518307, 3.882415, 3.3688648, 4.384218, 4.1038103, 1.0001098, 2.463674, 1.131394, 0.035437103, 0.63637036, 4.1567464, 4.4681754, 0.31120947, 3.5965264, 3.050384, 0.078944, 3.2734587, 3.8955564, 0.09179241, 0.50466704, 2.3384829, 3.5404117, 4.9851913, 4.6302214, 4.1410065, 4.9158783, 3.2274964, 4.9324856, 3.188494, 1.4527525, 0.11998107, 2.5388393, 0.7394486, 4.6376467, 2.756721, 0.6837313, 2.7189422, 3.050754, 4.3839, 2.3841, 0.40338024, -1.0401282, 0.49745744, -2.0657227, 0.31635842, -0.3866153, -0.6607807, 2.244276, 1.8904058, 0.23522697, -2.2301407, 0.48783028, -2.1814125, 0.08632429, -1.7011801, -0.8995547, 3.0522969, 1.3283559, -0.08922491, 1.2785302, -0.9166452, -2.0034628, -0.10186896, -0.25874126, -1.1291952, 0.3315206, -1.0718827, -0.04266921, 2.7521274, -1.4701782, -1.6018646, -2.08545, -0.90988886, 2.010696, 1.0146552, 2.1354632, -1.9487349, -1.1795965]

 

Accuracy: 50.0%