Final Weight Matrix:
[1.5596166, 0.5980468, 1.9591552, 4.9926357, 4.473508, 0.5277583, 0.9299171, 3.991207]
[2.6783724, 4.368957, 2.8872797, 2.9447894, 1.840378, 2.2364092, 1.991114, 1.6621083]
[0.87524176, 2.0034165, 3.6761904, 3.5812683, 0.38437545, 3.7611914, 1.2372861, 3.042772]
[3.0114615, 1.3129077, 0.8182433, 1.0642612, 4.545617, 0.58790326, 4.025703, 1.9190648]
[1.5040603, 2.5711176, 3.896589, 3.9007854, 0.68095, 1.8425345, 3.6714325, 4.352993]
[2.9734097, 3.987186, 4.7447357, 0.8342898, 3.2424986, 3.6097202, 0.7133773, 2.0426404]

[2.9485054, 2.0089533, 4.531273, 0.13244122]
[1.794515, 0.9158815, 0.66779125, 1.7442325]
[2.3463938, 3.8449633, 1.0632657, 3.5476115]
[0.66081524, 1.5239631, 0.37038797, 3.6440196]
[2.8854437, 3.059734, 0.038899016, 2.218387]
[0.103574894, 1.0281656, 4.372663, 2.904749]
[1.1406277, 0.80907184, -0.32429698, 2.5676374]
[3.940769, 1.0100626, 2.088978, 0.2563622]

 

Accuracy: 17.919075%