Final Weight Matrix:
[4.8778214, 2.3720589, 3.8969443, 4.2036552, 4.062804, 1.7462963, 1.3992059, 3.628788]
[3.0005696, 2.2079926, 4.061453, 2.2786689, 2.7216508, 0.4843393, 4.968404, 3.1953003]
[3.2671833, 2.4251292, 1.3337469, 3.9050355, 4.5262513, 4.197238, 1.9925008, 0.08618355]
[4.881197, 1.4418405, 1.0866072, 3.5304503, 1.5540636, 3.8470829, 0.73323935, 3.379029]
[4.091598, 1.5060973, 0.9436652, 3.8964748, 2.3145924, 1.8181992, 2.4459558, 0.9143126]
[2.2164438, 1.0664072, 2.1668458, 4.2747793, 0.23067921, 3.699337, 2.4594138, 3.5170064]
[4.330706, 2.5578535, 1.1897323, 4.9476953, 0.98843694, 1.130146, 1.1861724, 0.54100066]
[2.8408954, 0.47216147, 4.4317646, 3.623519, 3.3128617, 0.7883841, 4.5680437, 0.46634406]

[0.38950232, 0.085159905, 3.4501157, 0.98120964, 2.94087, 3.5457673, 0.5582975, 0.9638619, 4.6917505, 1.8044869, -0.0044513564, 4.2621236, 0.9482445, 4.0622487, -0.54992867, 0.88357913, 1.5040896, 1.4595733, 2.0574775, 1.5887972, 4.124633, 2.3401773, 2.6124473, 0.6414407, 0.5075264, 4.340607, 4.5763726, 3.0883803]
[-1.4915627, 2.430696, 0.56201094, -0.7898449, 2.2181735, 3.2085912, -0.2850711, 0.52981335, 0.27635756, -1.145244, 3.4461308, 2.3622801, 2.7827806, -0.0011596074, -2.8130355, -0.5282487, 0.40721667, -0.6958881, 3.4270997, 2.6843195, 3.2142785, 1.7653226, 0.33316442, 2.7823133, -0.3621514, 0.15822746, 0.21546859, 0.8818873]
[0.6425699, 1.4913932, 0.9503312, 2.5358486, 3.3470488, -0.067445196, 0.6863265, 1.3606313, 3.5301468, 2.6585507, 3.8154995, -0.10367159, 1.3416501, 1.085825, -0.9785634, 2.3959987, 2.4323957, 4.3842235, -0.37693238, 4.031304, 0.4881925, 1.856469, 0.8550778, 2.2251232, 2.2541482, 1.2391613, 0.9265896, 1.2815988]
[3.771163, 1.0930797, 1.8232667, 4.4142475, 3.6922202, 4.3994393, -0.07874164, 4.035718, 4.2630734, 4.5656004, 1.7293956, 2.7496665, 4.3210454, 0.11268166, 2.5841339, 0.240405, 2.7719083, 1.1562151, 2.3352065, 2.427539, 0.029156191, 3.8683121, 0.9911518, 2.059255, -0.024300558, 1.7524093, 2.9917104, 1.0555596]
[4.043485, 0.18976045, 1.6635163, 0.98582613, 3.2259467, -0.08300494, 1.942864, 1.8898532, 1.3044142, 2.5456648, 3.1779466, 1.5824555, 0.24636076, 4.2895074, -0.75042504, 2.7662053, -0.0073792976, 4.2093797, 1.1295661, -0.056597482, 3.6537223, 0.059566513, 2.5043705, 0.0975606, 4.0115943, 2.1547878, 0.6081296, 2.1658556]
[2.6202412, 3.938825, 3.291768, 4.224799, 0.95085096, 2.1063924, 1.668036, 3.9501429, 0.48130113, 2.998012, 3.888304, 1.2705011, 0.35126993, 3.0959482, -2.0843103, 1.1435379, 3.0753648, 4.325945, 1.9659193, 4.3644395, 1.6434808, 3.5154636, 1.9896382, -0.310367, 3.477952, 0.7247501, 1.4904298, 3.3203552]
[1.3112679, 2.8131843, 0.052108377, 0.8606078, -0.23940182, 3.8398159, -0.32611206, 2.7051446, 3.3650427, 0.22829492, -0.09812827, 2.8299341, 2.8092158, 1.2194473, 0.3146109, 0.0479097, 0.41433746, 2.8512337, 3.406128, 4.2915807, 3.0749393, 2.9366214, 0.1152271, 2.0733707, 1.6123662, 2.344911, 0.54360723, 2.9659386]
[-0.0066786204, 3.4810772, 1.4866734, 3.5677903, 1.117026, -0.797803, 1.6391602, 1.4300021, 2.1759255, 2.0747304, 2.6178162, -0.32060134, 6.55613E-4, -0.84369355, -0.4134387, 2.6440313, 2.417594, 0.16314629, -0.6255948, 2.4646633, 2.3427448, 0.9662825, 0.6229531, 1.0466102, 1.3352939, 0.23964319, 3.5830336, 3.3217132]

 

Accuracy: 2.631579%