Final Weight Matrix:
[4.6755266, 2.1482108, 0.51356614, 2.7463017, 2.7515018, 1.1619359, 1.0463762, 0.45288265]
[2.1441948, 2.8419957, 2.8256497, 1.7139914, 4.029121, 4.915791, 0.14843225, 0.030165613]
[3.6160884, 3.710787, 4.7112756, 0.7191971, 1.2926927, 2.8041368, 1.1747327, 0.98973423]
[3.2064354, 0.10054022, 4.6339574, 4.8417497, 3.3315969, 0.8505896, 0.42788953, 0.46857446]
[2.0879478, 2.1851685, 2.5622728, 1.5224257, 2.5390897, 1.207154, 2.3203816, 4.70134]
[1.0567027, 4.4726505, 1.4806628, 4.0195727, 2.1293516, 1.2486577, 1.2464569, 0.37587166]
[0.08502811, 0.4566115, 4.266638, 2.5652666, 4.8277016, 1.9213209, 4.4375796, 3.2613869]
[4.030245, 3.9278193, 0.9296578, 4.189783, 0.42792618, 2.1455433, 0.68195254, 1.3207936]

[0.8660791, -0.15322116, 3.294808, 1.0180779, 4.182451, 3.8180184, 2.6786044, -0.05836738, 4.261429, 2.727018, 0.7295726, 1.2158885, 0.18508276, 2.852903, 4.7147703, 3.378496, 2.5714777, 3.575462, 3.5304525, 4.848127, -61.677433, 4.8622336, 3.9988205, 4.536863, 1.6425744, 1.532039, 3.3921106, 0.0935731]
[0.81832457, -0.19578801, 3.3789546, -0.2133867, 2.3544548, 0.400073, 0.92230403, 0.058589906, 0.42495835, 4.6013536, 0.35340428, 1.6967862, 1.306348, 4.7341633, 0.3625676, 2.293326, 0.0672726, 1.4580938, 1.2697117, 2.7342644, -62.58067, 1.9035587, 3.3992136, 4.3863406, 0.32978296, 1.7980161, 1.5900222, -0.0274114]
[3.9291885, 2.6770217, 2.3211572, 3.9829903, 1.6143442, 0.7619555, 0.9884427, 3.9049547, 4.7465453, 3.4807281, 0.747223, 0.7840304, 0.6658771, 0.73005515, 3.4497638, 0.20309821, 1.033429, 1.027918, 4.389544, 4.3367267, -62.18727, 2.8329346, 3.8110747, 4.1335597, 2.9460986, 3.2071922, 3.4495692, -1.6285594]
[0.5384685, 3.1277385, 4.4468, 0.19097917, 1.6810598, 0.9581393, 2.7694895, 4.4579597, 2.7734065, 2.5079112, 0.45322126, 0.70300484, 4.0760427, 0.37896627, -0.048523247, 4.3021693, 2.0561779, 1.5422887, 1.2835072, 0.25477356, -57.896557, 2.3305163, 0.63908243, 3.126566, 1.3526907, 0.82036334, 1.0015606, -1.9771023]
[1.9821512, 0.76329255, 1.5506654, 4.293712, 4.501955, 2.9773514, 1.0056748, 1.5114793, 3.0786042, -0.1340002, 2.312241, -1.6533891, 4.2669816, 3.8243454, 2.8184667, 1.0464009, 3.1589851, 3.7697513, 0.30361882, 4.3344135, -62.335968, 0.7417828, 3.6722133, 3.4359717, 0.23514487, 1.1491053, 1.7986505, 0.11373446]
[3.3928165, 0.19300124, -0.04956834, 1.7719474, 3.0497277, -0.13550021, 3.9837186, 1.0199099, 3.334674, 2.8595748, 0.7086886, -1.0169307, 2.743377, -0.053427648, 1.6107152, 2.1021018, -0.60167086, 2.9398823, 1.0145348, 3.0525248, -63.42406, 2.0262895, 2.078848, 3.4018116, 4.092081, 0.078523435, 3.8602345, 0.58584243]
[3.2209892, 2.4305487, 0.24571161, 1.2880089, 0.705095, -1.7636423, 3.531107, -1.7642969, 2.6306646, 0.46816143, 1.2646407, -2.9435709, 3.437374, 3.4473262, -0.7409115, 1.2291889, 1.7847507, 1.4102687, 3.144583, 1.6341738, -64.09693, 2.7113433, 3.3148696, -0.8298278, -1.4780766, 1.547211, 3.482666, -1.4711943]
[1.6980853, -0.22873831, -1.1774092, 1.957601, 2.4379752, 1.7294284, 2.9977586, -0.8412376, 3.5239768, 0.22117618, 2.181278, -4.7852182, -0.863477, -0.25753456, -0.53065956, 3.5481465, -0.10321649, 1.3903968, -0.2573017, 2.5629294, -64.26119, 2.6888502, 3.9767401, 1.1939735, 0.0658423, 2.488475, 0.8820196, -1.6650102]

 

Accuracy: 0.0%