Final Weight Matrix:
[0.09469569, 0.39117545, 0.95335424, 0.8128801, 4.137737, 2.226144, 2.753633, 4.122811]
[0.94005525, 1.3232487, 0.04112065, 4.1047883, 4.335539, 2.0925722, 0.7505569, 3.504338]
[1.3348997, 0.24684876, 1.8416688, 3.015802, 2.657268, 1.0619503, 2.5814674, 3.9819]
[2.1875799, 1.8215725, 3.050177, 0.58147997, 4.136587, 2.6309347, 0.5921382, 1.5366107]
[2.7731543, 1.1221468, 4.3877234, 1.696193, 1.375272, 0.425449, 3.3676445, 3.2774951]
[2.8711152, 0.3499484, 1.0740724, 4.000115, 0.45693606, 4.224425, 4.243942, 0.40012568]
[2.0550628, 0.7786551, 3.2519817, 2.7275012, 2.6614637, 2.799479, 3.710856, 0.6098458]
[4.6049457, 2.840065, 0.5428681, 4.1031847, 1.2539878, 2.777828, 0.47471195, 2.479836]
[2.3454833, 2.5539718, 4.879496, 0.6486675, 1.5333781, 1.5492272, 4.1177597, 2.1293018]
[2.9536474, 1.0850871, 3.3834136, 0.06480992, 0.1425907, 1.8324405, 0.6167567, 2.5533552]
[2.9235892, 1.0703478, 3.3331947, 2.1950717, 1.3668611, 0.8927268, 0.46451837, 2.9137092]
[2.4291558, 3.5015533, 4.2041035, 0.94139457, 3.7756062, 3.5590575, 2.7759278, 4.1080804]
[3.78214, 2.3711264, 2.35062, 4.904246, 0.10003269, 0.12825042, 2.5538566, 2.9762416]
[1.0486851, 0.9928933, 2.1503515, 1.9490025, 1.6808355, 2.9629383, 2.2406373, 0.57195634]
[0.65674365, 3.8951306, 3.3311436, 3.8627636, 1.168997, 4.091261, 2.7871685, 0.032564104]
[1.5042815, 1.449727, 2.7628112, 2.758858, 3.4175863, 0.3984022, 3.734442, 1.7117715]
[3.1608949, 0.94916135, 0.21069884, 0.9107065, 4.663587, 3.0635667, 1.22121, 2.406247]
[2.24479, 2.6720986, 1.420373, 0.25238365, 4.166164, 3.7407131, 2.4067237, 1.7029092]
[4.952568, 2.5887575, 3.4310534, 1.8701222, 0.44142067, 1.607348, 4.528903, 1.7013273]

[3.0185604, 4.745111, 1.1920394, 4.4246655, 1.110881, 2.8102367, 0.46403405]
[1.6164093, 1.0970792, 1.0476011, 1.4524189, 3.6052976, 1.179978, 0.7482447]
[2.6297643, 1.1150281, 0.68300825, 4.1748533, 4.2308726, 2.3909855, 2.9832985]
[4.9115944, 2.5252585, 0.37310955, 4.125805, 0.2602558, 4.570264, 2.7840726]
[4.6602745, 4.562679, 3.0252335, 1.5559155, 2.3581393, 3.265907, 0.6450691]
[1.6629214, 1.4262922, 1.5467621, 4.297197, 4.320106, 1.2569718, 3.5080824]
[1.8448824, 4.273492, 0.61588556, 2.1688886, 4.1082873, 3.8544888, 2.8565695]
[4.598766, 0.4331224, 0.13603805, 3.834813, 2.7172444, 4.838518, 0.742747]

 

Accuracy: 4.7619047%