Final Weight Matrix:
[4.4519286, 0.32282442, 2.1836758, 0.43237597, 1.2146854, 1.2265096, 0.1518324, 3.8738394]
[4.502735, 2.2326536, 3.8580732, 3.6556773, 1.3340014, 3.230591, 2.5666552, 2.496852]
[1.1547949, 2.340051, 0.21497786, 4.0482907, 4.063753, 4.7575407, 2.5510855, 0.75945854]
[3.1410298, 4.0338197, 2.73677, 4.1926074, 4.325237, 3.7607622, 2.1746325, 2.4601774]
[2.3603032, 2.2967389, 0.6378859, 3.9006116, 0.2620545, 0.20700336, 1.9192988, 2.341155]
[1.5191605, 1.8685919, 4.542579, 4.378711, 0.41255534, 2.532627, 3.6708512, 1.7377806]
[1.8069941, 0.6610313, 4.2310233, 3.524866, 3.0117202, 1.6854706, 3.6812196, 4.8189945]
[3.626017, 2.3654654, 2.4656267, 0.63637465, 4.0596085, 4.557253, 3.4147727, 0.6424406]
[2.8554578, 0.61801493, 2.5002537, 0.70607483, 0.3296113, 0.54997146, 4.9851685, 2.2886493]
[0.99362403, 3.7896838, 0.12210935, 4.9153943, 1.9321495, 2.739452, 1.8396682, 2.4097369]
[4.792009, 4.4552426, 1.9793755, 4.894588, 1.3980693, 3.6001945, 4.45425, 4.630636]
[4.6723595, 0.86092055, 0.50724447, 3.8136756, 2.5008929, 4.5378838, 0.06555617, 2.374668]

[1.296318, 0.8790055, 1.9776473, 2.3881223, 2.1945245, 3.5355415, 4.8816013, 0.84745884, 1.1767726, 0.8020508, 3.0917473, 2.4656987, 3.1358414, 1.0918667, 1.8093346, 4.1281524, 0.024410557, 4.8273435, 2.9996848, 4.870096, 2.1574829, 1.1687887, 1.4056541, 2.4929068, 1.9798563, 1.6745434, 1.9163948, 1.9171367, 2.0800974, 1.4314294, 3.7575054, 0.43144733, 3.421376, 2.980516, 4.250733, 3.059353, 4.841432, 0.0625036, 3.9004114, 3.041842, 2.2852943, 0.23148946, 3.7111752, 4.853694, 3.851147, 0.56787, 3.7420878, 2.8333864, 2.261517, 3.6359627, 4.9873095, 3.626397, 1.8164827, 0.62910795, 3.634288, 0.34926692, 1.2283792, 2.910143, 1.4401759, 0.98873675, 3.0252554, 1.6421558, 2.4401052, 0.32006586, 4.5599523, 4.3508325, 0.6425392, 3.6094081, 0.33129826, 1.8896213, 0.4508866, 0.59832466, 1.7304947, 4.6460786, 4.815561, 4.4390063, 2.4479725, 3.3902602, 0.4280174, 3.4463222, 3.759985, 1.2276918, 0.92258435, 2.958184, 1.4306014, 0.32281253, 3.003158, 3.3189044, 4.5817313, 1.6478187, 0.60802513, 1.8584517, 3.252898, 0.59973526, 3.7711082, 1.7297434, 1.416278, 0.3381994, 3.3633413, 1.9771897, 1.5324948, 1.6137656, 0.7853348, 3.3871768, 2.5570753, 0.33683068, 1.8589848, 1.228305, 0.31298664, 1.3587875, 2.5167205, 3.2891207, 0.76115763, 0.07318543, 2.0260816, 1.7636527, 1.7123339, 2.1906662, 3.0170577, 2.1339972, 1.617093, 1.0162811, 1.2966, 2.5203562, 2.9812675, 1.2010026, 2.7694123, 2.0056815, 3.8487296, 1.0931196, 2.299456, 1.947357, 0.17570294, 3.8178954, 0.6115684, 0.9338558, 2.4791372, 1.0768971, 0.5831462, 2.6407537, 2.2282608, 0.5172601, 4.2070312, 3.7007926, 1.2077503, 1.7755753, 4.017642, 1.2903576, 4.659061, 0.71665704, 3.7819445, 1.8944914, 2.1328955, 3.7309606, 3.1729152, 3.4044309, 1.5522853, 2.8012266, 1.2014176, 4.066236, 4.159987, 3.3238032, 1.3485521, 2.9805677, 2.7370832, 4.9089084, 4.0346675, 1.5496995, 1.0776358, 4.603578, 4.8996553, 2.409803, 0.24976867, 2.6060224, 1.9420182, 2.394228, 1.2475935, 4.953329, 4.1591697, 2.6694946, 4.299931, 1.7961298, 0.5739846, 4.667795, 3.35541, 4.668165, 2.6057513, 3.0645177, 3.9551127, -0.20372193, -1.4390028, -1.6781822, -1.9417936, -1.8429672, -0.60029596, -0.18772288, -0.34385526, 0.85079426, -0.15958063, -0.92026895, -0.79330766, 0.99865425, -0.2001876, -1.3365654, 0.17149915, -1.4634315, 0.3408201, 0.7936423, 0.13427512, -0.87462467, -0.21489282, 1.3314445, 1.6639199, 0.68783796, 0.985217, 1.0912553, 0.42649677, 0.8638176, -2.3564065, -0.86365956, 1.3948987, -0.91864324, -2.090078, -1.3153098, 0.72777724, 1.7359986, -1.4115198, -1.5214045, 1.984105, 1.5743484, -2.4979537, -1.039689, -0.78007203, 0.49184957, -2.5729194, -1.4131689, -1.4522161, 0.19682322, -1.3909051, -0.96430033, -1.7991798, 0.88937724, 1.1779035, -1.4875715, 0.14733648, -2.2390716, -2.4208694, 1.4752641, 0.42249587, 2.377124, -1.0920762]
[0.51340854, -2.8601425, 3.8675525, 2.5654213, 0.39327264, 3.0573258, 0.0031947156, 3.856346, 2.6136687, 2.7415283, 3.0042467, 2.283595, 0.88281536, 1.9663886, 2.2910452, 3.0320537, 2.7992275, 3.2483149, 1.1240976, 0.61450195, 0.35890847, 0.41794288, 0.05044529, 4.736768, 4.7535186, 3.962798, 0.23150991, 3.781325, 3.7967718, 4.29687, 3.6973424, 1.9445819, 2.9400105, 2.546465, 3.866726, 1.949629, 3.076046, 3.5861573, 4.0580983, 4.2559476, 3.0585628, 0.2040356, 1.428522, 0.092581734, 2.1811817, 1.4415058, 0.23561636, 2.2264698, 4.8947096, 0.14190647, 4.534261, 3.2654297, 4.344419, 2.858043, 0.9517395, 2.596936, 4.295625, 0.750675, 1.0816053, 3.4753895, 0.4492634, 2.4535966, 3.1279519, 0.18765108, 2.643188, 0.054146826, 3.1156669, 0.7954422, 1.1821206, 2.1779897, 3.9920616, 4.825781, 3.5378125, 4.368284, 1.0331205, 2.029935, 0.86510825, 2.5304904, 4.2645836, 1.6289529, 2.1954758, 4.416302, 3.6711354, 1.1058769, 3.475415, 4.9558783, 4.2508817, 0.90698004, 3.3529837, 1.440978, 1.6792036, 1.3175957, 0.6160011, 3.6840494, 2.3080046, 4.2359986, 3.4253917, 3.8925822, 0.39507684, 0.6974722, 2.949952, 2.251139, 1.1478727, 1.4808348, 1.9877989, 2.352626, 2.5916476, 3.07265, 4.9399695, 3.236403, 1.5357647, 4.167461, 1.6190977, 1.3356544, 2.0396974, 3.8498485, 3.4686546, 4.6153917, 0.50874746, 4.1072044, 3.5966063, 1.3625908, 4.5035653, 1.0896641, 3.4081125, 2.1994562, 1.9986637, 2.1865442, 4.9453826, 3.545106, 4.7938495, 4.3444552, 2.900117, 0.33025494, 1.7444509, 0.9306272, 4.8198476, 1.5292063, 0.9436778, 0.4860617, 2.7555487, 1.8647071, 0.74401987, 0.91129655, 0.31084767, 2.2405086, -0.008911176, 2.9462714, 3.0720372, 3.9838035, 2.1254678, 4.9602375, 3.3187494, 2.3290236, 3.9145606, 2.955372, 0.89220107, 3.1240823, 0.14692672, 0.99325895, 1.2550955, 1.6105589, 4.224963, 3.8086157, 0.53670526, 0.49571103, 2.2665215, 3.4377263, 0.028925933, 3.0432181, 4.391573, 1.6703229, 2.9379346, 4.3515754, 0.65515286, 0.35974258, 2.8527925, 1.0552034, 0.7136561, 4.179955, 2.204244, 1.0971149, 3.2464874, 3.006272, 3.2545648, 1.0602607, 4.5898433, 0.9473696, 1.4828968, 1.357747, -1.1882226, -1.2266666, 1.4013821, 0.31647563, -0.39485022, -0.71889484, -0.9847261, 0.5440643, -0.5400759, 0.118100815, 0.3947673, -2.695961, -2.3882825, -0.6296692, 1.0099059, -0.05902983, 0.61839813, -2.8657417, -2.7663405, -0.63235176, -1.288936, -2.1758938, 0.94091356, -0.58147734, 0.49708885, -1.0515889, -1.4525877, 0.064530514, -0.48966226, -1.0894657, 1.4893935, 0.73975694, 0.81382334, 0.7334457, 0.5990717, -1.5678631, 2.3924503, 0.05000436, -2.0561092, -1.2537366, -2.6059015, 1.5969819, 0.47802946, -0.9405886, 1.3328221, 1.7639182, 0.8182253, 1.5966735, 1.4259768, -2.1136372, -0.62150306, 1.4517512, -1.288467, 1.6858345, 0.61154735, -0.90139234, 1.5772753, 0.5751463, 2.2449288, -0.41569418, 2.472402]
[0.95562065, 1.1845081, 0.7104891, 1.8380455, 1.2179875, 1.7884014, 4.778955, 4.2920847, 1.2352805, 2.4138122, 1.8494663, 0.7311392, 0.08330603, 3.101829, 3.4247952, 0.26495406, 0.3004959, 3.4530075, 1.4504856, 4.4091845, 0.8647734, 3.4909136, 1.6795543, 0.7721172, 1.6893076, 4.488684, 2.8635383, 4.216742, 2.3999095, 4.4131956, 4.9494047, 0.40507844, 3.318606, 0.027396714, 0.8116319, 1.5544896, 0.5366406, 3.4292216, 0.009922771, 4.8434443, 4.7366524, 0.67821914, 4.452728, 0.118687265, 4.181708, 1.5027444, 3.8894722, 0.9224495, 1.0218987, 1.5511985, 0.052003514, 3.7601535, 3.938448, 0.7883275, 4.8069, 2.903517, 4.1432357, 4.351001, 3.0731988, 1.1571839, 1.0439758, 2.911079, 2.1553617, 4.935114, 2.7297919, 3.0808947, 4.1818285, 2.9305692, 3.6908374, 4.4350586, 4.5001235, 0.6082593, 1.8935472, 1.7035955, 0.2920838, 4.581215, 0.39043474, 2.5211713, 1.3059585, 1.4287351, 0.32604307, 2.441586, 4.302454, 4.833919, 0.3649788, 4.4969153, 4.319245, 3.429545, 2.665856, 1.0096079, 1.2943232, 3.232223, 3.3357387, 0.4600415, 3.6631832, 3.8054845, 1.2647378, 4.3656282, 4.851639, 3.516264, 1.9353026, 2.955608, 2.0790472, 3.3101273, 2.4793093, 3.1664453, 3.512964, 0.20042026, 2.7260087, 2.0048053, 2.4693089, 4.3661375, 3.962544, 4.7187986, 1.4751562, 0.070166565, 2.7608855, 2.9239628, 0.07793295, 0.27141652, 0.887678, 2.6079006, 1.7443624, 2.582413, 1.929738, 2.5733924, 0.4302469, 1.7796637, 0.65778834, 1.975715, 1.5985513, 4.261528, 2.4193592, 2.9360666, 2.841805, 4.0455356, 2.331003, 3.9289076, 2.5353746, 0.87793684, 0.3477864, 3.1900146, 2.0278087, 4.7257113, 4.0326724, 4.2906, 1.0191672, 3.7691681, 0.97119814, 3.7061193, 1.9488673, 2.0497086, 3.6103692, 0.5725725, 1.6235799, 2.1300101, 2.8881304, 1.901429, 1.384906, 1.1289485, 0.040185664, 1.7987853, 1.0550985, 2.1335673, 3.454559, 0.9376376, 0.22613975, 1.3770497, 0.54732084, 3.4859765, 4.718757, 0.73641896, 1.7728926, 3.044342, 3.701516, 3.8452456, 0.7797016, 0.05046309, 2.0424926, 2.64466, 2.7765527, 4.2691207, 3.9450924, 3.5974286, 3.3123593, 3.576413, 2.980779, 2.535219, 0.542352, -1.1786863, 1.7780459, 1.5650114, -1.0323753, -1.000858, -2.1993906, -2.0730898, -0.80540156, 0.060763493, 0.3011762, -0.057507195, -2.533964, 0.028541781, -1.6972824, 1.1800741, -2.344514, -0.118991055, -1.4764624, 1.2206013, 1.3098633, 2.2639935, -0.38284332, -1.3029962, -0.13456453, 0.5653876, 1.7872137, -1.5717691, -1.5197951, 0.53318596, -2.0989869, -0.1507899, -2.5469298, 0.3008, 1.4510894, -2.6120315, -0.7277804, -0.8740523, -0.8061978, 1.1738691, -2.0297985, -0.070913196, 0.7499031, 1.5067319, -2.795007, -0.17720164, 0.06554817, 0.15587376, 0.44447976, -1.3610889, -1.4056444, 2.1520734, 0.16775876, 0.07907075, -2.0913386, -0.18392026, 0.43842655, -1.9750715, 0.97307485, -1.1772277, -0.71740454, 1.4462992, 2.1393752]
[0.07163242, 1.0063428, 3.9972198, 3.4960315, 4.136282, 0.38866007, 4.8393483, 3.623892, 0.43746582, 1.2088684, 3.1765795, 3.5508094, 0.3775877, 0.27637002, 4.033909, 4.9094872, 1.3246666, 3.3602278, 3.998557, 4.0123706, 2.4195285, 3.7971253, 0.49793303, 0.7372768, 2.55818, 0.7656163, 2.3392005, 2.666254, 0.55058724, 4.378815, 0.08762893, 2.2938423, 2.014329, 0.5052492, 3.0995872, 1.9643861, 3.5266676, 4.0965486, 0.007303564, 2.9200873, 2.558827, 0.41004306, 3.6909924, 2.2750366, 2.4516091, 2.5603204, 4.141193, 4.1397333, 3.9080975, 1.6543028, 0.14390561, 3.1165285, 4.8969564, 1.5687917, 4.269847, 0.91091746, 1.3576539, 2.0099907, 1.8740729, 3.1377835, 4.268905, 0.1450651, 1.608305, 0.9510688, 4.51549, 3.5921507, 3.3201845, 3.1899087, 4.0865836, 4.9103246, 4.3457136, 2.9658253, 3.7213027, 3.7202647, 2.4522328, 4.3323536, 2.3841784, 1.2751012, 0.3230794, 4.8808274, 4.623676, 4.990072, 2.394756, 4.044857, 2.8085344, 1.5758053, 4.368201, 0.97619927, 2.4499564, 0.7929827, 3.204385, 4.2235847, 0.9979469, 2.1255789, 2.2516565, 0.9148852, 1.894422, 0.26793656, 1.2430712, 3.7649353, 2.7928872, 2.13548, 2.733441, 4.2568245, 1.1648184, 2.1184018, 3.3405092, 1.669289, 4.4070196, 3.5740857, 0.63753587, 0.96406555, 4.6633253, 4.8368144, 2.483489, 3.644942, 4.18747, 2.3638546, 2.4618604, 1.802111, 2.9784088, 1.586283, 0.56461966, 1.0997996, 0.77136624, 2.7218647, 1.6002932, 2.2951012, 1.3572882, 1.4282773, 2.2798374, 1.3184478, 3.4680297, 3.1032357, 2.837903, 0.061642356, 3.5766253, 4.6245155, 2.2052257, 1.3078144, 2.473694, 3.9212923, 0.42785275, 2.97531, 2.1983976, 3.4679866, 4.6386404, 0.50771046, 4.0846014, 4.177276, 0.73069733, 4.5299034, 3.514394, 1.4612826, 2.8206882, 4.099132, 4.419369, 1.1921592, 4.0699825, 3.2472425, 1.0910552, 2.699074, 0.7599149, 4.141542, 4.306432, 4.850352, 1.2077241, 4.7074027, 0.73906505, 4.975648, 1.9933634, 0.12416511, 2.862467, 0.1833732, 2.5935194, 3.029948, 1.8617864, 4.514785, 0.25641894, 3.823579, 3.0083418, 4.631752, 3.325889, 3.2368464, 0.6475561, 2.184468, 2.2447374, 0.5398076, 3.632203, 0.5824688, 0.97047335, -1.0323064, 0.8878611, -1.9393884, -0.09162425, 1.1334538, -1.6492594, 1.1193897, 0.6882778, -1.209743, -1.2465383, 1.3742145, 0.6584131, 1.844251, 1.4941505, 1.6602802, 1.5913607, 1.3370876, -1.5045525, -1.8041915, -0.70685124, -0.33547378, -0.79495555, 0.89507717, 0.39020818, 0.8951676, 1.2219902, 0.92510766, 2.107315, -0.11941901, -2.820622, -1.5758758, -1.1252134, 1.5425763, -1.2883004, -0.15119402, -0.69210535, -1.308975, 0.978794, -1.5721852, 1.5226828, -2.0323966, -0.58395207, -3.2044687, -0.075543396, -1.3519602, -1.1203377, 0.3494805, -0.6293279, 2.1884823, -0.20211977, -2.5079584, 1.2133013, -0.120935746, 0.9215722, 2.0496414, 1.5468407, -0.8940525, -1.5729314, -2.0458176, -2.1128352]
[3.0877712, -0.53800726, 3.7629495, 0.36352026, 3.4597604, 3.3257167, 1.6525562, 3.9291496, 3.4588766, 1.745846, 2.2205703, 0.56338024, 2.6789978, 4.7634764, 1.5471287, 1.7187058, 0.5672708, 0.74912775, 1.0287197, 1.5008093, 1.181371, 0.45982376, 2.9712963, 1.4958526, 3.5707664, 1.3923331, 4.9279923, 1.6463966, 4.05206, 4.2300625, 1.1240485, 2.703885, 3.6236975, 1.5580946, 0.49487427, 0.4560779, 3.1751478, 3.5224524, 0.49848834, 0.17532627, 3.9736204, 2.801358, 2.8166382, 4.272127, 2.9462578, 2.656758, 3.8519902, 3.6664233, 3.1461616, 1.9626507, 3.6609404, 3.1103497, 3.1227996, 0.09860794, 1.5364946, 4.8729854, 0.04124235, 2.64016, 4.550685, 4.2446327, 0.5502405, 3.8046062, 4.506582, 1.1533644, 4.2671237, 0.9680992, 3.1276581, 2.7096324, 4.7017865, 4.791182, 1.0259303, 2.5960653, 3.7525482, 4.9449234, 1.7814512, 0.21348189, 1.9260832, 3.6845024, 2.2481198, 0.54970264, 4.171628, 1.9991359, 2.878109, 2.3800642, 4.8688307, 2.6868312, 4.115857, 2.2865534, 1.0200125, 0.97089803, 0.5645619, 4.6118207, 0.86606187, 1.5553435, 3.1944413, 2.0096755, 0.66696256, 1.5711513, 0.21244761, 4.3407927, 2.6999173, 0.5786346, 1.9217976, 4.00274, 0.786829, 2.3859537, 2.0777361, 1.8772665, 0.26523837, 1.0548344, 4.017966, 3.3553834, 3.7826111, 2.1763067, 2.4516418, 3.6418104, 3.958891, 4.8655186, 4.03003, 4.2860847, 3.8134553, 3.5223057, 1.3780679, 4.96056, 3.7514677, 3.7591846, 0.7218259, 4.9132032, 4.0344667, 3.223297, 2.7827694, 0.41855925, 2.811006, 1.6456476, 2.3347046, 0.76539385, 0.4009891, 4.7836976, 4.3005433, 2.1047115, 0.64947283, 3.750312, 2.868398, 2.464351, 2.2706766, 0.1318866, 0.9514094, 0.88732207, 3.376778, 0.7050544, 2.292305, 0.29376295, 2.597683, 0.27474943, 3.6501272, 2.4583905, 2.5977075, 2.9316583, 4.843308, 0.7188043, 2.1310048, 2.9286373, 0.6502842, 3.6198425, -8.393807E-4, 1.1801183, 3.708422, 1.2128522, 2.5270152, 4.267724, 2.3013608, 4.952776, 1.2869269, 3.164672, 2.0393927, 1.0857563, 2.5390987, 1.9379108, 1.7412932, 3.8295321, 1.4933221, 3.2059703, 4.549502, 1.5651132, 4.9383173, 2.0673265, 1.9178464, 1.4805561, 3.2657206, -1.0529479, -1.6627154, 0.5485068, 0.40036416, 1.7569224, -0.6884417, 0.8893959, -1.335904, -2.5056696, -0.09213802, -1.2190032, -0.379907, -0.94416344, -0.27745765, -1.100521, 0.33689678, 1.474647, 0.5377266, 0.79322195, -0.6518121, -0.107915945, 0.3766573, -2.0232344, -0.36060658, -0.46710223, -2.473903, 0.2912981, -0.024012418, 0.63022494, 0.16709885, -1.7100912, -0.655482, -1.1462038, 0.77618027, 1.2161459, 1.7253269, -0.6856897, 0.14377767, -1.0976646, -1.2989516, -1.7947295, -1.8849218, 1.7996391, -1.0495117, 1.2981052, 0.7711746, -1.0389048, -0.4901231, -1.8734634, 0.9453867, 2.0664048, 0.21956395, -2.609569, 2.3969564, -0.8576595, -1.3841419, -1.1018963, -2.954733, 0.5286349, -1.2369143, -0.61805534, 0.39741528]
[4.2849336, 1.3584877, 2.4829369, 1.8554169, 4.4825034, 4.5810943, 1.8556075, 2.6650348, 1.66965, 4.568823, 1.4678154, 4.5578933, 1.9058136, 4.869396, 0.43524957, 1.6141887, 0.48434523, 4.387647, 4.6663084, 1.5667374, 1.1707487, 0.14642689, 3.2680786, 2.2013865, 1.9146074, 1.563133, 0.8440335, 0.029151706, 3.028572, 0.6631453, 4.130234, 3.367255, 4.395628, 3.9446316, 4.204757, 4.8203, 3.7266538, 0.3878366, 0.7289442, 4.517779, 3.8078337, 4.7097077, 4.3837304, 0.9467891, 0.2915151, 2.237664, 3.050217, 3.992819, 0.3165186, 4.3578353, 1.6717157, 2.9206533, 3.129737, 2.65818, 1.0191869, 4.245654, 1.2198855, 4.409878, 0.52254784, 1.1134624, 0.9491567, 1.9429709, 1.600654, 0.9117647, 1.3926739, 4.478414, 2.288343, 4.566518, 0.5460156, 1.3483098, 4.267061, 3.233434, 2.2783012, 2.8898003, 4.4383826, 1.8809404, 1.2369939, 1.6772045, 3.6299262, 3.5579612, 1.7238303, 0.95495206, 2.980949, 1.6465907, 0.53504634, 0.47637835, 3.507271, 4.239938, 0.30671066, 2.3645284, 2.5926187, 1.3155851, 3.8080275, 1.4272727, 3.0133803, 0.8592528, 0.2705642, 1.8640453, 0.13920148, 3.555827, 1.6112742, 4.839442, 2.3977334, 1.5725219, 0.5864009, 1.5416257, 1.4526913, 1.8907367, 3.594904, 2.3352654, 4.1657114, 3.3205292, 1.1567125, 3.6329184, 4.0921316, 2.8891847, 2.8503666, 2.0055814, 3.7247434, 1.815008, 0.6812314, 0.64942545, 4.534349, 0.2025052, 3.8974302, 2.2834566, 3.2311912, 3.4895148, 1.2569348, 2.0551517, 2.5855603, 1.5900255, 1.4772882, 3.7995577, 2.5048969, 4.037009, 3.3242524, 1.4546391, 3.2135954, 3.3708575, 0.76851034, 3.2534437, 1.9008324, 4.8209004, 2.2123737, 4.4491644, 1.8122802, 2.8754046, 2.632922, 2.1549778, 3.822356, 0.12061215, 2.1439035, 4.8903456, 2.9193892, 3.1451666, 0.019557279, 0.92760736, 2.0848765, 0.19346721, 0.22917345, 1.2593354, 4.767679, 0.53342843, 3.7443264, 0.40621436, 1.7204872, 2.111362, 1.7006522, 0.2709769, 2.6521204, 4.850579, 2.3874123, 3.290232, 0.92599666, 2.6338913, 3.3063536, 1.6532643, 2.9635983, 3.4148662, 2.2220955, 2.4323478, 1.755303, 4.7379107, 4.622722, 1.2149965, 1.9705929, 4.690187, 3.7262456, -2.2905269, -0.7697852, -1.0137095, -1.6146978, 1.264321, 1.3846923, 0.4401808, -0.6145239, -0.083077505, -1.4892323, 0.010232906, 1.3624308, 1.3981375, -1.7435832, -2.4266186, -0.101445004, -2.168912, 0.4635218, -0.75703406, 1.317877, 0.29278827, 0.27608275, -0.08825275, -1.5207012, -2.6168427, -1.5433252, -0.5253936, -1.6387936, -2.7114122, 1.3932172, 1.3437457, 0.924178, 1.2388742, -1.6800456, -0.5058916, -0.40291327, -1.4848555, -1.0847261, -1.2424479, 1.326052, -1.5488712, 0.9413398, -2.3682284, 1.114085, 0.8545748, 0.844184, -2.1918428, -0.95453995, -1.402519, -1.9114556, -2.0314195, 0.88774556, 1.1304626, -1.6700901, -1.8838011, 1.7535074, 1.0925328, -2.5231423, -0.4418588, -2.280167, -2.2688608, -1.6747415]
[4.713959, 0.10022985, 3.8406088, 1.4805864, 0.16342235, 0.5066774, 3.392602, 4.84591, 1.4309658, 2.5725203, 0.6552283, 0.99079555, 3.0082808, 3.485153, 3.671811, 3.434373, 3.0121593, 2.2054334, 2.086039, 1.0659205, 0.6821097, 1.885366, 0.5291424, 0.5018429, 4.5131645, 1.7634016, 1.9502999, 4.8163075, 4.6120057, 2.9815009, 3.5978003, 3.9452124, 2.1945329, 2.0176156, 3.122416, 2.3790908, 1.0625293, 3.8951738, 1.0716206, 4.3342834, 3.9603086, 0.071862176, 1.9678769, 0.5535078, 3.3484972, 3.0138593, 0.6023589, 0.5863501, 2.2826912, 3.1717339, 0.11569879, 0.4251908, 4.7358446, 2.331265, 1.5354593, 3.0344067, 4.2188573, 1.4462849, 1.8348126, 4.3919673, 3.2575104, 0.84464777, 3.3338249, 3.8876967, 4.868421, 2.7729197, 0.9883655, 2.1462514, 4.500177, 1.4031056, 1.902353, 3.1826794, 0.18750654, 0.6207624, 1.339605, 4.1279073, 3.6640842, 2.7417169, 4.209698, 4.392138, 2.2029006, 2.936107, 2.5019698, 0.7514465, 3.6515872, 4.7449303, 1.4641155, 3.5220013, 4.44665, 1.9297471, 1.3128557, 1.2200332, 1.2717457, 3.4012666, 2.4187884, 3.2056189, 2.9693913, 0.8298964, 4.974184, 2.053451, 4.518206, 2.3404846, 1.1982788, 4.491035, 3.3460577, 4.4998484, 2.3442936, 2.5514772, 4.5249033, 0.2297212, 3.0771658, 3.2723246, 1.8972653, 1.197318, 4.334041, 2.318491, 1.9215887, 2.8702579, 2.2717886, 1.046728, 4.7785287, 2.534337, 2.1639655, 4.5476217, 3.361157, 0.2452576, 2.7538743, 0.55673677, 1.6942822, 3.1731431, 4.508398, 3.3455412, 0.3247799, 2.416709, 1.420604, 1.0590596, 1.7015054, 0.68230367, 0.36237755, 3.4406395, 3.7601376, 3.6281803, 2.7558947, 0.5357658, 2.0174577, 4.4598126, 4.394725, 1.7333616, 4.6941557, 1.6679837, 0.31054202, 2.7994897, 1.7789992, 0.60589796, 0.2390138, 1.8619335, 2.7336454, 4.142877, 2.8609245, 1.6369846, 1.4107084, 2.1780062, 4.8949437, 0.57870847, 1.3231682, 4.9456453, 2.1429944, 1.3286847, 4.678654, 1.2607052, 3.942936, 3.010753, 0.6246293, 2.9671514, 4.4371505, 3.5878417, 4.4388614, 0.96461433, 2.7455463, 3.0611377, 1.1831003, 0.75297797, 0.06669892, 4.8177156, 4.902008, 1.5024166, 3.2450287, 0.07948533, 3.9214153, 0.14344314, 0.45901638, 1.7594137, -0.9359071, -2.5381489, 1.7167265, -0.13831681, 2.494851, 1.3364446, 0.6356917, 0.5738706, 0.7168909, -3.3316865, 1.9464805, 2.2170744, -0.45099333, -0.1280319, -0.8777004, 0.7499366, -0.13892986, 0.5221746, 0.56688976, 0.9597204, -0.68232656, -1.6942167, -0.2569118, -0.63715214, 0.1848244, -0.124721445, 0.34520948, 2.1438663, 1.6528888, 0.069586284, -1.727376, 0.258898, -0.699324, -0.5399252, -1.6329904, -1.2176127, -0.69006145, -0.24005228, 0.5299514, -0.8561232, 0.56233805, -0.68806386, -0.27990463, -0.2803962, 1.5796804, 2.0886965, 0.6489296, -1.5061777, -1.8956575, 0.6114174, 0.19125164, 1.1534785, -2.1098204, -0.72225225, 0.71231556, -0.4682867, 2.1069453, 0.83413017, -1.4508435]
[0.0960075, -2.84031, 4.5965357, 3.8260825, 4.2291126, 0.12597653, 0.94334805, 0.52304596, 1.5712732, 4.262959, 2.6532707, 2.72173, 4.841769, 1.6980112, 2.0004153, 0.79805946, 4.57202, 1.2206166, 3.142384, 0.48840865, 0.5554826, 3.3738716, 1.2133698, 1.1098791, 2.9121323, 3.6982586, 0.81977504, 3.3615181, 3.2997155, 2.72509, 0.3670482, 1.1891009, 1.4572061, 1.3710872, 3.2034957, 1.7216498, 0.20111613, 3.8918867, 3.086576, 3.228955, 2.861934, 2.4104548, 3.1159976, 4.3572626, 3.69658, 0.043493737, 2.1342628, 0.7189826, 4.283998, 1.5022013, 0.8199413, 4.2309456, 3.6405458, 2.0107498, 3.7884665, 3.2143369, 2.6273208, 4.9117002, 1.4077238, 4.9382052, 3.9780684, 4.0667973, 2.7647195, 2.8548186, 4.1749997, 2.5748749, 3.2729087, 2.713677, 1.0015701, 4.658673, 4.0421658, 4.4158792, 2.7402704, 2.2384982, 0.9090942, 0.9366921, 3.2238064, 4.3964925, 0.78973037, 0.17823528, 4.3965106, 0.8570632, 4.50608, 2.6611004, 4.2204256, 0.7226204, 4.7547016, 4.646781, 1.5714835, 3.8712049, 0.15383331, 1.5806022, 4.1425014, 3.5265636, 2.1732116, 1.5507072, 4.8963356, 3.4298162, 3.006997, 3.1898847, 3.5807278, 3.450708, 4.6517215, 2.0642211, 2.4439123, 2.3235054, 0.886918, 0.62693304, 4.3925967, 4.6915874, 0.12965798, 3.3959053, 3.1164067, 1.2532595, 3.6110106, 3.872994, 1.5613043, 1.973961, 4.479497, 1.2196212, 3.816797, 2.9593816, 2.4642875, 1.4313574, 2.7493167, 1.6986337, 4.137412, 2.498208, 3.7052605, 2.9543507, 0.99455947, 0.7324192, 3.1424932, 0.4722552, 4.5330176, 2.2571266, 3.241828, 2.8458307, 1.7047185, 1.6994206, 2.3999534, 4.8589225, 3.0373533, 3.915874, 0.9871318, 3.7131927, 3.869694, 2.8063192, 2.9835498, 4.692685, 3.630907, 2.4851913, 2.1003866, 3.591429, 0.2453586, 0.059821583, 4.917476, 3.307322, 3.4345548, 3.845499, 4.255955, 4.8980837, 0.12604892, 1.9919045, 1.1154599, 1.7320089, 3.8203356, 0.8425325, 4.305262, 4.5088964, 2.8345845, 2.652555, 4.6601477, 0.3344773, 0.8516475, 3.6154394, 2.2680476, 1.3522009, 4.424224, 0.06731882, 0.0993989, 0.35348415, 1.3856053, 1.9764574, 3.4788806, 3.5456617, 1.1611977, 4.3714466, 4.702071, 1.0205208, -0.34157997, -0.9122664, 1.1219722, 1.8014976, -1.4324685, -0.70279753, 0.74489605, -3.0887494, -1.582418, 0.42415473, 0.8221439, 1.4585553, 1.5020119, -2.0065603, -1.8562189, -1.5465851, -3.0079112, -3.0941727, 0.2367552, -1.9773788, -1.1921532, 1.5996747, -1.4456847, 1.4927982, -1.6226962, -0.8246967, 1.2914785, -1.2043523, -1.1500856, -1.7454151, -1.3074985, -0.92185163, 1.4151487, -1.117513, -2.134732, 1.4734547, 0.49153972, 2.759705, -0.5283631, 2.3428555, 1.2081285, -0.53350234, 1.0485458, 0.8087542, -2.211444, 2.152301, -0.8419975, -1.9093474, -0.18800527, -2.087854, 1.1889107, -1.0845782, -2.2466774, -0.4959228, -2.4761796, 1.4575382, 1.3931725, -1.2210437, -1.2124157, -1.5855343, -0.9452611]

 

Accuracy: 50.0%