Final Weight Matrix:
[4.2951884, 1.850641, 2.4229064, 2.9719563, 1.5968463, 3.0188205, 4.53795, 4.8094597]
[2.9324317, 4.8650618, 1.8941486, 0.31088024, 0.55948496, 3.5727696, 1.8997931, 1.0266933]
[4.6461625, 4.5892854, 1.0731649, 2.1846905, 1.3824985, 4.529373, 0.6420782, 1.4880508]
[0.39891154, 3.6554813, 3.9330456, 3.612142, 3.2518804, 2.8080096, 3.214952, 0.05858004]
[2.3871562, 2.2769184, 2.1666183, 1.2798142, 4.4971504, 3.9722295, 4.279667, 1.4498255]
[0.66539735, 0.31940132, 1.7846844, 3.6070714, 2.829684, 2.5459063, 4.300074, 3.4559188]
[0.41705996, 3.6730013, 3.5024447, 1.0943323, 1.1070976, 2.3325822, 0.061422884, 2.6911294]
[0.49126685, 2.0098023, 1.679894, 0.40877193, 4.4209533, 1.9999931, 1.8456223, 2.0413055]
[1.4075425, 4.0612454, 0.29778212, 3.1860054, 1.9661949, 3.75525, 3.911061, 4.7066774]
[0.019765198, 3.8777363, 0.8228043, 2.5819633, 3.7180948, 1.2808686, 2.0002894, 3.4097853]
[3.4261835, 2.143558, 0.84401786, 2.1960833, 2.4161415, 2.2278233, 3.8303063, 4.069831]
[1.5140846, 0.51170945, 4.0470386, 3.1051073, 0.73416173, 0.4690209, 0.90787977, 1.0035434]
[0.73569685, 4.096155, 1.4333957, 0.39618164, 1.802116, 4.005079, 2.5562959, 0.5026838]
[1.3261745, 2.7130694, 0.6894991, 0.7686347, 3.43739, 0.88399947, 0.740107, 1.4596102]
[1.1950201, 0.19800633, 0.26298314, 2.4857059, 2.5420287, 2.7473278, 2.1309037, 0.5648577]
[2.1490548, 3.142541, 2.0137718, 3.2006721, 1.1272472, 3.6475966, 1.869832, 0.48447758]
[2.9380531, 0.6917569, 1.2730231, 4.956234, 4.3376894, 0.5953407, 1.6515207, 2.339922]
[3.8534255, 0.62307924, 0.76518446, 3.9616773, 3.6652794, 1.888689, 3.0792727, 3.759545]
[4.255827, 3.7872925, 0.12670785, 0.5892563, 0.266155, 4.6545215, 0.7228318, 0.7483366]

[0.32283646, 4.130177, 0.6848362, 2.3951354, 3.9187949, 4.1822343, 2.9434109]
[-1.4870784, 1.855824, 4.9656906, 0.7862153, 4.9008927, 2.7367747, 4.6087704]
[0.19244108, 4.3540573, 3.0306802, 3.7706027, 0.08287052, 1.1912333, 2.054853]
[0.98071265, 1.8106425, 4.586958, 3.9358447, 3.0070212, 2.4038203, 2.6167176]
[1.4522989, 3.4498954, 0.49392843, 0.873754, 3.6316085, 2.2832801, 4.804944]
[0.75607663, 1.5239011, 3.9041715, 4.951734, 0.7895025, 0.72262967, 4.374926]
[0.34529763, 3.4519198, 3.636743, 4.5120316, 2.9619932, 4.533712, 3.3900383]
[-0.36296052, 2.043593, 2.440415, 2.7748623, 4.790336, 3.8746576, 2.121905]

 

Accuracy: 23.809525%