Final Weight Matrix:
[3.6154416, 0.39282173, 3.0818036, 4.501373, 4.7373753, 2.0075173, 0.17093003, 0.9491733]
[1.195245, 0.87023914, 0.9952235, 4.561363, 3.9750803, 3.871086, 4.453302, 1.6521814]
[2.3830876, 4.845153, 4.503354, 4.7606297, 2.0099068, 2.2938848, 0.5619621, 1.3728172]
[1.2928679, 2.8615282, 4.541371, 3.5796263, 1.2538093, 4.7864037, 1.2269068, 1.721293]
[0.96702814, 1.3199737, 2.4247696, 0.80361843, 2.775575, 2.891722, 0.9166524, 0.5967882]
[1.932388, 3.267531, 4.582476, 1.9965734, 0.9818229, 2.2920165, 4.1398478, 0.7290566]
[1.9312143, 3.9752727, 4.295769, 2.4946547, 3.7836208, 2.6513906, 2.9128063, 0.4963681]
[2.8323195, 2.9353416, 3.2117236, 4.1927786, 1.8536041, 0.9872776, 0.42191982, 3.410921]

[1.0827302, 4.074531, -10.240861, 0.75814354, 3.653407, 2.9077547, 3.6918514, 1.7384223, 1.344229, 4.2908735, 1.377589, 3.880732, 0.05755101, 2.892435, 2.411563, 0.19687676, 0.5109796, -0.5962274, 0.9245559, 1.9509044, 2.0956066, 3.1004355, 3.593955, 3.3145876, 4.037499, 1.7437294, 0.21245143, -1.7328893]
[0.049685523, 3.6356883, -10.5952015, 3.2877295, 1.6518, 2.7502875, 4.1014833, 1.0932481, 0.32805076, 3.4643462, -1.1843026, 1.9608297, 0.51102614, 1.7961953, 3.8109314, 1.8265388, 4.4187584, 2.9084854, 1.5457003, 2.7212315, 3.108498, 0.39818016, -0.4293854, 4.0704603, 0.38037986, 2.04544, 4.681235, -2.4760785]
[2.0526555, 1.5060099, -9.802565, -0.057832263, 4.3695936, 2.251384, 2.7122962, 0.6915722, 1.8161224, 1.401052, -0.19606163, 3.827056, 2.3294082, 0.9691997, 2.545894, 4.5252624, 2.8432753, 3.9935796, 4.327714, 1.509638, 2.552231, 1.238143, 1.9728243, 1.3022313, 4.7092485, 1.0444494, 0.42387673, 0.8914893]
[1.6404797, 0.96797943, -8.694893, 0.09699206, 4.340067, 1.977308, 1.6093848, 3.220242, 3.1136534, 0.4339977, -1.0886719, 1.5919058, 2.3179777, 1.3229201, 3.4447055, 1.3919133, 1.8961159, 3.4560454, 2.8918147, 2.281065, 4.576707, 1.1927663, 0.3015838, 2.16358, 1.8768239, 3.9761438, 3.5861478, 1.6286287]
[3.2479215, 2.920488, -10.917164, 2.5316026, 4.593093, 2.8644357, -0.12158602, 3.6717658, 1.1363312, 4.6703973, -1.6131899, 2.0173838, 1.4910971, 0.53691876, 2.3173792, 1.6027699, 2.7797508, 1.7441492, 2.693533, 0.2943879, 3.124979, 1.7274067, 4.2532, -0.045782283, 2.8437338, 1.4736286, 0.14315112, -1.4524721]
[3.4909601, 1.238255, -6.740293, 2.4235673, 2.8063896, 3.665192, 2.6128526, 2.3190753, 2.7375968, 0.16300085, -1.8489702, 2.2454371, 0.66927433, 2.831354, 4.0678735, 1.0958979, 4.537707, -0.2778743, 1.9012653, 1.7537211, 2.551283, 3.1581373, 3.3764246, 0.8480801, 4.083614, 0.13482079, 2.9008489, 1.1543373]
[-1.8707703, 3.2361467, -8.318072, 1.0718709, 2.031218, 2.58017, -0.14180093, 3.2493856, 0.29329515, 1.3655581, -0.5587903, 1.0050331, 1.741934, -0.3643465, -1.1969274, 2.138613, 1.82684, 1.2486695, 3.574353, 2.7997842, -1.0768912, 3.2555099, -0.9964864, -1.7888178, -1.4798675, -1.4117985, 3.3372056, 0.8340003]
[1.6970536, -2.1422381, -14.119879, 2.1362984, -0.53116566, 0.4964529, -1.1148756, 2.0246172, -2.8006284, -1.7318816, -0.43052846, -0.27303907, -2.7946944, -0.22964114, 2.7417195, -0.59394884, 2.6784015, -2.8341737, -1.4559555, 1.6522906, 1.6536465, 2.9075513, 1.4302564, -0.33005714, 1.679589, -2.789533, 2.3167443, -4.392789]

 

Accuracy: 14.593302%