Final Weight Matrix:
[3.2776272, 2.3435304, 1.5231142, 2.2404804, 0.48222274, 0.7318452, 1.5384784, 3.9520502]
[3.350418, 0.93142956, 2.2038813, 4.220074, 2.9821908, 3.3757014, 1.8762153, 4.511023]
[1.5406901, 2.8301702, 4.796716, 0.02125591, 3.414183, 4.2204924, 0.20691216, 2.1374962]
[4.8035054, 2.6084046, 3.4016013, 3.5845182, 2.203766, 1.9171029, 0.4407853, 1.945067]
[1.2155718, 0.5116135, 3.9936898, 0.32002866, 4.0937023, 2.88435, 4.9677463, 4.408123]
[3.4405277, 4.2167535, 2.8370018, 2.9358623, 1.576103, 0.7356131, 4.784278, 2.012706]
[2.7935915, 0.5739999, 2.2191758, 2.8664615, 3.942339, 0.3139043, 0.9422979, 2.4137468]
[1.4045173, 1.8285298, 3.1607497, 1.0142472, 3.4559865, 1.2702346, 3.8899927, 4.4605217]
[1.4670372, 0.6444019, 3.624516, 1.0729635, 4.2214746, 1.9648373, 1.8497819, 4.648461]
[3.4585, 1.3629303, 2.2788138, 2.788255, 2.294723, 1.0968024, 4.1100388, 4.782986]
[4.515146, 1.319567, 2.0531907, 1.1291444, 2.461954, 1.874896, 4.9948816, 1.8998435]
[3.8564963, 0.7161394, 4.565693, 0.49348205, 2.8989868, 1.7308154, 4.320286, 3.776432]

[4.265026, 2.497765, 0.9949816, 0.7496579, 0.74872106, 4.542979, 0.34261334, 2.6863248, 2.1582618, 4.9301906, 2.146872, 4.1384616, 3.1875026, 2.1115098, 1.5790808, 1.4283166, 3.6869504, 4.0588026, 0.19969516, 3.7755306, 0.79016566, 2.0856342, 4.3402534, 3.9600952, 0.6747856, 1.073141, 2.218888, 0.80533886, 1.9409047, 0.9983305, 3.5709312, 3.5339022, 2.9054797, 0.6521555, 0.4791079, 3.0490582, 1.6940594, 2.9739344, 0.33830243, 3.5133915, 2.4416246, 0.7119574, 2.5847619, 3.2866657, 3.2604306, 2.7304788, 0.32465342, 0.63512, 1.1977898, 1.6628277, 4.6225057, 0.28004342, 3.1180534, 0.009334899, 3.8234234, 1.9477588, 4.938031, 4.171192, 3.9050047, 4.903651, 0.755729, 2.1065998, 4.018515, 0.2094283, 0.27174494, 3.6160944, 3.3797827, 2.8314633, 2.1199226, 1.3402094, 1.7852732, 3.1026483, 0.93352747, 1.9719151, 3.3277586, 3.5552573, 0.6694734, 0.31826717, 1.8516442, 4.1947947, 0.87112296, 3.553762, 1.9945613, 3.6087863, 3.7294524, 4.632002, 1.9206593, 3.2712176, 4.182641, 0.114842124, 0.49278405, 4.316556, 4.452556, 0.1930266, 3.2843153, 0.252514, 1.014427, 3.195415, 3.7287893, 1.5093309, 1.3149793, 0.74162555, 3.5257695, 0.67487574, 3.840947, 2.0982218, 3.0812674, 1.1626496, 2.5047252, 0.20444293, 4.1332192, 1.3941425, 0.411003, 4.882533, 3.3044407, 1.119521, 1.9565722, 4.491086, 3.251671, 2.9518223, 2.836117, 1.8684788, 0.40418306, 4.6155653, 2.0897865, 2.9664083, 1.3263936, 4.836677, 1.8734729, 1.6160278, 4.3037786, 1.5885006, 0.45430395, 1.3825079, 0.104139544, 1.673883, 1.5688702, 3.089825, 4.6991415, 3.3979204, 3.6508558, 0.19903639, 3.308327, 2.2459402, 1.7371229, 4.7192793, 0.8672971, 0.88183594, 1.8261087, 0.3654704, 0.32486305, 4.1392603, 4.660239, 1.3825549, 1.1280295, 4.40334, 1.0180073, 2.3702314, 2.383691, 4.703669, -0.5321639, 0.8749225, -1.9735776, -0.15655012, 0.007437002, 0.3824381, 0.5886426, 0.27895457, 1.4737282, 0.49404228, 0.6217366, -1.0294696, -1.0601022, -1.19904, -0.5182935, -1.1541603, 0.7344668, -2.2278883, 1.4076062, -1.6715443, 1.172337, 0.7217972, -0.63981766, 0.040622104, -0.16302887, -2.1512556, -2.812434, -3.2838228, 1.9229993, 1.4084066, 0.95748115, 0.37351212, -1.9133136, 0.23410937, -0.5072277, 0.049930777, -0.11907919, -0.39863372, -1.1833905, 1.5162808, 0.6173299, -1.5487192, -0.6900004, -1.9312251, 1.513949, -1.7921072, 0.84234345, 1.8826209, -1.9332529, -0.23806453, -0.12548137, 0.8721656, 0.04402718, 0.14850281, -1.0505162, -0.9782175, 1.9138285, 0.742582, 0.18636453, -2.5295854, -1.2975633, 0.703695, 0.4989622, -2.561577, 1.0217649, -2.3578405, -0.21312732, 0.10624377, 0.5996359, 0.47099945, -1.1136523, -2.2835073, 1.5490158, 0.4869219, -0.085565515, -1.3680716, 0.318478, -0.24281575, 0.940367, 0.40957215, 0.9898733, 1.1129271, -1.5190783, 1.0796862, -0.48503816, 0.1959808, 1.390778, -1.6332043, 1.1925535, 1.13058, -0.036141638]
[4.9433885, 3.8915026, 1.4115413, 2.2233732, -1.598433, 1.4780016, 2.8583667, 0.3252143, 3.072716, 2.6554804, 3.9578674, 2.9461694, 3.5460439, 1.5202963, 3.1504412, 4.074653, 0.39578083, 1.2688105, 0.95261353, 1.422363, 2.0620394, 3.1444755, 2.274074, 4.091038, 1.2679517, 3.3025856, 1.1570219, 1.0318673, 1.5527723, 4.1749053, 3.3340585, 1.2309506, 1.9703721, 2.8907769, 1.1450938, 3.7596943, 1.0405822, 0.820723, 3.8755534, 0.91325974, 3.146025, 4.8375354, 2.9913273, 0.056579992, 0.08436478, 0.17600945, 1.964072, 1.1381725, 1.4053048, -0.0033017066, 2.7389376, 2.4383614, 2.8662827, 1.3228534, 0.187812, 4.924376, 1.3839284, 4.6532946, 1.7988839, 1.746593, 2.2770457, 3.619824, 3.5536315, 0.012501353, 4.1123576, 4.531142, 2.1538699, 2.2266576, 4.602776, 3.7796924, 1.5639313, 4.470529, 1.1804891, 0.42145273, 1.815846, 2.1925876, 0.8315211, 3.2407572, 2.1756604, 0.012183275, 2.9980295, 1.8265331, 3.0105054, 4.2929435, 3.4577513, 3.4263563, 1.0989962, 1.3581724, 2.0326502, 3.850914, 2.1209693, 0.6846699, 1.9823736, 4.23357, 4.0474415, 3.096877, 4.9332795, 0.6798244, 3.2911346, 0.7538317, 2.3154087, 4.8513727, 1.7663841, 2.4197333, 3.9911733, 4.806919, 0.5630302, 0.61612594, 3.7041056, 1.6003833, 3.3133655, 4.7661576, 0.35319138, 2.286406, 2.9682841, 1.4435651, 2.6368284, 4.238432, 1.9848118, 1.2414435, 2.3659842, 3.3815963, 1.4464179, 0.47192794, 1.0593624, 0.21494818, 0.41104785, 1.0813664, 2.956036, 1.2077519, 2.6392126, 1.5471706, 0.7067592, 1.3836931, 1.8270011, 4.2164683, 0.5665184, 3.3851182, 0.614568, 4.4348426, 2.6220412, 3.0844264, 3.252907, 3.839652, 2.2969656, 2.582539, 0.17387003, 0.2537645, 4.3036695, 3.6054964, 3.3579595, 1.1894085, 2.4887764, 2.0542426, 3.2443957, 3.1667655, 3.2255142, 0.38702393, 2.986069, 4.5828333, 0.69906306, -2.107129, 1.3572295, -1.3610067, -0.31948894, 1.0610545, -3.5126495, -1.3890063, -1.5754693, 0.26239863, -2.5700123, -0.91843987, 1.1771625, -0.36393934, 0.09999829, 1.6711495, -0.06801207, -0.3384819, -2.878062, -1.968801, 0.012363036, 0.96567863, -1.73031, 0.862274, -1.9608625, 1.9753418, -0.25590867, -1.051153, -0.872131, -0.2998521, 1.244695, -0.6064924, 1.90199, 1.8096374, -3.5271661, -1.2740877, -0.2981929, 0.99272496, 0.2071255, -0.6066604, 0.4941145, -0.32186636, 0.69697905, 0.60224664, -0.6338375, -1.4113467, -0.17076138, -2.305993, -0.37165526, 0.29726815, -0.7197017, -1.4313923, 0.25788358, -0.5589428, -0.8279051, 0.040272884, 0.26688656, -1.8683347, -0.012393953, -2.0758004, 1.607259, -0.36141336, -1.4724282, -1.0139185, -0.42929867, -0.73327976, -0.080193534, -1.0143943, -1.3830296, -0.45768973, -1.0540049, -0.78034717, -0.015794042, 0.4455886, -1.8135011, 1.277922, 0.50539887, -0.62494445, -1.0273477, -0.08446295, -0.7133417, -1.974198, 1.4271479, -1.0528383, -0.2860462, -1.8823525, -3.2847571, -1.68248, 2.3997958, -1.7806296, -0.64612174]
[3.0535033, 2.9375155, 3.3088257, 3.5213046, 0.1673824, 2.2361073, 0.044185042, 0.7562557, 2.7370155, 1.4310654, 0.37280056, 4.7096987, 2.266986, 4.6493883, 1.3137114, 3.3173048, 4.341242, 4.31361, 1.6845503, 0.47830233, 1.7164122, 1.079324, 2.4008512, 1.38701, 1.5156246, 0.1297837, 2.2871518, 0.96125245, 3.4808464, 3.1648788, 1.2217016, 1.3065827, 1.698047, 2.2044766, 2.4528642, 4.167542, 1.7879955, 4.573529, 3.3286932, 4.362204, 2.3539875, 2.4053369, 4.364858, 0.07814162, 4.50538, 4.2567606, 0.40502298, 1.5150579, 1.066133, 2.1339319, 1.4659185, 3.9156263, 4.2318554, 3.3581626, 3.8025844, 0.86973864, 1.6313056, 1.8216809, 2.1608672, 0.62348044, 0.15345809, 0.4391041, 4.5063148, 4.150347, 4.499521, 1.7076766, 1.2497627, 3.7265098, 4.9137034, 4.0093584, 2.9823003, 2.8820577, 1.1111807, 0.29182646, 0.99755734, 0.76039714, 1.4620633, 0.30007398, 3.2750897, 0.1666408, 3.2241411, 2.3476796, 3.4776864, 0.087071724, 3.3084645, 2.6681218, 0.58696145, 0.01947354, 4.829819, 0.97533214, 1.9667265, 4.5730863, 2.598253, 2.0488324, 0.33173305, 2.9115586, 1.1403005, 2.9406826, 1.8211751, 1.7487178, 4.2137694, 0.34369928, 4.3058505, 3.8235025, 0.9268247, 3.007953, 0.16488084, 2.2888315, 0.422964, 0.7314685, 1.1826833, 2.3965156, 0.64822346, 1.8498093, 4.2144413, 4.39423, 4.6400795, 0.467041, 4.028753, 3.9151256, 1.0136578, 2.7493024, 4.7617497, 0.4118677, 4.58003, 2.8134372, 1.8984255, 4.781022, 3.972159, 0.081962936, 4.657909, 4.32185, 4.356931, 0.49147168, 0.8644295, 1.7800837, 0.774906, 2.3865159, 1.6471157, 4.0750694, 2.173052, 3.0773957, 2.0309894, 0.9532048, 4.315213, 4.6098123, 0.99665993, 1.5871786, 4.787975, 0.63459045, 0.175561, 4.138086, 1.8886989, 3.0156643, 0.76417875, 0.13925976, 2.366348, 0.012859832, 1.6553236, 4.243814, -0.60771376, -0.949691, -0.89816386, 1.2366631, -1.1965214, 0.43370247, 0.6597553, 0.4565401, -1.6959096, -1.3648136, -1.6568985, -1.7617348, -0.82022244, -1.5434201, 1.6029208, 0.45683625, -1.0255414, 1.4523034, 0.31183338, -0.86080295, -0.2796151, 1.1683626, -2.059809, 1.7098451, -1.2930593, 1.9861416, 1.7898964, 0.27319428, 1.3467008, 0.6392602, 0.13438287, -1.8416848, -2.155561, 1.4438779, 1.3333825, -1.7880666, -2.550454, 1.4288422, -1.4106197, -2.6963787, 0.066525236, 1.625438, -2.1265614, -1.3518345, 1.1047298, -0.3342858, -2.021858, -2.207433, 0.47078598, 0.24381258, -0.7469205, -0.9139185, -1.2300797, -1.8872652, -0.10055478, 1.1892803, -1.5099245, -0.6300183, 0.14009817, -0.48358348, -1.4010017, -2.3710415, 2.3706598, -1.0831774, 0.895284, -0.9113993, -2.0704045, -1.085919, 1.3466413, -2.6122475, -1.0511365, 0.3967708, -1.6726584, -0.38499326, -0.29064128, 1.5917674, 0.47888723, 0.8347697, -1.090575, -1.3305078, -2.3958185, 1.0584351, -0.51687646, -1.1605074, 0.026743297, 1.0517482, 0.55898964, 1.3458904, 0.23370804, -0.5433131, 0.87994283]
[2.8747272, 2.0822825, 1.6340106, 4.2351184, -2.8904483, 1.5606112, 2.0577714, 0.8693913, 1.444673, 1.7592704, 1.6836641, 0.14082825, 1.944388, 4.9585934, 2.593278, 1.8327396, 4.7570105, 3.2364342, 2.9901621, 4.5599194, 2.6924274, 0.6248294, 4.759311, 1.9492188, 3.9596736, 4.715518, 3.8487856, 1.5424422, 2.394532, 0.84130174, 3.3576136, 2.0206013, 3.9475517, 4.664702, -0.015040305, 3.4444644, 3.5180066, 0.441163, 1.6098398, 3.97878, 0.108314134, 4.178023, 0.5186683, 0.19457878, 3.6925113, 2.3075643, 4.541939, 3.0718663, 4.0202885, 1.7833198, 3.932398, 2.6564631, 0.84455746, 0.19382657, 4.34986, 3.1496887, 4.565875, 2.8077195, 2.4232037, 0.63570327, 2.828351, 0.1420715, 4.7986503, 1.7340497, 3.782388, 0.74516696, 2.2802694, 4.962072, 2.3537443, 2.600476, 3.2450113, 3.573097, 2.3820074, 1.4739091, 2.6225567, 4.4330754, 2.3903747, 3.8037667, 2.405051, 4.562505, 4.3928704, 1.5816087, 3.7901902, 4.8923993, 2.5649736, 1.3054539, 4.536773, 3.0260546, 2.5467947, 0.5426809, 4.965248, 2.144929, 2.9007125, 0.31167945, 3.37514, 1.1005236, 2.1629567, 2.8531895, 3.8137064, 4.5248246, 3.239633, 4.0440493, 3.7437901, 1.9357457, 4.954316, 4.3950477, 3.2077587, 3.2059746, 4.075611, 3.4249568, 0.40351188, 2.1543868, 1.7848177, 4.2004986, 2.4266562, 0.36876947, 2.9239619, 3.4382908, 1.4801764, 4.5249405, 3.925986, 1.5102363, 1.5197161, 0.35136065, 4.5842795, 0.58409595, 2.4467258, 2.6226592, 1.1112823, 4.7564716, 3.957231, 3.6539736, 3.316125, 3.5763767, 4.4684286, 2.3430076, 2.2481322, 3.5280018, 3.0277581, 1.70521, 0.97522575, 1.4898223, 0.6655518, 4.849761, 4.597323, 1.4806701, 2.873917, 2.6949923, 1.2552732, 1.8014964, 0.71695936, 1.5895259, 1.2940463, 2.8798366, 4.6167755, 4.6757545, 2.7531755, 3.2070396, 2.9684124, 4.3232136, 0.95028687, -0.3713446, -0.005871995, -0.80513406, -2.0166924, -2.358122, 0.72338736, -1.7922109, 0.5195848, -1.8653442, -0.8793977, -0.4115824, -1.5376, -0.5059527, -1.6136335, -2.0138307, -0.37177706, 0.41107813, -0.51097393, -1.7579908, -1.6243007, -1.4793936, -2.002872, -2.5432084, -1.1076804, 0.5769074, -1.0951483, -0.5925553, -1.4356061, -0.6144502, -2.970266, 0.15578647, -0.07464282, -2.285371, -0.9825283, 0.6802869, 1.637033, 0.27309674, -0.80102813, -1.0894486, -2.0888667, -1.2351434, -3.0005162, 1.1212051, -2.041585, -2.5154746, -0.6086154, 1.0533818, -2.3164327, -1.9871787, -0.26293704, 0.64971983, 0.3966643, 1.8817716, -0.38141152, -1.9786309, -1.4318589, -1.9366679, -1.6564177, 1.2915112, -2.605612, -2.3791904, -1.6671615, 0.001728929, 0.31358725, -1.2412689, 0.4876493, -0.27787063, 1.1996851, -0.4219911, 1.7434638, 1.2916801, -1.9115386, -0.90363264, 0.92609113, -3.2972128, -1.8027875, 0.7316902, -0.37959883, -2.3408637, -1.8782426, 0.35545337, -1.3848407, 1.5983615, -0.32881695, -2.4248135, 1.5835112, 0.35011354, -2.3229363, 1.6671405, -0.70622194]
[3.2740815, 1.806294, 0.47551954, 1.3634487, 0.2841539, 2.9853818, 2.705581, 0.9636906, 1.8504064, 0.34951705, 4.781223, 3.436649, 2.0522027, 3.583871, 4.623118, 1.9701363, 3.1071713, 0.33846268, 1.1229035, 4.3251395, 0.74754316, 0.16053665, 4.7922363, 4.5375595, 1.4165554, 1.1175213, 1.2185105, 2.6894736, 1.9780682, 4.3686585, 0.48549268, 4.8160295, 1.6267825, 2.7083728, 1.8313568, 4.5704403, 0.058581743, 2.0413916, 4.355829, 0.27523935, 0.7279371, 4.297063, 0.02062698, 2.584951, 0.39277908, 2.9929652, 1.7608393, 4.2275186, 1.2180163, 3.5290287, 0.35066012, 3.5272846, 1.0989805, 4.021559, 4.034057, 1.7670823, 0.5190828, 0.37187484, 3.2439868, 2.6045105, 3.0961173, 3.7648273, 1.2063278, 3.445368, 0.07495322, 2.178112, 4.313707, 2.3053951, 0.50686324, 0.587214, 3.1675348, 2.8483212, 0.78445417, 0.33419335, 0.8414059, 0.15393622, 0.15099663, 0.6307511, 1.300374, 3.611203, 3.5849895, 3.2195363, 2.8261588, 3.334878, 2.3448336, 2.3485756, 3.397404, 0.43334714, 4.805541, 0.40217507, 2.423313, 3.6029038, 4.8996983, 1.3787698, 3.0738328, 1.9823047, 0.91843253, 4.1841526, 2.2971587, 3.6204965, 3.4838345, 0.29919085, 0.9419207, 1.6977782, 0.9148022, 1.1089666, 0.046402823, 0.35200977, 4.027476, 1.9229468, 3.513134, 4.9447956, 2.2969396, 3.860318, 2.9239771, 2.9896948, 1.8510045, 2.1038218, 2.2039034, 3.051607, 3.2178745, 2.18376, 3.9971826, 1.3939732, 2.6450622, 3.58282, 3.80779, 1.3788279, 3.7175853, 0.6191766, 3.2828777, 1.9236704, 2.1258795, 1.4180213, 0.5092876, 4.62109, 3.530804, 0.7723732, 4.6358647, 0.15453263, 4.541925, 2.533198, 1.8489804, 3.2453794, 2.0393345, 1.4894772, 1.8096544, 4.892475, 4.6623816, 2.5667117, 3.0460212, 0.1610339, 3.2425628, 1.8304167, 4.7744403, 4.6086326, 4.040361, 1.8105041, 3.7175534, 1.3718017, 1.5904931, 0.88649446, -2.06184, -1.7098162, 1.2721415, 0.4494414, -0.11807056, -0.07805812, 1.6935875, -1.1483669, 0.12060083, 0.3272243, -1.1973175, -1.1401205, -1.9463209, -2.3911324, -2.4397068, 0.52871716, -2.861677, -0.021235658, -2.664635, -1.9868107, -1.595049, 1.5837401, 1.5834225, -2.3917842, -2.0516343, 0.47995198, -1.3789734, -0.9706687, 1.4589748, -0.69429076, 1.026088, -0.6202615, 1.2801219, 1.600126, -0.8838453, -2.364094, -1.1703076, -0.9771708, -0.26860446, -1.0676478, 1.8500423, -1.5641267, -2.0148008, -1.8627108, 1.5868094, -2.499528, 0.7299007, -1.001926, -0.5144572, -1.6730801, -0.42460203, -1.8657899, 1.109319, -1.909051, -1.7984383, 1.4866917, 1.0065597, -0.15908247, 0.44450474, 0.7098405, -1.4787441, 1.2980236, -1.4812062, 1.4625559, -2.0562372, 0.096881114, -1.8086317, 0.9665673, 1.4975853, 0.43264586, 0.20164764, -2.3057249, 0.36781177, 0.11360094, -0.77450943, 0.45179158, -1.961891, -0.6601142, 1.8891673, 1.5935346, -0.18232594, 0.37773943, -0.43461508, 0.40606257, -1.7287406, -1.2118595, 0.0888583, -1.5037749, 0.528865]
[0.1883557, 4.7079086, 1.7140062, 4.6156054, 2.0572402, 0.4006938, 0.968369, 2.5634696, 4.227946, 3.1253078, 0.19458763, 2.4315677, 4.671961, 2.8685412, 1.5976307, -0.022287374, 0.4410216, 4.8309336, 2.27471, 4.050415, 0.9141973, 2.7572966, 4.2316513, 1.3850071, 1.9092157, 0.71331716, 3.2619383, 3.3335273, 4.3761907, 4.7167616, 1.316802, 3.5789328, 3.7358227, 1.567652, 0.92868686, 3.947096, 3.2878914, 3.2652197, 0.5405604, 0.15642747, 1.4187558, 0.6402947, 2.8090243, 4.432255, 0.2421638, 0.45693207, 0.40401947, 1.5387892, 4.8091025, 1.2765753, 4.669365, 0.7314161, 2.3645942, 4.615362, 4.294178, 1.7169315, 4.326017, 1.9335519, 1.7238367, 2.9925983, 4.1519775, 2.3435917, 1.3077506, 4.666517, 3.712068, 4.925098, 2.9578626, 1.9050107, 2.590895, -0.0019073475, 0.080721825, 4.314199, 2.8121195, 1.0725408, 1.8484492, 4.6946793, 3.9238327, 3.9890711, 0.42349634, 2.9921534, 0.6740457, 4.126157, 2.7147698, 4.4107533, 1.0056202, 1.2917798, 2.0614138, 4.858928, 2.4873247, 2.1818547, 0.9502006, 1.5821072, 3.9298944, 2.607287, 0.017307634, 1.8651117, 4.8068366, 3.4814284, 3.1263392, 0.9971757, 0.26043233, 0.25502995, 2.1386776, 1.7940438, 0.76429814, 4.546008, 3.421134, 2.0878847, 4.0643306, 1.8319591, 1.0303969, 4.419495, 1.8472292, 1.7190634, 2.2089517, 0.5282668, 0.46053132, 3.246515, 0.30029675, 3.8535497, 4.3914337, 0.9031654, 4.6275816, 4.6151376, 4.6252146, 1.2292142, 3.2748547, 2.2723575, 2.5558555, 0.6854291, 2.9035814, 4.350323, 0.47177988, 1.1463722, 1.5311366, 2.2828336, 0.5597986, 0.9761386, 4.793972, 2.6062005, 0.74145204, 4.914943, 0.49015433, 2.7260225, 4.3203297, 2.342547, 2.8843966, 2.2742949, 0.46365857, 2.5572896, -0.01142568, 0.25963283, 2.6615434, 0.9777317, 4.860026, 0.1320317, 1.2959387, 2.815213, 4.19208, 1.652216, -2.9902582, -2.928214, 1.2539296, -0.15823957, 0.3054428, 0.7642846, -0.99592096, 0.8576992, -0.5868913, -0.7103803, -0.3520556, 0.73670346, 0.17893472, 0.82773525, -0.72095907, -0.32100198, -1.856059, -0.55927896, 1.81645, 1.4850681, -0.5234719, -2.2839112, 1.9347351, -2.434695, 0.3917147, -2.0579095, 1.5609945, 0.7332196, -1.4017731, -1.5051408, -1.1454983, -1.0096284, 1.6605197, -0.5875764, -0.49196836, -1.8615727, -2.021262, -3.3534381, 0.91123736, 0.7200276, -1.8621755, -2.2527802, 0.23203057, -2.5747862, -0.6760109, 0.30106315, -1.2332026, -1.8594273, 0.69932574, -0.8198024, 0.90920264, 1.8689381, -1.8928206, 1.3136096, 0.8450494, -1.7480669, -0.41907102, 0.1532825, -0.16694969, -0.48725846, 0.008394919, 0.77044684, 1.8962393, -0.7912713, 0.61535525, 2.0409536, 2.3845365, -1.1236367, -1.8904614, 0.64212835, -1.7490994, 0.20881483, -1.8494458, 0.867219, -1.8989158, 0.53181547, -1.9679508, -2.1480668, -0.19744541, -0.92150664, 0.6655236, -0.49095917, -2.4757786, -0.3907302, -1.1000627, -0.4197605, 1.2079532, -0.37035266, -1.7510568, -2.1144254, -1.2456948]
[3.3081336, 1.3176194, 1.6945002, 3.7732038, 0.11763373, 0.89483374, 3.7290487, 1.6386626, 0.3649092, 1.8886226, 4.1663733, 2.9083824, 4.29732, 4.861917, 0.51775247, 3.06675, 0.10274054, 4.2865543, 1.9504743, 3.9804413, 2.4164002, 0.42916465, 4.7548366, 2.0108645, 4.8902745, 0.7068635, 3.0474212, 0.053809594, 4.017298, 1.6433371, 4.2889304, 1.816664, 0.36251578, 1.4962635, 1.3038415, 4.9559903, 3.4692407, 1.5459299, 0.8762572, 1.6070457, 2.7536626, 2.0005229, 0.032474536, 3.8204052, 4.91178, 1.6380864, 4.7676053, 0.7987383, 2.1819015, 4.0959, 1.8605509, 4.1103425, 4.7200313, 0.05277141, 4.401481, 2.247408, 0.33108863, 4.0923247, 4.3850017, 2.6817837, 0.4176572, 1.035541, 3.64791, 2.3034794, 1.1355443, 4.494746, 1.1460265, 1.9248692, 2.852019, 0.6277868, 3.2281473, 0.4126847, 0.7431052, 2.5674424, 1.872674, 0.5570039, 4.380443, 2.9927363, 3.4558516, 3.4798887, 3.6113887, 3.3872793, 4.043058, 3.5643296, 2.056454, 3.277615, 2.4227169, 1.2752787, 4.5106683, 4.4604683, 4.782501, 0.022536786, 0.9688249, 1.5337542, 2.1233606, 3.1872268, 2.159988, 3.1135328, 3.1676576, 2.9326508, 4.4680996, 2.6788867, 4.772209, 4.2695594, 3.4229085, 1.0161616, 2.71115, 0.99352217, 4.526097, 0.16801885, 2.728368, 4.203265, 3.1831887, 3.4638486, 2.7220597, 4.2749777, 2.266046, 0.66700166, 3.0666685, 1.8631195, 3.7056465, 3.4244497, 4.7219872, 3.0487359, 0.6626355, 3.604717, 1.7771789, 0.5502633, 3.5806103, 2.4311945, 1.8513604, 2.6182826, 3.379611, 3.3450189, 3.0040772, 4.476249, 0.5665248, 2.0361755, 4.499197, 0.91482294, 1.0985146, 2.2129624, 0.52204335, 1.0458935, 4.0973096, 0.5932853, 4.888326, 0.7070404, 3.9081266, 0.60975075, 1.8730801, 0.67496526, 2.6921606, 0.8625847, 1.5916414, 3.8176224, 1.0142503, 0.08006955, 0.14813983, 1.2478675, 0.3758919, 0.9781311, -0.16428578, -1.7718551, -1.7741826, -1.5803732, 0.9852749, -0.615335, -1.9030459, -1.5172116, -0.15945695, -1.9392807, 0.6039216, 0.113143586, 0.8035828, -0.8017889, 1.8946393, -0.994133, -2.0008438, 2.1263003, -1.327512, 1.6932278, 1.3675117, -1.4816645, 1.7881721, 1.066138, 1.8382745, 0.6611198, -1.7090904, -2.8694754, -1.2070041, 0.20191342, -1.733741, -0.90054685, -0.4110622, 0.7021082, 0.81811035, -0.5587034, -0.7594385, -1.1917063, -1.8150615, 1.3538613, 0.6541995, 1.2007619, 0.50099236, 2.3348653, -0.49599716, 1.0328727, -1.8403033, 1.5948806, -0.67612505, -1.8629956, 0.2602456, -0.39318717, -1.9886985, 1.5266787, -1.5694356, -2.2919178, 1.1335385, 0.74301934, -1.29037, 1.5223625, -2.01909, 0.5815389, -2.6198764, -0.11083644, -1.1156892, 0.010033353, -1.4717355, -2.5937057, 0.8872479, 0.0973145, 1.6560024, -0.7637756, 0.56097746, 0.30550337, 0.25830126, -1.1668183, 1.6861712, 1.7984855, -0.54303634, -2.431448, 1.0383596, -2.3328235, 0.40436834, -2.4277902, -0.17424098, -1.6013478, -0.5691976, 0.6917191, 1.1229444]
[3.5272408, 1.0886135, 0.41861445, 4.5081844, -1.952893, 0.4189655, 1.0518034, 1.3895239, 4.917427, 2.209366, 3.3912525, 2.7205474, 0.8336144, 3.6795886, 4.7615237, 0.5056844, 4.9567122, 3.5275824, 3.5153356, 2.7064474, 3.7922952, 4.102839, 0.94544095, 4.7573795, 4.851181, 0.09145453, 4.485368, 4.6726813, 4.161599, 4.1931357, 2.6535728, 2.797696, 2.1724455, 0.19368054, 0.5760735, 2.7383993, 3.766504, 2.2072363, 3.546674, 1.8532377, 2.3884182, 4.6985574, 2.5782046, 0.18152286, 2.7776113, 2.0869339, 1.8690162, 3.1885843, 4.9543414, 3.4027658, 2.7772, 4.9806733, 2.2966366, 0.033208776, 3.7484386, 0.7513684, 2.9311922, 2.6372, 1.963164, 0.44735324, 2.8725054, 2.6192632, 0.8188817, 0.014732956, 1.4426976, 3.9823012, 1.6476167, 3.6555629, 4.247407, 1.3886247, 2.9781022, 4.3519034, 2.3178492, 4.8489423, 2.249102, 3.3622794, 0.9780299, 1.7014818, 2.4186854, 0.4740356, 0.21087402, 2.599787, 2.4506671, 4.794061, 1.2539247, 3.995938, 4.946749, 2.654615, 4.0729017, 0.024619704, 1.4195807, 0.5310188, 2.1091874, 3.7622974, 4.0033517, 2.4185648, 2.3755972, 1.3600678, 4.1642313, 0.17165484, 3.4813519, 2.2293625, 1.733482, 1.3890465, 0.6191131, 4.360311, 0.8146845, 1.1378736, 1.015509, 3.1975768, 4.8972487, 4.788997, 0.715786, 0.65626705, 3.2849896, 4.2680836, 3.29169, 2.5134356, 1.4338001, 1.8634316, 3.612652, 3.3301451, 2.3344805, 0.31143895, 3.218935, 0.35615692, 0.9898827, 2.1623979, 4.037241, 2.5694113, 4.791599, 2.531955, 0.6242504, 2.9557374, 4.796334, 3.1604507, 4.6900196, 2.353012, 4.3216405, 0.9362656, 3.7398343, 4.284523, 1.855657, 0.18713722, 1.2170985, 3.3325195, 4.904565, 0.5213878, 1.1091337, 0.06148389, 4.5315742, 4.03235, 4.2746925, 4.482971, 3.921229, 4.0764713, 2.6714466, 0.6676398, 2.2521205, 4.8420305, -2.468576, 0.59175533, -0.72361106, 1.7016064, 0.80294293, -2.0087965, -1.2229944, -0.55301774, -0.9145245, 2.5720181, 1.8537927, 1.8577906, -0.29181364, 0.9913782, -0.97556937, 1.5850527, -0.03597963, -1.3120122, 1.6482756, -0.47481278, 2.1367552, -1.8797879, 1.6070071, -0.74717957, -2.3014073, -2.1573017, -1.9796771, -0.07133764, 0.28456822, 1.329935, -1.4134934, 0.19852786, -1.9407413, -2.1940196, 0.44667193, -1.2034743, 0.4521863, 1.0661336, 1.0402052, 1.3437672, 1.7376167, 0.31139746, -0.6425069, 1.4894704, -0.8711328, 2.1160288, -1.0797232, 1.883823, 1.5641261, -1.077528, -0.9324698, -0.58988506, -0.7121048, -1.9262269, -0.7957801, 0.63659465, 1.3753073, 1.1743444, -3.5052242, 0.731059, 1.5824068, -1.7332492, -1.3773959, 0.64541507, -1.436723, -1.323382, -0.5856456, 0.38260752, 0.48786667, 1.1949193, -2.2510028, -2.4333944, -1.2478758, -0.31157714, -0.88591194, -2.0844445, 0.23259528, -0.5363353, -1.2229162, 0.086773165, -1.1211442, -2.356762, 0.5637516, -1.1918813, -1.0930018, 2.372028, -2.4889305, 1.7962738, -2.428722, -0.50496346, -2.8476572]

 

Accuracy: 40.384613%