Final Weight Matrix:
[3.0388925, 2.709014, 0.68136424, 0.9371245, 3.3906956, 0.76245755, 1.2357209, 3.1313338]
[1.625557, 3.6287296, 2.982654, 0.065910816, 1.3827362, 2.0666156, 2.387775, 1.3943911]
[0.70390135, 4.934531, 4.6753983, 1.127786, 4.932796, 3.1291392, 4.9087653, 1.9274229]
[4.5261626, 2.4934218, 0.53284585, 1.5942425, 2.3481, 2.6284301, 2.747123, 3.949784]
[2.1004484, 4.3985863, 3.3481102, 1.6264528, 0.2943611, 3.0124571, 4.3138275, 3.5841298]
[4.7697563, 1.6559527, 0.45471042, 3.4399416, 1.974681, 4.5351653, 2.6900878, 0.571813]
[0.6087759, 1.8993723, 4.6422954, 1.9587245, 3.4751887, 0.72460175, 0.19060284, 0.5164066]
[1.4626008, 0.57367414, 0.7665357, 2.332187, 0.06101489, 3.0545175, 0.57602763, 4.3931856]

[-0.65669286, 0.37200922, 4.1553183, 2.0248868, -0.043441538, 2.022416, -2.8632782, 3.4964077, -6.7859683, 3.132546, 3.2991242, 2.780288, -17.694613, 0.17394325, 1.4439454, 0.84134156, 3.3511665, 3.7790587, 3.9397862, 2.6509197, 2.0290997, 0.5531977, 0.34506664, 4.5167007, 2.2082505, 0.06217504, -0.08083353, -0.87685937]
[0.07499661, 3.4513714, 1.247221, 0.8475291, 1.4185458, 2.2224078, 1.1032575, 1.4026499, -9.302774, 3.1518676, 3.1498895, 1.0235642, -18.286402, 3.1317644, 2.81124, -0.15674949, 0.15434138, 1.5065593, 3.3965294, 3.5455618, 3.501543, 0.070001625, 2.2710066, 0.081645735, 3.0548632, 0.23043329, 2.843246, -1.3697345]
[1.914448, -0.103512906, 3.0277658, 0.088862196, 0.09067455, 0.6682617, -0.71024674, 1.7412902, -8.703786, 1.9629002, 1.1424011, 0.28321043, -17.321966, 4.0153136, 0.29481414, -0.096010774, 2.4814172, 0.4904443, 0.13111366, 1.4236848, 4.26001, 0.5506329, 3.4894571, 2.4183688, 0.073010236, 2.0072188, 3.6058483, 0.29474145]
[0.878527, -1.1115655, 2.3847108, -2.2967541, -0.9446774, 2.245289, 0.13297272, -0.17779732, -10.245776, -1.5984213, 1.2856392, 2.983056, -21.092888, 3.2810962, -0.55473447, 2.4911623, 2.83514, 2.631789, -0.8204414, 0.7565294, 3.3758168, -0.5075648, 1.1129769, -0.87819076, 0.9775609, 1.8194436, 0.3452381, -3.864095]
[-0.74771374, 0.5671009, -0.22454424, 1.5190462, 0.5274579, 3.4727914, -0.22626278, 0.04793508, -5.2614098, 3.3492405, 3.4031737, 1.0114048, -18.34054, 4.2705936, 2.4666991, -0.60837305, 1.3672907, 4.345242, 2.2752628, 1.5643294, 1.6539578, 1.4166658, -0.3003996, 0.024035435, 0.94725454, 1.7258707, -0.020749522, -2.101285]
[1.1615342, 2.8975778, 3.5941827, 3.6550586, 2.4658363, 1.4283625, -0.5598609, 0.7078651, -9.207956, 0.05290139, 2.0422351, 2.4641788, -19.001436, 0.073673666, 0.5711534, -0.22745907, 2.851278, 1.4482903, 2.8152905, 0.5151509, 2.510078, 0.56220245, 1.1144733, 3.7938142, -0.47338575, 0.19256243, 2.1874635, 1.7065082]
[0.5605569, 3.0579748, -0.24903141, 3.2742248, -1.0343964, -0.67674, 1.1842626, 4.3816233, -9.525056, 0.11745492, 0.2778818, 3.0598238, -18.877644, -0.06338892, 2.974575, 0.51622516, 1.707365, 4.474922, 0.5977888, 2.0983799, 2.8089132, 1.4412813, 3.5870097, 1.0433813, 0.5387663, 2.120238, 1.6929967, 0.7424544]
[4.139008, 3.832006, 1.2881286, 3.4011958, 1.6444966, 3.887149, -2.691637, 3.3118644, -9.182437, 2.176046, 3.623368, 1.4486766, -14.846885, 0.6655989, 1.8863627, 3.9832146, 2.7751932, 1.3721513, 0.7354291, 1.5286243, 1.8781223, 3.0834012, 2.92645, 3.0160513, 0.6495371, 0.25625396, 1.6461173, 0.7677392]

 

Accuracy: 1.9138756%