Final Weight Matrix:
[4.0187955, 3.4935987, 1.0499281, 3.6833234, 3.0664496, 3.3297925, 2.3825603, 4.980055]
[1.6397828, 3.4513211, 3.850899, 4.4708276, 4.313527, 3.7387729, 4.5166693, 4.519616]
[3.257924, 2.5684605, 2.1372352, 2.5616157, 3.7138236, 0.80893487, 0.42434722, 4.230502]
[1.4814043, 4.248533, 3.079042, 1.2751639, 3.0608914, 4.800019, 3.3632824, 4.0311537]
[2.934978, 2.3722167, 1.7831999, 2.5112092, 2.4817653, 1.4176044, 2.0697389, 2.5364802]
[3.1900313, 3.2976701, 3.3441005, 2.2855673, 1.5798134, 1.9584658, 4.894672, 4.1228256]
[0.45296252, 1.1970184, 0.8193308, 2.1519012, 0.58110327, 4.510376, 3.3054268, 1.0870379]
[3.530836, 4.154084, 2.1358433, 4.345895, 1.2048934, 0.3623867, 0.18286169, 1.736572]
[4.598146, 1.4806738, 1.9448171, 4.372079, 0.8118683, 0.0794816, 3.3095508, 4.021993]
[1.199646, 1.5221968, 2.6123824, 2.6685872, 3.6230006, 2.2745843, 2.0668044, 2.6288984]
[4.741612, 3.8181303, 1.8585682, 1.9314287, 4.4474144, 4.9712653, 0.6365502, 0.28319538]
[4.4475, 4.8588123, 3.0382717, 3.6573744, 3.4094045, 4.5920973, 3.938703, 1.3918402]

[-0.9654742, 2.831493, 2.6882603, 1.4662068, 4.615669, 1.0236584, 3.119491, 3.034006, 1.693154, 3.7268698, 3.8102412, 4.854026, 2.6182842, 3.9604115, 0.6935567, 4.79279, 1.6501163, 3.779443, 2.154145, 4.9453235, 2.646095, 0.5745427, 1.2321048, 4.7532263, 4.3938904, 1.9111208, 2.1377196, 4.175722, 4.516733, 3.0611906, 2.2172296, 4.6723356, 4.632986, 4.925432, 3.0137925, 3.7147245, 4.9508038, 0.90423375, 0.7804239, 2.217897, 2.5853083, 3.4208393, 0.52731663, 1.7297918, 4.6699705, 2.7451172, 0.8928364, 2.7213345, 2.6145532, 2.1089544, 3.784431, 1.8021636, 4.5074196, 0.64899874, 2.2509217, 2.0806472, 4.9310427, 4.983305, 1.7546169, 3.9566398, 4.0435143, 1.2030491, 1.0841954, 0.98653567, 0.63633037, 3.0497186, 3.8629882, 1.0918069, 2.0168612, 2.2504358, 0.16019316, 3.7615123, 1.1802413, 0.6514727, 3.9657152, 0.87573606, 4.8576503, 2.3385105, 4.585266, 2.939151, 2.953302, 0.2652372, 2.3892162, 2.4457006, 3.2035372, 0.89438814, 2.2218845, 2.7158575, 1.356612, 0.5339591, 0.9743776, 3.6543343, 1.2338418, 1.9149846, 2.4273183, 1.3186717, 1.2628893, 2.6850815, 1.5513725, 3.0083168, 4.908028, 1.5761995, 4.1408844, 3.4920604, 2.048955, 1.894057, 4.0514054, 0.7614211, 2.9922101, 1.2975489, 4.5653367, 0.21595253, 0.8306295, 2.2910519, 1.1870849, 1.189778, 3.939405, 2.239812, 2.4376059, 3.0048523, 1.6938353, 1.9985642, 2.6408696, 2.4737597, 2.0839753, 4.7323594, 0.33908126, 0.062826626, 1.8524129, 3.456032, 2.8713658, 2.118461, 3.8184545, 2.0963426, 3.5557814, 0.9713617, 2.7007332, 3.5936556, 2.8876765, 4.4994125, 2.49939, 2.5861197, 3.7423933, 0.4862233, 4.683876, 3.7118118, 2.8494146, 2.4834876, 0.8634841, 0.5785467, 4.118727, 0.49594483, 4.7338395, 4.8266892, 3.9000568, 2.9038703, 0.71004605, 3.9426072, 3.86131, 2.2149503, 3.7972693, 1.1618615, 4.460258, 0.12908874, 2.3043199, 3.57654, 3.2060428, 3.139364, 4.625459, 1.9168564, 3.0613725, 3.7211056, 4.915106, 3.4241858, 2.047079, 0.45638305, 1.5744414, 4.801441, 1.9585092, 4.844217, 0.2840716, 4.856226, 3.8833811, 4.056856, 4.6462283, 4.0486813, 2.9026694, 1.8305632, 2.6442149, 3.2619762, 3.66902, 3.4997318, 4.31553, 0.37351578, 3.8983483, 3.0598843, 2.0491028, 1.8189722, 2.4279575, 3.9895904, 2.1309192, 1.1765245, 3.3145132, 0.042713735, 2.5663345, 2.8654804, 3.5093944, 1.3743398, 4.0382576, 0.6377433, 0.4009266, 0.57822806, 0.6239852, -0.882887, -2.2719092, -0.94728816, 2.361824, -0.8105267, 1.4594783, -2.1088254, -0.1090712, 1.9451276, -2.2859962, -1.0348103, -1.5798103, -2.2098265, -2.3054242, 0.81981003, 0.71169716, -1.8668116, 0.39712656, 0.42807427, -1.0520225, 1.0090687, 1.4487218, -0.8796115, -0.36681324, 2.3784928, -1.529961, 2.2145035, 0.78673893, -1.9426224, 1.0916909, 1.1564927, -1.43384, 2.129838, -0.49630216, -1.9267051, 0.02572697, -0.72711897, 2.07132]
[-1.6043415, 3.5106306, 2.593773, 0.5868034, 1.0987107, 3.3334088, 4.910621, 0.16794258, 2.207363, 3.9735339, 1.1951591, 4.7086186, 3.2313511, 3.2252104, 1.9990965, 0.45833957, 2.3229158, 4.8540707, 2.7630737, 1.3142773, 0.37396702, 3.2550702, 3.966784, 2.6982374, 3.5245323, 1.4173908, 3.3408437, 1.0095598, 0.22680211, 4.6224294, 0.33584866, 4.2932367, 0.20589447, 1.5727423, 0.020524126, 2.3348618, 4.306449, 4.4210334, 4.4316564, 1.1399665, 2.0484016, 3.3531458, 4.18295, 2.7604814, 1.4244608, 3.8912246, 0.55837405, 4.8164015, 0.95288455, 1.0959086, 2.3716383, 2.463044, 0.70188546, 2.2183206, 1.6130251, 2.3461123, 1.5913366, 4.7617135, 4.704584, 3.4076807, 3.9732606, 2.0135055, 1.9683263, 1.8922948, 3.8769894, 1.0283933, 2.2067733, 0.49373752, 1.0528623, 4.304049, 3.0082695, 2.6178815, 0.90074366, 0.5904979, 3.998586, 3.3443604, 4.4921813, 1.8381007, 1.7691447, 2.088452, 3.1552827, 3.1366491, 3.3287935, 1.8004924, 3.1184692, 4.0270677, 2.1593168, 4.6531506, 4.1970735, 0.08070401, 2.6402264, 0.35321957, 0.89643997, 0.597795, 3.0159297, 4.721875, 4.29592, 4.9501953, 2.3329027, 1.5785372, 4.3417373, 3.4221854, 2.7204685, 4.273322, 1.9107776, 2.7377768, 0.77321005, 1.0374087, 3.0297792, 2.4348657, 1.4462123, 4.6874733, 3.3292341, 2.2860956, 4.101217, 1.3066698, 3.5668926, 1.9227024, 4.200181, 3.7322884, 3.2218277, 4.8019934, 3.7787232, 0.5252987, 2.6324117, 2.6085198, 0.7118219, 4.5785413, 3.334981, 2.2804587, 2.4704368, 1.2848747, 4.726865, 3.1150985, 1.8496002, 4.8330007, 3.0651224, 1.5014178, 4.7479753, 3.8440685, 4.4783416, 1.4673322, 1.6946375, 4.871328, 4.1979117, 2.6597445, 3.3416069, 3.2777736, 2.4535933, 3.177296, 4.6505704, 1.1982878, 2.6562886, 1.4121028, 4.118065, 3.6983845, 1.7631725, 2.330962, 2.9079862, 2.199139, 2.7173603, 4.378609, 3.7625964, 3.6613884, 0.8093002, 0.85948855, 1.436887, 0.3509846, 3.7810094, 0.6518096, 3.15134, 0.61331314, 0.029169198, 3.8253548, 0.18388358, 1.9650285, 1.4451262, 0.86648184, 1.7796632, 3.6194606, 2.5430107, 0.11069408, 1.5220797, 2.508397, 3.3443534, 0.83451456, 4.1694274, 2.6240995, 0.2034572, 3.4017596, 0.1367622, 2.854209, 0.8943401, 3.459082, 3.1033223, 4.195974, 2.6341324, 2.7156801, 2.4152334, 4.2176805, 0.94336593, 0.94157153, 1.7048291, 3.0021498, 2.590768, 0.0054233395, 3.1101155, 1.9487599, 0.97339314, 3.8272426, 1.8316962, 0.35687366, -0.986823, 2.6591961, 1.2484158, -0.89686924, 1.14299, 2.020043, 2.352552, -1.866987, 2.2699258, -2.3457973, 0.16186927, -1.3707714, 1.262595, -1.8551134, 1.4825029, 1.6952178, -1.4250814, -1.6371037, -1.4799093, -0.9229828, -0.6399351, -2.382836, 0.6431916, 2.0023656, 1.0468619, 0.71027577, 1.8207529, -0.30832845, -0.80562925, -0.1651673, 0.32332608, 2.2810125, 0.9993702, 1.0155187, 1.4271281, 1.6927952, -0.29044175, 0.35760877, -0.0762417]
[0.5980428, 3.0217729, 0.59594, 4.6334906, 3.3280525, 1.8576394, 4.5373464, 2.872656, 4.8827534, 1.6999533, 0.9756287, 3.35694, 4.4060073, 2.1290095, 0.076510616, 1.093361, 3.9145446, 3.9387615, 2.728635, 3.3550305, 1.7645018, 3.1583207, 2.1756043, 1.8494614, 2.8582313, 4.881867, 2.2946124, 1.336876, 2.9645007, 4.253548, 2.5775275, 2.678552, 2.8142602, 0.23971336, 3.4123123, 4.0811796, 2.24492, 1.0507138, 2.6739442, 2.0442963, 0.99156326, 2.6158838, 0.29341954, 1.6360874, 3.5901191, 4.3691688, -0.016752517, 4.2691584, 1.1641276, 3.2312584, 1.5764927, 4.1114864, 1.1433514, 0.26262066, 2.387449, 0.22372739, 4.1352725, 3.245868, 0.69908106, 4.797715, 4.5266976, 2.3203423, 4.5035777, 0.67848307, 2.2082791, 2.6792686, 1.5548112, 4.098253, 1.3352406, 0.046728306, 0.1893695, 0.6109988, 0.81655896, 3.781896, 4.851909, 1.1244792, 3.998262, 2.8690166, 0.6239065, 2.6602974, 2.2589097, 3.6766326, 1.6410043, 2.9425473, 3.1856005, 1.1908556, 4.6302824, 0.5327508, 1.0204988, 3.9712691, 0.07781558, 0.48415235, 0.24005133, 0.596932, 1.5057764, 4.708358, 2.4073126, 2.0049047, -0.015760303, 4.9435525, 1.3298262, 1.3980005, 1.4108855, 2.0744345, 0.81218886, 0.33410102, 2.4891975, 3.8325024, 1.6335623, 4.1713696, 4.7517166, 4.1367064, 1.5984783, 2.3423104, 3.2605999, 2.394894, 3.5765626, 2.4938297, 4.7546434, 4.311993, 0.6280486, 2.442826, 3.2227883, 3.0145643, 3.7355876, 1.3198184, 1.5943377, 4.329038, 3.227023, 4.9453654, 4.9069037, 3.1702735, 4.390757, 3.9933171, 1.914848, 2.3473766, 4.844717, 0.36909014, 0.63600665, 1.272213, 1.3999821, 2.502413, 4.576081, 1.3202689, 3.7493124, 2.4690263, 0.8780716, 3.8896763, 1.7661256, 3.974594, 1.889182, 0.32380724, 1.8313023, 3.0305767, 1.9418384, 3.3876798, 0.41724178, 2.0473533, 0.22279797, 4.137157, 3.0114017, 0.1759713, 2.1425457, 0.79418147, 2.5084703, 4.37885, 0.22362004, 1.9698554, 4.793809, 3.7229078, 4.200041, 0.5604058, 4.239161, 2.1536994, 4.3254547, 0.50591797, 2.23301, 3.6965246, 4.4388337, 1.477525, 2.1241326, 4.092227, 3.272335, 3.4962146, 4.966884, 0.29927614, 0.7766009, 1.3089812, 2.720326, 1.2326325, 3.8088496, 0.94179505, 1.89592, -0.016649894, 2.0578127, 1.8699669, 1.9888084, 4.434397, 1.4277074, 4.8251243, 0.021498283, 3.6324239, 0.65210164, 1.0714412, 1.0665942, 4.2940865, 0.31397447, 0.21427205, 2.926285, 3.2954772, 3.5286522, 4.3819714, 0.40066642, 1.0586895, -0.069241345, -0.65731615, -0.5951197, 1.7699492, 1.4892167, 1.706107, 0.6960692, 1.9203548, -0.47271246, -0.12944901, -1.6264884, 1.8947282, 1.2299452, 1.3500482, -0.37295094, 0.7337681, -2.1503747, -1.5130578, 0.72333986, 1.3845234, 2.2043033, 1.6418964, -1.320706, -1.4933858, -1.4988006, -0.38496515, 2.3867207, -1.4890299, -0.30375212, -1.8621504, 0.010476046, -1.7538446, -0.7668486, -0.5352442, 0.30605125, 0.01920063, 1.8016756]
[-1.1800165, 3.7812307, 3.9148738, 1.2337235, 0.4826481, 4.402829, 3.8885489, 4.8835692, 2.390688, 1.6711857, 3.0756977, 0.37669772, 0.1961255, 0.772935, 3.6525476, 1.078181, 3.4082043, 0.9093188, 2.4165404, 4.9252815, 4.9623885, 3.1603453, 4.516095, 4.6554666, 4.67193, 3.095706, 2.6054797, 1.3615328, 1.0359405, 0.60787165, 1.4652207, 3.2717226, 2.1788292, 1.3887373, 3.5995386, 2.0459833, 4.64855, 3.0563605, 2.4352903, 2.8678327, 3.6200693, 2.1031773, 4.8740416, 4.852854, 1.6018991, 2.9348185, 3.1919541, 4.6663127, 3.0360563, 0.171433, 4.249324, 2.6580622, 4.75471, 0.15623435, 4.4419045, 1.2120146, 0.4402188, 0.4470319, 0.6801205, 4.4345436, 0.27702942, 4.5014963, 3.3944285, 4.8070583, 3.7712173, 1.21723, 2.7413101, 2.6744692, 1.6754591, 0.5908301, 1.2969551, 4.6502876, 2.150945, 1.1861235, 2.5375464, 1.1520522, 1.9703591, 0.15929037, 1.908054, 1.035373, 1.7982285, 0.9385384, 0.22606803, 2.6930516, 4.078592, 2.8768432, 4.0897098, 0.51289594, 4.155347, 0.08920295, 1.5372049, 3.783531, 2.4470978, 1.7271729, 4.4564466, 0.81437397, 4.829206, 1.3469088, 4.954498, 1.4046525, 0.141175, 0.918288, 3.0958397, 2.7942274, 1.5406777, 3.209795, 1.7012285, 2.285203, 0.16700532, 4.1578126, 2.1943374, 4.275452, 4.9527435, 3.5434792, 4.9510202, 1.2350222, 2.6414495, 3.6919384, 3.6655996, 1.9756219, 2.4990761, 1.7803695, 0.11969921, 2.870907, 0.33757704, 0.48675618, 2.7039793, 3.0822399, 2.4311762, 3.51561, 0.59029156, 0.19263744, 4.763421, 3.7574317, 4.4791837, 2.2610502, 3.185694, 2.1276906, 2.6229403, 4.1415854, 2.258514, 3.5535014, 1.0664062, 2.9864843, 1.8374567, 3.2626042, 4.792643, 0.00375855, 0.8088059, 3.103652, 0.16969451, 4.124765, 4.825767, 4.205688, 0.7618143, 0.13651012, 2.2602034, 3.4132228, 0.99955934, 3.6875706, 4.3747683, 1.7762237, 4.836812, 2.0767913, 2.227984, 1.0217215, 1.2771966, 1.4264824, 0.02381099, 3.852841, 2.2771, 2.355185, 0.72437465, 0.87555546, 2.213816, 0.8335878, 1.4680548, 1.4190536, 1.06903, 3.9127414, 0.56894124, 4.953941, 0.88020736, 3.6099334, 1.4851757, 0.047783196, 3.4231064, 3.9986866, 2.990156, 3.72916, 1.4647038, 1.3462422, 1.0006973, 1.6407522, 4.025174, 4.8333807, 0.37887573, 1.5160108, 3.4589732, 4.6772637, 2.6368525, 4.6440134, 2.793983, 1.0546802, 0.21664271, 3.4508088, 0.9530303, 4.311749, 3.7450862, 3.1961024, 2.6415856, 1.3400728, -0.9076498, -0.7281754, 0.5835251, -0.17574616, -1.4699768, 0.82931584, -0.14259674, -1.6099379, -0.1667588, -0.9918972, 1.6159364, -0.7232656, 1.3302331, -0.09303257, 0.31673497, 0.7512919, 1.357129, -0.7136954, 0.050206058, 1.7346468, -2.2631426, 0.6766901, 1.1246942, -1.4985769, 0.06404422, -1.5278211, 2.0571785, -2.0289547, 1.6252936, 2.2741044, -1.6712341, 1.8478421, -0.6652692, 1.3558087, -1.4727685, 0.6139448, 0.09013623, -0.7439748, -1.8714958]
[2.1523273, 4.5643225, 2.7943356, 1.9503912, 0.61498564, 3.7332623, 3.7102714, 3.752968, 3.611678, 4.774941, 3.0264742, 2.5518558, 2.6170588, 4.6333466, 3.46378, 0.8981854, 4.62954, 1.7568448, 0.5633069, 0.82034695, 0.18674542, 1.2319344, 1.7321537, 1.7925612, 1.6189231, 2.7367876, 0.87616545, 2.2405112, 2.120942, 4.5517516, 1.511365, 0.4691413, 1.7107586, 4.130355, 3.4859087, 0.74456036, 3.2827713, 0.27199265, 3.2571642, 4.6332703, 4.639375, 2.5627477, 4.457072, 1.436868, 1.6012166, 2.7161987, 1.9869952, 3.4581435, 0.46533835, 1.7036021, 1.8568151, 1.1564641, 0.35287428, 4.1836257, 2.866067, 0.92722374, 0.9097644, 3.0591185, 0.5210471, 2.9040337, 2.6973708, 0.7455442, 0.9896438, 0.9077305, 1.2690529, 3.5856748, 1.4331057, 4.765219, 4.5076013, 1.2769285, 0.7982806, 1.3276947, 2.7670772, 1.1904494, 2.423362, 3.031189, 4.5151362, 3.3195868, 0.17163573, 3.1573262, 4.4849615, 0.4998837, 1.1870081, 2.8174107, 2.6522777, 1.5976261, 4.185927, 0.0068833856, 4.725171, 1.0353824, 3.4187696, 2.6512675, 3.298102, 3.3529239, 3.5997987, 1.5745386, 3.828659, 2.788366, 3.3205435, 2.2028587, 4.7718105, 3.521973, 3.2626588, 3.3991554, 3.887183, 0.4933094, 0.9800552, 4.4738927, 0.055278778, 2.5621705, 1.0339326, 1.8189785, 0.80604476, 2.438559, 0.84981275, 0.586988, 1.2510781, 0.32264364, 3.3106768, 1.328632, 0.47077554, 2.3318272, 3.051852, 1.5318696, 1.5948925, 0.5831361, 3.9425304, 2.0066485, 3.5074162, 3.9510152, 4.3662267, 2.0376217, 4.321682, 3.012014, 4.110087, 2.110086, 2.2797327, 2.5934129, 3.510741, 2.1432931, 1.7202631, 2.2077887, 1.7329854, 0.40752488, 4.321795, 0.014648319, 0.78855217, 1.7834158, 1.010938, 2.0898476, 0.14429058, 4.3263073, 3.3490012, 0.41919246, 0.23572232, 3.2350109, 0.5917942, 3.3663275, 1.9964348, 3.5602696, 2.3696754, 4.3516364, 3.1844294, 0.11314579, 1.2128227, 2.0384457, 0.8902612, 4.297304, 3.178892, 4.7507176, 0.5174955, 0.0974537, 1.4620976, 2.8862064, 4.763554, 1.9122875, 2.699664, 0.20712177, 2.0039341, 1.5703712, 0.705563, 3.6526892, 1.8635104, 4.506385, 4.2254457, 4.5720124, 4.7636523, 1.8610091, 0.2829802, 3.2407343, 2.05899, 1.4075719, 0.5641877, 4.29558, 4.318463, 1.8583525, 0.30237037, 0.5535273, 3.297246, 4.467693, 1.5829077, 0.5816883, 0.7108965, 3.2939322, 4.9477983, 4.738016, 0.25804615, 0.58081573, 0.29949698, 2.2502491, 3.85293, 1.2204006, 1.4446104, 0.5879261, 2.3759634, -0.33284587, -2.2894342, -0.060687125, -1.0280768, 2.146741, -0.4606202, 1.395209, 1.5982962, 2.2058222, 2.0999725, 0.55114543, -1.3882631, 1.5364623, -1.224613, 2.242289, 1.9236326, 0.2863445, 2.279105, -0.2686174, 0.28668624, 0.6076192, -1.3411081, 0.76584435, -0.6261039, 2.7822351, -0.5801089, 2.0058627, 0.63323766, -0.7516627, -0.36737928, -1.7227292, 2.1173966, -1.2511815, 1.6648277, 2.2951856, 1.5105549]
[1.3172586, 3.8257735, 3.9666672, 4.644026, 3.3841634, 1.4059465, 3.673172, 0.3041234, 3.9594502, 4.2113914, 2.5587173, 1.106279, 0.22373135, 1.5898678, 0.5629793, 1.2458837, 2.5413513, 1.9736735, 1.0895096, 4.028769, 2.446145, 0.69399947, 2.2688494, 4.9885535, 0.5545559, 4.7312393, 4.0372524, 0.55808425, 1.6006321, 4.4770513, 0.15445238, 1.5722026, 2.4219959, 2.047071, 3.4044623, 0.875793, 1.2231383, 0.13320476, 4.017495, 4.1686172, 0.8771659, 2.116032, 1.9979018, 0.8024659, 2.124051, 4.215672, 2.1013048, 1.1352888, 3.9589672, 4.818102, 3.4999583, 2.1290097, 2.3162475, 2.298085, 1.0076618, 0.51879454, 3.2359068, 0.6817673, 4.7933493, 0.91098076, 4.4082475, 1.1150438, 0.5268892, 4.753196, 2.6193721, 0.32095346, 1.1725924, 3.4485257, 2.442462, 0.16879964, 3.4275126, 2.1706033, 1.6605968, 3.0907, 0.7714276, 4.2206197, 1.3747514, 2.9250169, 3.198359, 3.5938253, 1.2963413, 1.5894307, 1.2781196, 4.7580595, 0.5836311, 1.80927, 4.1989446, 1.2732699, 3.6346169, 0.6206522, 4.387029, 2.3472729, 3.1153598, 2.1076813, 3.3782554, 4.448883, 0.5817295, 4.8818717, 1.557136, 2.5317245, 4.5839024, 1.8524886, 0.60712045, 0.1756529, 3.6708148, 4.4372373, 3.7399147, 4.4894648, 0.021491954, 3.3357754, 0.9344468, 0.3358948, 4.769871, 0.65367055, 2.3823476, 3.8272097, 3.3483608, 1.8908945, 1.5976552, 0.43969893, 4.0534587, 2.639646, 4.5934496, 2.7640362, 2.3904157, 3.8067532, 4.433365, 3.377839, 2.8832884, 0.7972261, 1.6754487, 3.3670382, 2.9989293, 3.0193257, 0.37055013, 1.3739952, 0.06820773, 4.330278, 2.291293, 0.39136577, 3.028952, 0.42285067, 2.0700011, 2.1643105, 0.30770522, 3.8057308, 4.449751, 1.1238894, 1.6272533, 0.11562137, 3.4431431, 0.85765845, 3.4793227, 2.9444976, 4.1107855, 0.9121657, 0.6344217, 3.8908467, 0.63938934, 2.0650256, 2.846139, 0.9468926, 2.691602, 4.257841, 3.5329254, 3.659124, 3.3794339, 2.5496373, 4.178409, 2.5162609, 0.9227541, 2.830282, 2.9116216, 1.2390442, 2.9225717, 3.172539, 1.251943, 2.606552, 2.5711684, 3.3842382, 0.031018566, 1.1194694, 3.7593124, 4.828543, 1.1894773, 1.7453362, 3.258848, 0.29911536, 4.6970987, 4.41861, 0.17695427, 1.8850003, 0.5779102, 0.32669777, 2.2148764, 4.4076104, 0.29276928, 1.2225076, 1.1480877, 3.0233493, 0.4830375, 1.955249, 3.1368926, 1.7834576, 2.6241562, 3.8834627, 2.6180594, 3.252468, 4.874028, 1.2876282, 4.461574, 3.5299265, -0.22267495, -1.2548515, -2.1135468, 0.6456297, 0.95900863, -1.2164112, 1.6017282, 2.2394595, 1.448562, -0.1477775, -0.36390847, 0.7255781, 1.5363321, 0.8998952, -1.9518129, 1.4826407, -0.90938824, 1.9444592, 1.5013101, 1.4316052, 2.2202904, 1.4931889, 1.5375346, -1.2535478, 1.9215622, -1.9978021, -0.3090753, -0.82453233, -0.89956534, 1.3276602, -1.5716283, -2.0324948, 0.409507, 1.7161894, 0.14457184, 1.2455583, 2.1103084, 1.1494044, 1.8246102]
[1.2429786, 1.8589784, 0.19360189, 3.028843, 2.2374132, 3.7847528, 0.43877912, 2.1999428, 4.8773775, 2.575695, 0.48760495, 2.9141347, 4.1485767, 1.1126364, 4.1522646, 3.0082119, 4.6031737, 0.36067766, 0.03932002, 2.3167365, 2.225825, 1.3024452, 2.0648813, 1.6989434, 0.12282081, 0.40504277, 1.735263, 3.9169993, 3.1700058, 3.6674488, 0.97696245, 0.016852813, 2.674296, 0.7882551, 3.9801254, 3.7194269, 0.81530684, 3.3483996, 0.09620827, 3.4150276, 1.7924604, 3.9646738, 1.1171933, 2.6188445, 4.0390816, 2.5523627, 2.210702, 1.2892814, 3.1703155, 2.491874, 3.6028922, 1.26859, 3.5746887, 3.761799, 4.287412, 1.4375727, 4.81992, 0.6509143, 3.525786, 3.7699301, 0.7078694, 2.7408013, 4.4450555, 3.6931255, 0.7658658, 0.3987173, 1.4430103, 2.3810568, 2.025263, 3.6986315, 2.7562966, 2.762367, 0.8773772, 4.5351677, 1.609642, 0.23883156, 3.287727, 4.030843, 2.1166508, 1.3854885, 4.9724836, 0.952313, 0.88105726, 2.1252367, 1.9886054, 4.6800203, 3.5098312, 1.1781502, 4.0995636, 0.2928095, 0.7602788, 4.773006, 2.4267101, 1.1825298, 1.9658304, 1.272804, 1.8964854, 4.306138, 2.655706, 2.9425523, 3.8247085, 3.3240876, 0.14223309, 2.799682, 3.7218072, 4.7285585, 3.7696018, 0.2495795, 1.6323328, 4.082865, 1.2003188, 1.4613323, 1.6806787, 1.8220145, 4.3584633, 0.19698921, 4.347286, 0.91537577, 1.2770658, 4.9655538, 3.9391055, 2.8188822, 2.0947943, 2.207687, 2.743884, 3.9523559, 4.3833184, 2.7819378, 2.2081885, 4.1941886, 0.6449964, 0.29527402, 1.296475, 2.0150983, 3.8767004, 1.9491291, 1.9938372, 1.9372799, 2.211129, 3.2336059, 1.199141, 3.3039017, 0.025597548, 4.7354846, 1.0138733, 1.527358, 3.0539463, 4.1361146, 2.6264257, 2.7609797, 2.471053, 1.8278297, 2.1607509, 3.6345165, 1.4458189, 0.34758937, 3.9666743, 3.0686, 4.349494, 3.4733446, 3.5347116, 3.3385262, 4.5773344, 0.22499877, 4.0597267, 0.6588662, 2.101976, 0.2462954, 4.3631682, 3.9718103, 4.1651545, 2.6669416, 4.1307263, 2.0065377, 0.7424241, 0.6070856, 2.074348, 2.3032353, 0.46205765, 2.785733, 4.5391493, 3.910561, 4.289746, 3.0989974, 2.4183836, 4.555874, 0.3541559, 2.812025, 2.5139742, 4.5532775, 4.8560987, 3.0573905, 1.1795723, 2.096403, 2.9353015, 1.4307574, 0.7026746, 4.5800743, 1.4775709, 1.2784877, 3.2178912, 2.5888524, 4.9206324, 1.9421114, 2.9574368, 4.48919, 1.3757148, 0.10485651, 1.2373991, 0.8430528, 3.6549735, 0.5215072, 0.40331036, -0.69021845, -0.4951853, -0.109991476, 1.9871757, 2.0309725, -0.45794114, 1.7833477, 1.3975616, 0.6714806, 2.4634068, -1.4602981, 0.94117105, 0.5428935, 1.8700323, -0.48745728, 0.8449419, 0.73963225, -0.36335883, 0.42941275, 1.2064632, 2.2009408, -1.2018118, 1.6224867, -1.1253109, 0.21248676, 1.048761, 0.87947744, -1.1039747, 0.24463223, -0.99741226, 0.8621728, 0.80051327, -0.4786836, 0.058922652, 1.3648417, -0.30203107, 1.9133356, -1.8133918]
[-0.45002708, 4.8592014, 2.869814, 0.1391473, 1.7735924, 0.6315553, 1.9064809, 2.7855487, 4.1307883, 0.9377143, 1.3333131, 1.7849237, 3.482885, 3.233293, 3.4869602, 1.6782389, 2.0481117, 1.2211238, 0.2897648, 1.5388471, 4.9308844, 4.1568584, 4.782305, 2.2453494, 3.7375963, 4.913613, 0.259664, 2.9766164, 1.6449835, -8.752371E-4, 3.0653684, 0.7246472, 1.4143873, 2.6797595, 4.460135, 0.09420468, 3.410986, 0.008062998, 0.9483959, 1.8205353, 0.72323734, 0.26444155, 1.3488121, 0.7253832, 3.5884926, 1.6810262, 2.4606392, 1.7718489, 0.9445477, 3.2274473, 4.007011, 3.7191496, 4.6757736, 1.4630028, 3.865853, 4.655341, 0.4263599, 3.6682832, 1.7066541, 3.3756068, 0.3973257, 4.4621887, 1.4014802, 2.754474, 4.8869967, 3.262007, 4.6082573, 0.93949765, 3.8741274, 1.167178, 0.38995966, 1.9040531, 2.7739165, 3.2381108, 2.4160767, 3.0988443, 1.5002207, 3.7741685, 4.2254376, 4.30306, 1.6730487, 0.7275855, 2.4952726, 1.478149, 2.9854734, 4.1158056, 2.980604, 4.045656, 2.8839986, 2.519832, 1.988364, 0.117181465, 4.678771, 0.08241498, 4.648792, 0.044477735, 2.7148747, 1.3493127, 2.0574102, 4.8251657, 0.64380383, 2.1936755, 2.2162838, 1.6367702, 3.6257186, 1.7525325, 0.60813904, 4.0144567, 4.1861124, 2.0555637, 2.0932128, 4.3618503, 1.3907225, 2.0471616, 2.4641056, 0.39741483, 1.5176858, 4.7003684, 3.7472608, 1.8386784, 0.65031654, 1.0260345, 3.1891081, 1.4650159, 3.9026535, 2.071352, 1.7501024, 4.6520886, 0.7359685, 2.8989756, 4.5228195, 4.1798964, 0.3154765, 0.46244833, 4.8013806, 3.4753377, 1.4595414, 1.4023671, 0.6275824, 0.79580617, 3.775458, 0.42989764, 1.718118, 1.38931, 4.6377387, 4.1616445, 0.19610634, 2.901961, 1.7816627, 3.4609084, 1.8615384, 4.500831, 1.4731611, 1.1054053, 4.7616024, 0.1539285, 4.0253134, 0.6907326, 1.8745322, 0.5455415, 3.5664039, 1.2634294, 3.4639432, 3.1862059, 4.2832603, 0.10808056, 2.2019806, 2.0594206, 1.246975, 0.28579032, 3.8760953, 2.271328, 2.8146014, 4.9672008, 0.333586, 4.1513176, 2.1234736, 1.7858683, 2.4847803, 4.243408, 0.798749, 2.5649996, 3.3095562, 1.580319, 0.24031651, 4.0727696, 1.8200821, 0.034830634, 4.3608456, 4.184601, 4.6442766, 1.0903188, 1.9558796, 4.79636, 4.2600474, 3.947639, 2.4798677, 3.7362583, 0.43273836, 2.5573118, 3.806288, 4.8458095, 0.058057964, 3.3897948, 0.7397126, 4.5516176, 1.0819122, 1.3575264, 4.794218, 4.1240253, 4.1930056, 4.484845, -0.91975194, -1.0459644, 1.5390472, 2.8258321, -1.0100366, -1.5772741, 0.589909, 1.7207841, -0.7611447, 0.28823757, -0.7409111, 1.5038567, -0.8545686, 1.1038426, 1.9622421, 2.234007, 0.7625666, -1.2452705, 0.925355, -0.7984191, 1.9350506, -2.1592245, 2.21039, 0.18331562, 1.8025199, 1.6605939, 2.4167376, -1.7898024, -1.4115007, -0.6050419, 2.8342302, 1.4029193, 0.24032743, -0.7137031, 1.4460022, -0.27641135, -0.80906403, 0.951315, -0.71688586]

 

Accuracy: 53.846157%