Final Weight Matrix:
[1.6897895, 1.9584105, 0.20575523, 4.5072937, 1.0371107, 1.6360471, 0.5486381, 4.800239]
[3.65133, 0.83301693, 2.3430398, 2.0268812, 4.6384196, 2.5030708, 3.5880775, 0.5203119]
[0.4606694, 0.26542693, 0.19837976, 4.073152, 1.9589672, 2.3420935, 0.72616935, 1.1592233]
[4.585, 4.1670876, 3.4882655, 4.352428, 4.478134, 3.914773, 0.23125231, 0.2925098]
[2.958826, 0.30434966, 2.8177593, 4.1805096, 4.0142164, 4.3876176, 4.5524836, 0.80715686]
[0.91133654, 1.4466542, 4.5602684, 2.0807776, 3.2564735, 1.4616456, 1.6554544, 0.12389362]
[2.5212393, 4.9672313, 4.9301696, 4.336373, 0.25034428, 2.124248, 1.5706336, 3.605393]
[3.1548276, 2.8843822, 2.3695364, 4.6966867, 4.9573355, 2.625101, 1.9267637, 0.046404302]
[1.901057, 0.25426626, 0.4610288, 0.83779186, 3.047196, 2.7164361, 2.535276, 1.6818869]
[4.981661, 4.030208, 4.3260865, 4.107123, 3.0223885, 2.4177096, 0.54199845, 1.7204938]
[0.98484933, 1.9889023, 1.8708851, 2.5446286, 2.6234925, 0.5656898, 4.2688603, 0.013305247]
[4.9478908, 2.0904865, 2.3020759, 0.16576797, 4.219067, 1.1932042, 0.6310046, 2.101491]
[0.8968815, 1.6873095, 3.0501652, 3.016155, 1.544622, 1.3432658, 2.933655, 3.5516264]
[1.4412683, 3.3253214, 2.6104453, 4.5633097, 1.7227364, 2.270026, 2.928294, 0.18366814]
[3.4161968, 4.4923635, 0.8397183, 4.5778866, 1.9699985, 0.10397881, 3.2391312, 0.52414715]
[0.36751747, 2.5592408, 4.9316216, 1.7749236, 4.776312, 1.966061, 3.6585636, 4.5759096]
[0.88228315, 3.3323023, 3.6341834, 1.1350602, 3.6282637, 4.203782, 2.3542473, 2.785792]
[1.3818393, 2.090371, 4.2703085, 2.0063453, 3.5406137, 0.8922282, 0.7306227, 0.9128913]
[3.0151076, 4.7142034, 1.7752137, 2.7991605, 1.7586138, 2.9937763, 3.5441551, 0.35263926]

[4.4362516, 3.529111, 1.2701625, 2.324176, 3.9952567, 1.5979509, 3.8798423]
[4.113098, 3.3230345, 2.8101108, 0.68826675, 1.6420441, 0.5039532, 2.5108593]
[0.5792933, 3.4936428, 1.9027776, 2.3777578, 2.4964526, 3.45008, 4.025628]
[3.7212057, 0.68297344, 3.6839526, 4.0378613, 4.7610064, 3.9913778, 4.1553226]
[3.2936647, 4.6533165, 1.9858954, 2.0207403, 4.9522705, 1.3167892, 3.4393432]
[0.4937422, 2.9939036, 0.7280574, 1.4993966, 4.739685, 4.714562, 1.3116869]
[4.6959724, 2.200258, 4.6754923, 1.5168718, 4.2612686, 2.626208, 4.7578745]
[4.2162623, 3.4315133, 4.881647, 3.5158317, 2.5132859, 2.9021182, 2.2172554]

 

Accuracy: 19.047619%