Final Weight Matrix:
[0.35080642, 4.0745215, 4.339583, 2.1513538, 0.47429144, 3.8654008, 4.9558506, 0.8427733]
[4.009258, 0.25761396, 4.0204797, 1.0967722, 3.748399, 1.3245025, 1.0776567, 2.4319758]
[4.499776, 4.967602, 0.42679012, 3.5823793, 2.4894662, 2.8472052, 2.026563, 2.2153685]
[3.0587497, 3.2682798, 0.29969245, 4.2440815, 0.45202196, 0.33444345, 0.20386398, 3.6165552]
[1.1836094, 3.5747466, 4.0467324, 0.73103666, 2.0584745, 3.645964, 1.374366, 3.1716754]
[3.1426892, 1.6960671, 2.975152, 2.087209, 0.15195727, 4.6372757, 4.4401507, 3.693476]
[3.9958138, 0.27991325, 2.5845232, 3.405611, 1.805134, 2.8971813, 0.34440398, 4.475052]
[4.232927, 3.9675627, 2.9539993, 3.588264, 1.2830174, 3.2330308, 1.4164934, 4.1870923]

[-0.057290316, 2.557182, 1.2140354, 3.456558, 2.0886202, 0.035479415, -0.2497085, 1.5316523, -0.08628437, 1.1431333, 0.6227484, 3.1860852, 0.6215623, 0.53165215, 2.7616968, 3.4060292, 3.3005834, 1.5422287, 3.9067934, 3.6964216, 3.8965929, 4.3785915, 1.2916837, 4.7375107, 3.858394, 1.4062327, -0.14080562, -1.9728763]
[-0.16266173, 2.22745, 3.3051922, 2.8776422, 0.16276881, 3.3091643, 2.7569208, 3.6639903, 2.6087232, 2.845372, 3.9505572, 0.7805477, 1.8550112, -0.8992726, 3.5463555, 1.9200141, 2.0304716, 1.1516016, 4.4420424, 1.4621983, 2.222965, 2.3509393, 4.2522373, 2.6178665, 0.1685749, 3.8334975, -0.2996668, -2.7440386]
[1.8898259, 1.9942019, 0.7600752, 3.439953, 3.168873, 3.876077, 3.6371982, 4.2333837, 1.3359898, 3.5417063, -0.3595909, 2.7783904, 0.13538446, 0.30769622, 1.7155435, 1.0343537, 3.1988552, 0.6183688, 1.719706, 1.1780398, 3.0359392, 0.7910016, 3.839852, 1.6123451, 2.0767167, 4.6498733, -0.3342114, 0.6269279]
[2.957717, 4.1553583, 4.300479, -0.21425456, 4.444162, 2.467457, 0.4534711, -0.1483523, 0.15706481, -0.14620063, -0.13667248, -0.18187574, 0.6857342, -0.15005107, 2.334113, 2.0706146, 3.5012083, 1.846447, 4.5887995, 1.2804892, 2.1058955, 3.6220918, 2.7609243, 0.74549884, -0.12439451, 1.891742, -2.6829827, -1.1796113]
[1.5754498, 3.411088, 2.3687208, 1.341933, 0.44660106, -0.8471893, 3.4510684, -0.9786115, 1.5465637, 1.689128, -2.4040098, -0.099543825, 2.9977357, -4.2902536, 1.7402986, 3.7665963, -1.349174, 1.800628, 3.2014525, 1.7334887, -0.5560453, -1.2301271, 0.27692762, 2.7686155, 1.2053587, -0.26680377, -3.2920122, 0.17117289]
[4.5284557, 4.1196113, 2.050962, 3.6471379, -0.17456234, 1.1103293, 0.8027894, 3.4127328, 0.22483867, 4.1674867, 0.5250452, 4.793635, 1.6379408, -0.81200415, 2.0379314, 0.5404308, 3.020495, 1.903875, 3.7397745, 4.105856, 4.0644584, 2.2252524, 1.0654589, 2.7381003, 2.466653, 0.2079436, -0.95712304, 0.35669947]
[1.3146796, 1.5456535, -0.22071281, 2.7182055, 2.7664883, 0.20149595, 0.93615097, 0.6453553, 3.5195963, 1.4303528, 3.009609, 3.8673549, 1.7346357, -0.09758077, 1.6768001, 2.099769, 1.0119797, 0.6775491, 4.5639405, 2.1123304, 1.885511, 2.7719467, 0.7129917, 0.44207144, 2.091937, 2.4947038, 0.8521533, 1.2679399]
[0.5169474, 2.5944812, 2.9763458, 2.5620947, 4.105278, 2.6414132, 1.6326739, 1.1233777, -0.12784275, 4.432072, 3.451583, -0.17561339, 1.9638591, -0.5570151, 3.012458, 1.441276, 4.2712874, 1.5746028, 3.9243197, 1.6434726, 1.0591422, 3.1775799, 3.554524, 0.816603, 3.584205, 3.4405358, 0.8649478, -2.517954]

 

Accuracy: 2.8708134%