Final Weight Matrix:
[3.76948, 4.5687094, 4.283086, 1.9671613, 2.5074558, 2.3295841, 2.7981067, 0.40661067]
[3.9860325, 2.7126884, 3.3710423, 4.7915254, 1.2571278, 1.7563937, 1.3551214, 0.2757457]
[3.5343013, 0.05732298, 2.6839132, 1.4786255, 1.0087945, 0.66221267, 0.0571236, 0.7681158]
[0.7328731, 3.31694, 3.9494247, 4.489612, 0.09609997, 4.024705, 1.7519712, 1.6796452]
[0.6415057, 4.051141, 3.2075176, 4.9467106, 3.5388894, 4.202926, 0.07102281, 3.8150387]
[2.706581, 0.18045694, 4.381058, 1.5446618, 4.9339056, 2.112226, 1.5789938, 4.7871857]
[1.0654837, 3.582162, 3.8818302, 3.07623, 2.354589, 4.890451, 2.1726654, 4.1402407]
[3.0435042, 0.28799683, 3.2954094, 0.05960226, 4.479608, 0.105044544, 3.0557475, 4.956567]
[3.1005003, 0.1815474, 0.6699762, 2.933042, 1.2215183, 1.6922349, 4.551766, 1.4759004]
[0.114430785, 4.2502313, 4.571823, 3.2909486, 2.5849483, 1.2423497, 1.6076684, 4.15449]
[0.42500973, 4.3853364, 3.8642445, 0.67551196, 0.3479731, 4.9494133, 3.0879064, 0.022648573]
[2.503116, 3.443279, 0.116702914, 0.50944537, 4.430836, 1.5285156, 2.862079, 2.1610568]

[-1.2623032, 1.7666851, 3.6405773, 3.8435977, 4.479645, 4.6591735, 4.234405, 2.5932608, 2.85387, 0.7537209, 3.5343041, 1.8250911, 2.3675416, 0.14309272, 0.57593304, 3.0299907, 0.49303368, 3.8114254, 1.1438231, 1.6698318, 2.5344436, 2.5489192, 3.6229794, 2.111436, 1.7777017, 1.3782244, 1.6593058, 2.575661, 0.42234352, 4.6349845, 2.8163912, 2.4591503, 2.412421, 2.8664448, 2.3783324, 2.8264046, 3.137151, 3.8123221, 2.9955738, 3.901003, 4.0006175, 1.0170985, 1.9163638, 4.7927494, 2.4263573, 4.8708935, 4.551992, 2.667705, 3.7670069, 2.240398, 3.9830847, 1.7769163, 2.0969148, 0.9894234, 4.8615723, 4.057146, 0.5699465, 0.6621324, 0.12484542, 0.06377948, 0.500865, 1.3996485, 1.778828, 3.133725, 4.757419, 3.0788696, 0.7039402, 0.6458999, 3.7192369, 3.435159, 4.9416056, 4.8435197, 1.9244139, 2.7959564, 4.265633, 3.837557, 1.3060032, 4.7113333, 2.840083, 1.3023758, 2.3734148, 1.5151767, 0.8898478, 0.042370025, 4.28325, 2.0798209, 4.153749, 4.587993, 2.7905252, 0.50806904, 1.0736661, 2.691604, 4.146132, 3.3643215, 4.166444, 3.9162745, 1.5284435, 0.36109504, 2.5504594, 3.5457797, 2.273045, 0.71945345, 2.8414125, 0.8780927, 1.513519, 1.9875431, 3.7360165, 2.4149134, 1.0076877, 0.117078565, 4.074176, 0.7375212, 2.135158, 1.2125795, 3.6936352, 1.5586481, 1.1125072, 0.8927333, 1.4445549, 1.8800548, 2.254502, 4.4327483, 4.9284325, 0.795928, 0.026149685, 1.549678, 4.147686, 3.7835608, 1.4150075, 3.8127697, 2.0468166, 1.8981886, 1.5212725, 4.0661674, 0.09898712, -1.1527671, -3.357014, -0.9369938, -1.0214528, -2.604602, -3.2733982, -0.81868756, 1.6810462, -1.445124, -1.471248, -1.2907951, -2.766615, -1.9535514, -0.99383616, -1.5699183, -0.029722303, 1.5256965, 1.3767691, -1.8428179, 2.134618, 0.35861433, 1.6208549, 1.0305218, -0.4291432, 0.01670058, -1.4242455, 1.0880044, 2.2094033, -2.49294, 2.391467, -1.1141865, 0.33471346, 0.9526062, -2.9954696, -2.312565, 2.1460745, 0.68673044, 1.5215821, 1.548208, 0.6498909, -0.3805282, -1.9465662, -0.9231754, -1.9734039, -0.36388263, -1.4891397, -1.224302, -1.6697986, -0.27046633, -1.6879686, -1.1230003, -2.0197408, -2.3826437, -0.80054086, 0.32806742, -0.15135193, 0.86261034, 2.0554595, -1.524357, -0.7387587, -1.9025372, -3.4737651, -2.356097, -3.1180089, -0.35114148, -0.6595845, 0.72831154, -1.1389031, 1.5085304, -2.3165326, -2.0752177, 0.7273572, -2.202476, 1.4154974, -0.6592932, 1.4172055, -1.3693188, -0.44156379, -2.847236, -2.212052, -2.01326, -0.86323065, 0.78295976, -2.4956913, -0.5084845, -0.15517244, 0.008761507, 0.8240046, -1.609513, -0.74054265, 0.56381476, 1.0364822, -2.400616, 1.7408558, 0.65534055, 2.0915802, 0.28471747, -2.6598072, -1.6258496, 0.8666617, -0.9339723, 1.0414726, -1.3555894, 1.4821838, -0.67423993, -0.4798416, 0.89695156, -1.6862181, -0.94816905, -0.79270357, -0.8567474, -2.305423, -1.3864673, -1.3050431, -0.7984054, -2.086471]
[-0.2547082, 4.056624, 0.83058095, 3.5183332, 4.1152363, 4.596101, 3.5812066, 0.32702672, 0.22586066, 4.1844816, 4.5392156, 1.5977845, 1.4874207, 3.4111233, 4.76492, 1.510614, 2.2844367, 1.9793878, 1.108998, 2.117862, 3.4669368, 3.954793, 4.074666, 2.1509106, 1.3686957, 1.4330484, 3.1368585, 2.6986115, 4.4245877, 1.1725668, 4.0411534, 4.1814923, 1.1061008, 2.125857, 4.4971013, 1.3837932, 4.575199, 4.116861, 2.6839132, 4.3306594, 2.1922984, 1.8971735, 2.0109239, 0.38961792, 4.4185176, 0.5099709, 2.0304306, 0.8492928, 1.5377619, 1.2242048, 2.475325, 3.8688765, 0.002551033, 2.3712397, 2.2362564, 4.0248704, 4.138654, 1.636247, 4.2260404, 4.8179398, 4.711763, 4.406749, 3.4075963, 3.5084503, 1.7080786, 3.9285078, 3.5201995, 3.3532078, 0.512061, 0.4229525, 2.036153, 0.8419944, 3.4726431, 1.9411999, 0.6426715, 3.4662292, 3.3137393, 0.58606297, 4.401262, 1.1299965, 2.9872222, 3.9693286, 3.3649552, 2.7617438, 3.385941, 3.7086644, 0.7360112, 3.3905067, 0.10245593, 1.5869216, 1.5093316, 4.8645205, 2.575816, 4.0666785, 0.9142643, 0.012771461, 4.814796, 4.8881383, 0.6984923, 1.8961, 0.41309902, 1.5297625, 0.38441432, 1.7087402, 4.0899954, 3.6028566, 1.0442334, 4.935222, 1.044742, 1.8330544, 3.6940014, 0.4607875, 4.334522, 0.5733776, 2.4324362, 3.393314, 2.356572, 0.933823, 2.3972578, 4.30575, 0.68015915, 2.419907, 2.2582214, 0.024558686, 2.559139, 3.2639596, 4.351841, 4.1997867, 4.859327, 1.9925553, 3.9779258, 1.6812724, 2.9730747, 3.6254556, -0.34356746, 1.690184, -2.3185709, 0.20896344, -1.3868289, -1.0579076, 0.50604165, -2.3438742, -0.1617394, 0.39139736, 0.10731967, 0.53217447, -1.9159095, -1.3367604, -0.7693317, -0.96085143, -0.94846344, 1.7731081, -1.1794661, 5.538544E-4, -0.680976, -0.9681701, -0.83400905, 0.69695, 0.70339376, -0.81872547, 0.7547122, 0.22210506, -0.7681778, 0.79689425, -0.63383496, -2.3379571, 0.41586858, 0.89049184, 0.9247283, 1.6012851, -2.3279428, -2.872592, -1.5808833, 1.5582995, -0.26578197, 0.7706718, 0.7323804, 1.8967975, -1.5355434, 0.07901612, 0.4451275, -0.8286851, 0.031115444, -1.2278682, -2.8801074, -0.013468198, 0.68450433, -1.3823788, -0.55896384, -1.4343277, -2.0919323, -1.7005643, -2.4178848, 0.2702808, 0.83863616, 0.9851527, -0.717955, 0.1082594, 1.0646085, 1.6277657, 1.7922039, 0.6027729, -2.508665, 1.4712832, 1.5465027, 0.48338795, -1.2042993, 0.75273734, 0.37455508, -0.88761735, 2.5477471, 2.218439, 0.80028015, -1.0686585, -0.3768741, -1.7214619, 0.3435905, 0.68043846, -0.9046, 0.46331474, -0.74175555, -2.4427435, -0.18024915, -1.1432271, -0.73676956, 1.9776972E-4, -1.1691206, 0.89784735, -1.9995415, -0.13127443, 0.024661688, 0.9864381, 0.37139598, -2.3479083, 0.65130526, 1.7194465, 0.8704276, -0.48921263, 0.15015042, -3.0157423, -1.117668, -2.3962123, -2.3179996, -0.22220203, -2.2549043, -1.2823777, 0.96262884, -1.0145581, 0.44433108, 0.6465161, -1.1850809]
[-1.9529763, 1.2272867, 3.6043818, 0.8288433, 4.144461, 2.7119274, 3.0431032, 2.9830217, 4.7921767, 2.8529568, 2.5184968, 1.5889301, 4.350564, 0.73467565, 0.37776476, 3.9744482, 4.3838058, 3.0834851, 3.1332355, 4.6846986, 4.743514, 0.0070043164, 4.456894, 4.8503075, 1.6933287, 0.772924, 1.4619417, 0.24084564, 3.5852346, 0.6745181, 2.0086994, 0.29706293, 4.186265, 3.1592603, 0.20055406, 0.2620855, 1.2749231, 0.012022151, 0.5770072, 0.56129426, 1.0947639, 4.211055, 1.4077113, 2.171901, 1.2393678, 2.2388723, 2.0866878, 4.043662, 3.4108505, 2.3075993, 4.4624705, 4.8024793, 1.921786, 1.360538, 2.5553894, 4.457633, 4.3965206, 3.5774486, 3.9744902, 4.5319815, 1.6126282, 2.5630295, 0.38736102, 3.686921, 2.115706, 4.869638, 1.9676688, 3.214987, 3.0718384, 1.9949074, 4.2266264, 2.7118888, 2.6512315, 2.571687, 2.2947254, 4.329695, 0.24350046, 1.1443868, 1.2414857, 2.5084326, 2.5037742, 0.21954335, 2.7179978, 4.2719817, 4.8757796, 0.3845629, 3.0931025, 4.5919213, 1.0863612, 4.110172, 1.5193663, 2.0613303, 1.5333649, 1.675619, 4.5295534, 1.9824125, 4.404565, 1.9625759, 0.80773705, 2.7959301, 0.31075177, 2.8801503, 3.7276719, 0.7198469, 3.7486417, 4.971284, 2.9274364, 3.0976577, 2.535468, 0.59455836, 4.041426, 4.691397, 3.6851225, 3.4930952, 4.493955, 0.41956297, 0.8918233, 4.936351, 3.777879, 2.4718235, 1.7090621, 0.99757826, 4.616949, 2.5406868, 1.686801, 3.2408233, 3.9832366, 4.0653367, 2.6791778, 4.8425975, 4.82254, 3.789093, 3.4278092, 0.22330254, 1.2521282, -0.20905921, 1.2411422, -2.2555923, 1.0699846, -2.4898548, -0.7430194, 1.270204, -1.8032084, 1.7178079, -0.31365722, -0.2592596, -0.40048087, -1.8546473, 0.8262508, 0.55685776, 1.7631122, -1.9171875, -1.9242458, 0.037040878, -0.9766998, -1.5639664, 0.15390134, 0.30387205, -0.7354219, -0.8960843, -0.9660314, -1.3940822, -2.21501, -0.051127125, -0.2130423, 0.40148982, 1.3658143, -1.3904853, -1.5772928, -2.2334995, -0.032080263, 2.1064072, -0.53511095, -2.9502616, 1.3134888, -0.36522478, -0.48446608, -0.74901956, 2.6775446, 0.47971007, -1.3327497, 0.48734114, -2.687587, 0.71913046, 1.1679746, -1.7668462, -2.0804417, 0.9819689, 1.8329974, 0.7362748, 0.063643396, -2.928332, 0.19598779, -0.48866165, -1.0943186, 1.2392974, 0.33862948, -0.19682384, -1.2561736, 0.7797054, -0.13561212, 0.77015454, 0.9052161, -2.4694648, -1.105489, -1.5502138, -1.5415392, -0.39834198, -2.5498796, 0.6900773, -1.2775638, -0.541986, 0.6739363, -1.3514383, 0.42121783, -2.0273533, -0.032787055, -1.3251386, -0.6754602, 0.3864517, -2.377566, 0.64621466, -1.8535796, 0.29283002, -2.6900165, 0.760419, 1.9091216, 0.28251204, -1.8325921, -0.9735098, -2.494709, -0.9484722, 0.59722394, 0.5252597, -1.9350476, -0.9632621, -0.33842537, 1.3730642, -1.4528061, -0.10438366, 0.36138573, -1.2144586, 2.3846285, 0.48822606, 0.064177744, 0.13962103, -2.4540727, 0.47206807, -0.4567694, -2.0798464, 0.6822918]
[-0.7753058, 3.185291, 3.4800177, 1.0529573, 2.901457, 1.4400936, 0.60686064, 3.4489496, 0.07313731, 1.9753218, 0.7998437, 3.132009, 2.825039, 3.346296, 0.93022895, 1.0625025, 0.14740449, 0.60394794, 1.6608346, 2.9704192, 0.6384576, 0.87734836, 3.5659337, 2.707395, 4.7907934, 2.6035044, 1.8603388, 2.5195625, 1.5675257, 0.29765376, 1.993903, 1.3966765, 0.36379823, 1.7306998, 4.0482635, 2.0970893, 1.0102996, 1.7875946, 4.256904, 2.9490955, 2.7542598, 4.9611473, 1.6467719, 3.6915798, 0.35256308, 2.2725067, 0.015708912, 2.246418, 1.6195183, 1.1121435, 1.7920578, 4.330071, 1.2937013, 1.8222721, 3.5168474, 1.0150028, 2.135009, 0.76231235, 1.415021, 0.030249452, 3.8909028, 2.060668, 2.0181844, 4.4137917, 1.4298402, 3.0519304, 2.6765559, 2.8805642, 1.50857, 4.473094, 1.9995167, 3.417522, 0.88321155, 0.2585905, 3.4492552, 2.4326692, 2.0683086, 3.7281246, 2.553404, 3.642827, 0.31006613, 1.3518434, 4.7828317, 2.4061477, 4.514805, 0.87738013, 2.2962031, 3.655592, 0.38117766, 1.2130979, 0.7351593, 0.12954625, 2.227755, 3.753249, 2.2082806, 2.3094523, 1.1786661, 2.9792767, 1.3249218, 3.7816048, 1.17771, 2.0900552, 2.758363, 4.9502892, 1.6932534, 1.6570808, 1.8463771, 1.7666241, 4.9771504, 2.5766435, 3.9423215, 2.5090687, 3.0625415, 3.2393153, 1.2455066, 3.9966564, 1.6320585, 4.548151, 1.7563648, 0.7070995, 1.9376613, 4.6541414, 3.7457602, 1.8672249, 2.7241693, 0.05675101, 4.005456, 3.5568185, 4.856503, 1.1779114, 1.4964291, 2.0719087, 4.931119, 2.900968, -0.4613182, -1.8124744, 1.3391021, 1.2102423, -0.41601342, 1.1179936, -1.9341977, 0.99893004, -1.9824383, 0.34900746, -2.2137215, -2.0132236, 0.0149839055, 0.7887184, -2.0499735, -1.8507693, -0.046727736, -0.6504767, 1.2884592, 1.2665001, -1.2599244, 1.5618593, -1.8366727, -2.5406194, 0.5014395, 0.10272762, -0.15798588, -1.9998214, 1.8478216, 0.005806243, -0.60800666, 0.02456712, 1.0131229, 1.2401909, -1.9755136, 1.1567814, -0.97825426, -1.3039001, 0.6438142, -0.6357694, -2.5380924, -0.903497, 1.342491, -2.2654924, -1.1856126, 0.18769106, -0.18666713, -1.9341757, 0.37049946, -2.193691, 0.78486955, -0.48452044, -0.31526482, -0.26557553, -2.1901736, 1.1976662, -3.1375835, 1.2408899, -2.3640049, 1.2216479, 0.30164415, -0.7504061, 0.69041765, 0.87124974, 1.0921456, 0.9194786, -3.0589736, -1.5559539, -1.7230119, 1.0224864, -1.4169275, -3.3224437, 1.1530809, -1.6781865, -0.8137183, -0.7736783, -2.235196, -2.31705, 0.8753539, 1.3067176, -0.64126325, -0.856853, -1.158876, 1.3619746, -0.6995548, 0.91823566, 1.4606783, 0.39427185, -1.8024467, -1.5374583, -0.18105614, 0.12902993, -0.5220846, 0.7059992, -1.2054849, -1.1423013, 0.6702389, -0.5374682, 0.7221471, 0.995148, 1.3931077, -0.63771534, -1.0298572, -1.5533873, -1.6446351, -0.5751378, -2.9332619, -2.2016263, 1.0473531, -0.9054142, -1.1560394, 2.1694417, -0.80236346, -1.4046526, -1.4273548, 0.8036678, 0.9971032]
[0.5733933, 0.5417609, 1.0089303, 1.2629639, 3.3935556, 3.4263258, 0.2961856, 0.73053634, 2.0753503, 1.641897, 3.4953084, 2.2477372, 2.0848207, 3.91145, 2.4896863, 2.792737, 0.053546406, 2.5288055, 2.2074656, 2.9672067, 2.6327977, 1.9528308, 1.0461994, 2.9893622, 2.2546701, 2.8038862, 3.379698, 0.69001967, 3.2792807, 3.4816813, 1.6857599, 0.42934704, 0.6733311, 0.33846664, 0.5864906, 0.27834812, 1.505934, 2.3965154, 0.2529632, 3.7073448, 2.736507, 4.4175367, 3.535389, 4.296032, 1.7693428, 4.9048595, 4.798695, 3.1440468, 3.9940727, 1.8473547, 2.2232945, 0.7990378, 1.7702419, 2.762066, 4.645231, 1.4840498, 0.25243482, 3.8726373, 0.030736294, 3.695137, 1.415141, 4.0752115, 0.8334852, 2.7008967, 4.679536, 0.854038, 0.08527511, 3.1934273, 4.521362, 3.2503428, 2.6507528, 0.98045206, 2.459255, 0.106565766, 4.564468, 2.3342175, 2.81254, 1.0176103, 4.6756363, 1.4956214, 4.8115044, 3.253664, 3.2427979, 1.9828804, 0.5448313, 4.9103513, 4.9260087, 0.44846714, 2.8698547, 3.9938776, 2.6740088, 4.1041737, 0.44564778, 1.0592873, 4.3295774, 0.7135074, 4.5750337, 0.23169185, 4.6308517, 3.7686517, 3.204167, 4.9208107, 4.0215583, 4.609052, 4.4601254, 0.18144594, 2.8173292, 1.8559494, 2.9555988, 0.06547096, 2.5246909, 2.7011042, 0.9627247, 1.712101, 4.4756937, 0.08923298, 0.48891124, 2.5424032, 0.96303934, 2.2889953, 1.1384107, 1.8163741, 3.8765857, 0.31744838, 4.022908, 1.5096427, 0.46457008, 0.37729907, 4.761445, 3.9332292, 3.0217974, 4.211995, 4.3709, 1.8234432, -0.45965332, 1.5844078, -0.3701564, -3.2332957, -1.6366888, 0.3758983, -0.9236703, 0.36542574, 0.6361238, -0.18663712, -1.2794312, -0.51614076, -1.0845095, 2.1521955, -1.2503123, 0.3801524, -0.21157405, -0.8042169, -0.56312644, -1.1117902, -1.0840833, -0.29311162, -2.3792782, 0.41963145, -1.1614794, -1.3545814, 0.31629288, 0.0076665315, -1.1605923, 0.5988815, -1.7487681, 0.3296528, -2.4266186, -2.5888603, 1.4305011, -0.679895, 2.1777184, -0.79996365, -1.2066224, -0.7570724, 0.10564207, 0.689279, 1.2049488, 1.479542, 0.15052931, -0.12533952, -1.9146172, 1.5698481, 1.3362876, -0.5101509, -2.675339, -0.7137086, 0.13502395, -0.56931895, 1.6326205, -0.48730564, 1.3170487, -0.15328537, 0.79058176, -2.9784977, -1.7078607, -2.09911, 0.4442218, -0.5771171, -0.4568047, -2.7522995, -1.837639, -2.0686886, 0.8158982, -2.437225, 1.6552924, 1.3313774, -0.2736677, 1.583791, -2.8468037, -0.7556628, -1.9887866, -0.39584076, 0.331972, 0.7806626, -0.8206698, 2.144194, -0.51622933, -0.16081095, 2.0400653, -0.14953806, 0.4942982, -0.5366509, 0.5887619, -0.9491533, 1.0301471, 0.7446958, -2.2796922, -2.4874423, -0.06979939, 1.2473412, 1.1256802, -2.5333877, -2.2703276, -1.1401244, -0.05997796, -0.19817679, -2.664486, 1.1088816, -1.9484032, -0.08107735, 1.489306, -1.773115, 0.38933122, 0.600031, 1.36491, -1.502778, 0.6676732, -0.092032015, -1.747354, -1.0351268, 0.02604253]
[1.3669423, 2.3770552, 1.9314133, 3.8984084, 0.6894666, 1.1389214, 4.780051, 2.4049008, 1.2837406, 2.547804, 4.6805396, 3.990429, 2.0361993, 2.6434538, 3.1196978, 1.6032395, 1.6779988, 3.5876663, 3.7592385, 1.0182914, 1.518922, 3.604315, 1.6536603, 0.86513966, 0.68050945, 1.2557218, 3.0870233, 4.753687, 3.435743, 3.984045, 4.410538, 3.2693837, 3.8566694, 1.5192585, 3.3204312, 0.86472243, 4.0840793, 0.29565388, 4.2228117, 1.9830481, 4.9567432, 3.9691374, 4.23948, 0.23930734, 4.6584244, 3.210921, 1.8878393, 1.8466989, 0.5455028, 2.374237, 0.8380997, 2.9281006, 1.4753519, 3.669558, 3.5199442, 0.31786653, 0.6302409, 2.3695476, 3.8827717, 0.26504293, 3.8359737, 2.5950043, 0.66532624, 2.1550183, 3.261381, 3.0593967, 2.9651008, 3.547926, 0.11103187, 4.99094, 2.5001175, 4.063678, 4.253587, 0.1874008, 3.3884873, 2.783393, 4.9139977, 1.3669931, 2.2742696, 0.08260307, 0.9195023, 3.181223, 2.1024513, 4.129984, 4.5349903, 2.910698, 1.556075, 0.5423902, 0.776123, 1.9500703, 2.7096918, 0.0871767, 4.193852, 1.7444562, 0.18941928, 2.3217542, 3.0925694, 1.9097719, 0.06348287, 1.9278294, 4.0258765, 4.013539, 2.7816806, 0.5663694, 2.2913988, 2.0005517, 1.3206007, 4.619583, 1.1372477, 1.1873296, 3.5743663, 2.130169, 3.106433, 0.8713127, 2.3892205, 0.23565409, 2.5206473, 4.193007, 0.92093325, 3.8281696, 2.678679, 0.59303, 1.5798184, 1.8700666, 3.0911968, 0.46918392, 0.22866158, 3.9732199, 4.691468, 0.3991317, 0.95344824, 1.2049576, 4.6057444, 1.0832411, -2.6096551, 0.63492733, 1.6583804, 1.8031518, -1.7028491, 1.1236179, 1.5297295, -0.17218292, -1.4705567, -1.6630229, -1.1928983, 0.49144182, 0.58849776, -1.5542535, -1.0904287, 1.6074191, -1.1084527, -1.1698484, 1.5934647, 1.811245, -1.490387, -2.4634795, 1.4543438, 1.0126712, 0.90269953, -0.89454144, 1.9025571, -0.29628062, -1.0630882, -2.4632483, 0.24608919, -0.31271592, -1.2830602, -1.9673396, -0.48077536, -0.55297416, -1.9843619, -0.22377723, -0.14632168, -2.2148807, -2.4362295, -0.117769904, -2.3356733, 0.92837, 1.5385332, 0.35123274, 1.8078091, -0.4199609, 1.1589112, -1.9680514, 1.3578113, -0.30321103, 0.16320151, -0.03224696, 0.6141812, -1.1692853, -0.3046373, 1.0460745, 1.3310148, 1.024441, 1.605541, -1.2599206, 1.0208359, 0.53496, -1.4605199, -1.120523, -1.3076411, 0.48336884, 1.5238663, 1.1725308, 0.67740756, 1.0133771, 0.36819914, 2.1375885, -0.2801765, 0.39395168, -1.3310683, -0.1868216, -2.2171478, 1.5560446, 1.7420079, 1.0959469, 0.83583933, -2.2248886, -0.79934275, -3.9029632, 1.2219422, -1.9296975, -1.2107953, 1.006245, 0.7281263, -1.0888009, -0.60204995, -1.0755183, -1.0570378, -1.4204938, 0.03751674, 1.0371993, -1.4749597, 1.0602251, -1.8082691, 0.5971925, -0.17409633, -2.1299694, -0.14539407, 1.169067, -0.7808645, 2.1249952, -2.1652863, -0.6295451, -2.0479348, -1.7925453, -0.9417651, -2.1014838, 0.07977709, 1.0948366, -1.514879]
[0.8061867, 1.0161942, 2.2886612, 1.786425, 3.8902984, 1.0900623, 0.18223822, 0.798052, 4.5252075, 4.812343, 0.82390183, 3.1418512, 0.400465, 3.981401, 1.1614362, 3.9109058, 2.0753906, 4.29106, 1.0469965, 1.6221721, 4.121065, 1.8327075, 4.592634, 3.5180385, 4.664693, 1.3579091, 2.4283712, 1.9753844, 0.024366891, 2.7519042, 2.4198308, 2.8834136, 2.787524, 0.3225252, 4.1841416, 4.898129, 0.8588897, 3.9481032, 4.4814296, 0.91399884, 1.150753, 1.8116106, 4.4383802, 0.011729584, 0.4465852, 1.3600456, 0.24386309, 3.6126716, 0.0788195, 4.594798, 0.927672, 1.8549017, 3.3925867, 0.84258217, 3.63398, 0.27467796, 3.9499526, 3.3113797, 4.4273033, 4.2016773, 2.8025157, 3.623655, 3.5094125, 4.5961742, 4.0348964, 3.0609014, 4.947991, 4.213842, 1.8475987, 2.2416108, 4.3395686, 3.298659, 3.01218, 2.3034372, 1.8071909, 2.891655, 1.7854321, 1.4989845, 2.211957, 3.1899767, 3.732349, 2.6942203, 0.56004226, 0.9529397, 3.5893366, 1.4946953, 1.3500967, 1.3107458, 4.522792, 3.7687817, 3.4311106, 0.7493805, 2.4704285, 2.0093396, 4.5210056, 2.7842648, 4.2069354, 1.9193825, 4.707437, 4.1079016, 4.410804, 4.44957, 3.4989383, 1.4321307, 0.11673654, 1.2447048, 4.0012126, 4.05815, 1.2527162, 3.5577343, 2.0407188, 4.4857993, 3.2991948, 4.4428806, 2.9559453, 4.22886, 1.0550445, 2.1542594, 4.183317, 4.939635, 0.79479766, 4.326664, 0.09270411, 4.2056108, 3.1735501, 2.276904, 4.8636746, 2.8256948, 0.9505968, 0.9968906, 4.1421733, 1.7382685, 2.9505165, 1.2195272, 0.23564151, -2.7247605, 0.3947451, -2.0072649, 1.066245, 0.5293485, 0.7523583, -3.424651, 1.9074017, -1.619765, 1.3167831, -2.337521, 1.2688296, -0.9495526, -0.53487456, -0.67207193, -0.91946876, -2.1157265, -1.5421232, -2.615919, 0.45220438, 1.5516217, -1.239512, -0.977926, 0.0063563203, 1.5203029, -1.9247205, 1.3785198, 0.051822443, -0.18424201, -0.59468406, -0.3418612, 0.05886473, 0.62230897, 0.83121884, -0.887172, -1.5968301, -1.248855, -2.1049616, -1.473983, 0.65051985, -0.1590393, -1.8410395, -1.554118, -1.4650643, -1.5340402, -1.4745505, -2.1931584, -0.91498417, 1.4381133, 1.9515715, 0.29737836, 0.75869894, 0.66981965, -2.0002122, -1.4408984, -0.04243783, -1.6240817, -2.330226, 0.8168506, -0.10985544, -0.7290275, -0.5060957, 0.8199131, -0.98186684, -0.5615025, -0.06986975, -0.13655634, -1.7054027, -2.5247755, -2.2532616, -0.23254776, 0.34198508, -1.7527837, 1.3227625, -1.8679812, -0.9374172, -0.6194872, -2.3689747, 0.5163212, -0.1744239, -0.84373933, -1.1038778, -2.9082665, 0.6053071, 0.2082709, -2.7480195, -1.587891, 0.38514313, 2.1464782, -1.7939315, -0.6732832, -1.4316955, 0.27307642, 1.3507789, -3.2479029, -2.3119361, -1.808742, 0.9831884, -0.6802505, -2.500218, -1.1852385, -2.8166792, -0.43621808, 0.6044851, -0.38592365, -0.31007737, -0.056400646, -2.1785574, -0.7496243, 1.6419424, -1.4484043, 0.018461183, 0.6658402, 0.31388688, 0.29593214, 1.8957212]
[-2.1264322, 4.365768, 0.350789, 3.504288, 0.38085318, 4.9480047, 4.9241667, 3.5494347, 4.7815037, 0.45564714, 4.1893554, 0.8308741, 4.0289, 4.178984, 0.33156455, 0.88120323, 3.9356887, 0.3837512, 0.30719802, 3.3966074, 1.2048844, 4.21108, 4.1138763, 3.2444322, 0.56964564, 3.1829507, 3.2526915, 4.467446, 4.705059, 2.5619206, 3.439165, 4.259204, 2.6795998, 1.8641561, -0.022065995, 3.2542565, 4.0939574, 3.3594728, 4.755404, 4.377055, 4.4042764, 0.55752486, 3.5073822, 4.754875, 2.046882, 0.85267717, 3.409862, 3.0444458, 3.4997885, 3.734912, 1.0173383, 1.2334315, 3.2079935, 0.610311, 4.0271573, 1.5678675, 0.0016263206, 4.2550387, 3.7402265, 2.7881644, 3.6959534, 0.08412472, 0.16579758, 2.6587787, 3.2581785, 3.0043933, 4.16508, 1.9465698, 1.0799958, 4.763533, 0.28739804, 2.045035, 0.84583944, 2.4994273, 0.4449377, 4.826796, 1.8957764, 1.3036216, 1.8671879, 3.4520924, 3.1836936, 3.4362466, 0.54707164, 1.4539126, 2.0949678, 3.8649004, 3.5006886, 4.9191747, 4.502901, 2.681063, 1.6298263, 3.1352923, 4.718121, 4.9793873, 3.4001245, 3.379632, 3.2607276, 3.5792177, 2.1674392, 2.8111079, 3.877135, 3.0348346, 4.5586987, 4.1450286, 3.6860278, 3.8863614, 1.2671509, 2.4478953, 4.647786, 3.5387359, 0.0075083934, 3.2087424, 3.4825923, 4.3835244, 0.790721, 2.355556, 4.7380147, 2.2796981, 2.1263537, 3.2762296, 3.537427, 1.2935351, 1.6217909, 2.9866157, 1.026211, 4.0865054, 2.2470996, 3.2365665, 4.9552083, 3.3719437, 0.9748086, 3.8788946, 1.7333959, 2.2223122, -1.3251144, -1.5553697, -2.1048489, 1.6668586, 0.29375857, -0.56013906, 0.5576022, 0.6357251, -2.459094, -1.1536599, 1.5239481, 1.7078854, 0.73636633, 1.000817, 2.2322247, -1.1710025, -2.0358508, -0.20976341, -2.6240253, -1.1257825, -0.85978645, -1.7853297, -0.45567554, -3.4003987, -3.254494, -1.3484265, -2.0696726, -2.6298573, -2.554546, 0.16571517, -2.4908516, -0.045200814, -3.0405214, -1.2422705, 0.26610866, 0.26941139, -1.0505177, 0.06358408, -0.276963, 1.3925135, -0.96957016, -3.0089908, -0.35122484, -2.4242668, -1.9211948, -2.3696594, 0.42377394, 0.8587493, -1.1691515, 0.31472, -1.5959907, 0.58459383, -0.71957093, -0.5595668, -2.1818786, -1.2755691, 0.8587238, -0.29498398, -0.86632437, -1.7995505, -2.644315, 0.9285535, -1.263574, -2.6429296, 1.5729764, -2.1506336, 1.7144324, -2.319614, 0.23629113, -1.3685895, -0.378014, 0.8607183, -3.0444117, -2.0462964, -0.21804191, 0.42407882, 0.13178104, -0.4642238, -1.3154485, -2.457526, -1.4910288, 0.60814595, -0.9547781, 0.2821061, -0.67654645, -0.8135612, -0.71157825, 1.8598793, -0.32181454, -1.8705524, 0.9408119, -3.8176827, -0.5156833, 0.13774, -0.56008714, 1.4990938, -2.7591298, -0.100399055, 0.31892774, -0.21832938, -0.25784326, -1.9612464, 1.5460024, -0.13456652, -0.7137542, 0.19307873, 0.25156912, 1.00979, 0.88409287, -1.32829, -0.42241663, 0.8597169, 1.2178357, 1.2101319, 0.4381689, -2.478784, -2.4347715]

 

Accuracy: 44.230766%