Final Weight Matrix:
[3.9296718, 2.521477, 0.091502964, 0.980666, 2.8997695, 2.6893756, 4.3809433, 1.3778975]
[4.4710026, 3.7065907, 2.4954944, 0.37958205, 1.4801198, 3.7878895, 0.40209115, 3.8991604]
[0.04686147, 0.9657815, 3.4672358, 4.626033, 4.6009974, 4.066848, 4.166805, 0.26602507]
[3.2173028, 1.9787645, 3.4192002, 0.06752372, 0.88840157, 1.5733657, 1.8047168, 0.78851134]
[3.7740562, 0.47317922, 0.98475754, 4.1198153, 2.7670171, 2.9639945, 4.2192993, 4.364333]
[3.1179671, 2.937001, 2.3405976, 3.5302582, 1.6515431, 2.4794116, 0.41945815, 0.7184011]

[0.7981159, 4.0461926, 2.6130085, 3.915298]
[-1.1504368, 4.627883, 1.1908569, 2.027404]
[-2.6669292, 0.9311782, 0.35535032, 3.0363142]
[-1.7500994, 0.06394984, 0.9283825, 1.7993081]
[0.2477205, 0.5843281, 0.56672835, 1.2604624]
[1.4626279, 1.0228877, 0.5411085, 2.5638752]
[-0.32981506, 2.1947434, 3.3587584, 4.7981453]
[0.035957105, 3.33512, 3.2606454, 1.9588723]

 

Accuracy: 69.36416%