Final Weight Matrix:
[4.4327555, 2.08209, 2.787174, 4.668588, 4.5482874, 1.2869809, 3.2680902, 1.330623]
[4.759807, 4.4018097, 1.5087241, 1.920291, 1.7500803, 1.6407809, 2.698522, 2.1052325]
[1.9242265, 0.12292683, 2.0775344, 4.8091493, 4.3755608, 3.0399787, 3.1600585, 0.61166406]
[2.9418187, 4.1805887, 2.2853608, 3.9425304, 4.139343, 4.2418094, 0.91590554, 0.8903611]
[3.9273953, 2.1698668, 0.68218917, 1.1902096, 3.391306, 2.9985523, 0.091596246, 4.9402895]
[0.76533586, 1.1708695, 2.058128, 3.3033319, 0.29569656, 2.7796104, 3.404954, 1.7408007]
[0.40095717, 0.20244509, 2.3802228, 0.7171148, 1.3791531, 4.159785, 1.0992247, 1.6956565]
[3.5743773, 0.727596, 2.9768248, 4.1686683, 3.8147635, 3.4965835, 1.3900743, 1.3498209]
[2.0109415, 4.10346, 1.4623475, 3.5825987, 0.8297518, 0.25475085, 0.39047718, 2.941565]
[4.180914, 0.119683444, 4.751677, 2.5296063, 1.0511599, 1.3527972, 1.7870798, 2.5955677]
[3.7460175, 3.801252, 2.526212, 2.4470673, 1.4368898, 1.2041712, 1.5074497, 4.7371254]
[3.7215395, 1.4652973, 2.6824427, 3.725638, 3.6787364, 4.704817, 0.2396977, 3.6132433]
[2.2001016, 1.6161513, 3.6191823, 0.7122046, 0.6095457, 2.2791991, 1.9442656, 0.64329326]
[2.2068305, 1.6388764, 1.7010027, 4.6570377, 2.198388, 1.2384981, 4.4322553, 3.6900926]
[3.8855398, 2.4087377, 0.873127, 2.6418085, 0.17565191, 1.1275095, 3.675493, 1.2416649]
[1.7516747, 4.8725514, 0.19697279, 1.5651522, 1.1942142, 2.4409041, 1.7605829, 0.92461437]
[3.1901512, 0.37758023, 4.0257387, 4.333761, 0.7033503, 3.0748353, 4.3025427, 2.7319553]
[1.7248497, 0.024614334, 3.645868, 0.5095279, 3.3888159, 0.14650196, 1.6931643, 2.841403]
[4.841414, 2.604106, 3.472923, 0.79704076, 1.1155221, 1.3621116, 4.775079, 3.924551]

[-0.6013656, 0.736403, 4.3078594, 3.9186876, 0.7967052, 4.940339, 4.402759]
[0.4578642, 1.9839514, 0.6844082, 0.7368197, 0.6287439, 2.5123863, 0.2194015]
[-1.0233108, 2.1922097, 1.1865487, 2.9556909, 4.523932, 2.8539677, 2.5360553]
[0.55517095, 3.5111227, 3.1080372, 2.2803395, 3.0978785, 0.56012845, 1.1048466]
[-0.49543205, 4.991469, 2.047173, 0.20202464, 2.4084141, 0.53465736, 2.3593857]
[-1.0882379, 0.07833306, 4.8977532, 1.9973781, 3.12552, 0.5118776, 2.0074599]
[1.9157631, 2.5173607, 3.9006257, 4.5896387, 1.9354806, 1.5219398, 1.5961491]
[-0.99038637, 4.669344, 1.446167, 2.0169544, 1.1402055, 1.6717498, 4.6544065]

 

Accuracy: 23.809525%