Final Weight Matrix:
[1.7149985, 1.8335984, 4.2925816, 1.88434, 4.453186, 0.12819916, 3.8118882, 3.5860312]
[3.7682726, 0.45241922, 3.0652738, 2.4242468, 3.644415, 1.5134662, 4.551364, 2.0425036]
[4.630481, 2.3487136, 4.580524, 3.379828, 4.4491167, 3.1595085, 2.5503767, 4.1868]
[0.16704649, 3.8402727, 1.391578, 2.5822005, 3.3248723, 0.56421757, 3.045154, 0.08019179]
[0.90292245, 3.6687114, 2.4770484, 4.2955637, 2.1570053, 2.446576, 2.9577866, 4.526639]
[3.730378, 1.2327728, 2.9293587, 0.6619105, 3.9001083, 3.0832531, 3.9945161, 3.7881036]
[4.7896557, 0.093835294, 4.345974, 3.5653756, 1.1454427, 2.9872408, 3.207754, 3.8417153]
[3.1820788, 0.50682694, 3.6945658, 4.2058067, 2.7254536, 4.6626964, 2.4672902, 1.7188549]

[2.2650096, -0.46596986, 3.3672595, 0.4319865, 4.2294464, 2.428899, 0.27824464, 2.2326741, -0.6331219, 4.1686826, -0.16109252, 1.8710817, 0.20784853, 0.36278796, 3.0202374, 1.9516729, 3.2879004, 1.3953991, 1.9202524, 0.76224613, 1.884614, 3.945481, 4.0646195, 0.39905906, 0.61454093, 2.5353405, 1.2524171, 2.2093813]
[1.4266123, 0.35890716, -1.0400836, 0.016942574, -1.6469276, -0.5673125, 1.5323557, -1.991453, 0.42385066, 0.3861333, 1.5274174, -1.7376941, 1.0960194, 0.27506453, 2.140688, -0.25837, -0.76367563, 2.3142602, -1.0174189, -1.0207965, -0.023630345, -1.4073186, 1.0334374, -1.3944117, 3.2213206, -1.7825589, 1.4463214, -1.3237062]
[4.111115, 1.8823376, 1.327603, 0.96930915, 1.0924653, 1.269999, 4.4181666, 2.2654624, 4.2020326, 4.054021, 2.4025776, 4.538012, 3.197322, 3.6523733, 3.8486757, 4.556934, 0.016904341, 3.1657877, -0.06454982, 4.03973, 4.3186507, 2.6607325, 3.7943645, 1.2172121, 3.1012833, 2.0836837, 4.297098, 4.7924566]
[3.9189637, -0.5082762, 3.3503647, 3.2350585, 3.3757224, 3.0873542, 0.8834017, 4.341414, 2.2998242, 2.9042556, -0.30866057, 2.2924213, 0.41396266, 3.8385065, 4.297938, 4.2125697, 2.6501372, 1.3199977, 0.36125273, 0.40533027, 2.4230096, 3.522881, 1.0879791, 2.3003836, 1.3171921, -0.19020247, 1.3793674, 3.6628783]
[4.149962, 4.426639, 0.7725933, 0.959561, 3.6303601, 0.48425218, 1.7399393, -0.16757515, 3.5909073, 3.5526736, 2.8792152, 0.81805897, 4.401388, 2.8403094, 2.301479, 3.6861959, 1.6729034, 0.3659, 0.8111, -0.19183251, 4.835692, 1.7308692, 2.7470362, 4.6911635, 2.5009093, 2.6225426, 4.5406957, 2.0337627]
[0.43094733, 1.5425305, 3.4614847, 3.0274773, -1.5943501, -0.29150552, 2.0753722, -0.40306127, -0.59647596, 4.0077543, 0.45917547, 1.5886209, 1.8183547, 3.8822753, 2.8317986, 2.7644348, 3.9090316, 2.858055, 2.4885218, 1.948662, 2.600055, 0.0691329, 2.3053548, -0.85078645, 2.831868, -1.2805116, -1.4379593, -0.3503946]
[1.1221867, 0.7638358, -0.2482093, 2.0735936, 0.12784381, 2.729345, 1.918294, 0.59939134, 1.1898059, -0.0124436105, 0.9743074, 0.12671767, 0.8158298, 2.345909, 4.743296, 4.268173, 3.6444657, 3.4663715, 1.2422574, 4.342822, 2.7737005, 4.2172236, 0.17322527, 4.4707727, 1.9314454, 1.7194879, 0.60578454, 0.24238703]
[1.5924956, 3.8195834, 4.1811876, -0.23075525, 1.406935, 4.1695323, -0.28105783, 2.3941271, 0.9435677, 4.0196495, 0.7466969, 4.354294, 2.6190822, -0.13514821, 0.6971073, 1.9559742, 4.006903, 1.1777533, -0.028414568, 1.476529, 3.7009997, 1.4791677, -2.4553903E-4, -0.15404698, 4.255373, 2.8104098, 1.5206274, 1.3354819]

 

Accuracy: 1.1961722%