Final Weight Matrix:
[0.7536647, 0.9260461, 0.7844314, 0.22219718, 2.0102086, 0.20688295, 3.938652, 2.5273695]
[3.6825528, 1.4052083, 3.0313492, 1.4179316, 0.015728176, 4.2374697, 2.8318787, 2.6110814]
[4.230634, 4.844844, 3.5396657, 3.0021846, 2.878666, 3.6724706, 3.702558, 3.5677767]
[1.6378826, 1.3242946, 2.8196692, 0.88591784, 2.0018258, 2.0286396, 3.3219502, 2.319565]
[3.8263333, 3.868581, 2.0740235, 3.0056164, 3.765013, 3.4873745, 0.6364536, 4.9484663]
[4.479729, 4.1516047, 3.890644, 3.0378678, 1.9758322, 4.438156, 1.5841744, 4.642968]
[0.12851119, 2.2658765, 2.180917, 1.4144576, 4.160138, 0.8949226, 1.579149, 1.0323995]
[1.5506098, 0.0077793, 3.726694, 0.23664385, 0.24331152, 2.223168, 4.5525465, 2.5785742]
[4.5065002, 1.8002224, 0.54032, 1.8366855, 2.9596756, 4.803998, 2.4840994, 0.98421484]
[1.9412434, 0.328646, 1.7390162, 3.4153702, 4.019745, 3.231138, 4.5572186, 0.8989477]
[3.3067384, 0.20168394, 0.7882613, 2.3961947, 3.663632, 1.3878355, 0.4276952, 4.5561953]
[1.5841773, 2.464397, 3.778393, 3.8800154, 3.7338247, 1.2828443, 2.6085768, 4.3580966]

[1.3402578, 0.58585644, 1.8590431, 2.8539586, 0.80840605, 3.834464, 3.6386974, 1.8370421, 2.5206718, 4.6493373, 1.1167189, 4.646084, 1.2744861, 2.9111373, 4.5568013, 3.8925076, 3.6397314, 4.754383, 0.8396399, 2.3526635, 4.3879547, 1.7418357, 2.091507, 1.6133701, 3.92077, 2.403354, 1.7595218, 0.01919546, 2.5754464, 4.581017, 3.2896676, 3.597567, 0.5182393, 4.475234, 3.71327, 4.5418983, 0.21052626, 0.8357741, 2.3810782, 4.1698236, 0.58219993, 3.5900824, 3.1012588, 3.3275285, 3.067374, 4.1690655, 1.321891, 2.4243462, 2.578404, 1.2405239, 3.8013718, 3.2133815, 0.47506332, 0.029560253, 1.950448, 0.7338468, 1.0669088, 0.73410314, 1.3460703, 4.0104413, 0.989833, 1.8923181, 4.4671526, 0.90802294, 3.1326923, 1.0868511, 3.795677, 2.7441776, 0.03524176, 4.0289416, 3.932681, 2.867626, 3.6751115, 0.3525142, 4.2160563, 1.5486213, 4.5477, 1.9664432, 3.461165, 4.4282637, 2.1032965, 2.428022, 3.59326, 3.8928075, 0.0909071, 0.9521228, 0.095563516, 1.4941033, 4.883597, 0.3281948, 4.7897267, 4.844192, 0.36868945, 2.610819, 1.6872602, 0.70422727, 1.4929515, 1.0531648, 2.4196851, 1.7749928, 2.274039, 0.6950102, 0.683901, 1.4031444, 0.9952361, 2.629243, 0.5709869, 2.0667264, 1.8170384, 3.27054, 3.3957362, 0.5870995, 2.4875789, 2.6858425, 4.913731, 4.10959, 2.4274158, 0.99537903, 1.1863579, 3.3787668, 0.072409436, 4.8746276, 3.0868444, 2.1127214, 2.0589652, 4.0899014, 3.0624504, 2.3813777, 1.8157843, 4.7879524, 2.1573334, 4.0162034, 4.48788, 4.462934, 2.2617257, 2.3192363, 2.4740787, 0.59627426, 4.6452866, 0.13577089, 2.9868941, 4.084584, 2.7911103, 1.1603363, 1.3158976, 0.49450403, 4.837816, 2.9480639, 1.2778563, 0.9839652, 0.38433027, 0.99398625, 4.5061226, 4.158367, 0.031396385, 0.8465458, 2.3434193, 0.49846578, 0.88004535, 0.92596173, 0.8945311, 3.8708262, 2.0189638, 0.5791294, 0.13285677, 1.2842643, 2.9541175, 0.28858852, 1.0122565, 2.6684196, 2.2611341, 4.495563, 2.7042844, 3.299953, 0.972965, 3.5048563, 1.265111, 1.8476989, 0.21097825, 4.708712, 2.6789088, 3.5874417, 2.898151, 3.112506, 3.9822986, 3.3993828, 2.7141247, 1.7714376, -0.13683882, 1.8682886, -0.050616775, 1.3032198, 0.3539963, 1.7184241, 1.1508954, -2.1998017, 0.8057796, -1.0165735, 1.3485676, -2.291323, -2.1467946, -0.16148949, -0.34066647, -2.5085475, -0.3544903, -1.5256734, 0.47646132, 0.42957556, 1.2893854, -0.4834643, 0.53272605, 1.7138113, 1.4004759, 0.6145241, 1.7683946, -0.17452684, 0.57660884, 1.0593426, -2.0049775, 1.8287641, 1.9216762, -1.4406959, -0.93632144, -0.38536274, -0.29318896, -1.6975328, -0.00558208, -2.5108943, -0.7612255, -1.478293, -0.12713213, 0.19216467, -2.1414728, 0.9727704, -2.2559814, 1.144901, -2.3268166, -0.025330072, -1.5148457, 0.80871546, 0.9805014, -0.38492948, 0.5015846, -0.85450387, 0.8363956, -0.650832, -1.4485124, -0.30334663, -1.733083, 0.13385998, 1.0365825]
[-2.7009978, 2.9805892, 0.8271007, 0.7608464, 4.760385, 2.57679, 0.3604317, 4.5139303, 0.81256497, 0.8707457, 3.1606836, 4.9317117, 2.2545085, 2.5382922, 4.0759816, 0.8337424, 2.161728, 4.3830867, 0.25303948, 1.6756427, 0.079713844, 0.04794001, 0.5008978, 2.0182269, 0.8050435, 1.274239, 2.53432, -0.024445392, 4.522199, 2.1515458, 2.1635273, 0.75268203, 2.187646, 2.1147394, 2.8441012, 4.2357287, 4.6625743, 0.29250494, 2.9898567, 0.3500099, 1.0581795, 1.4070853, 3.9534512, 0.9071535, 0.5261109, 2.089023, 1.9874475, 1.3155891, 1.3112592, 2.3545027, 1.2358723, 3.28778, 4.864888, 1.7906102, 4.1022296, 2.1509259, 4.668931, 4.7050223, 3.809416, 0.6419425, 3.0286663, 0.4207583, 2.2676249, 0.32138795, -0.048688922, 4.145271, 3.5606272, 1.0900652, 0.024653252, 3.8555872, 4.158252, 3.2595646, 2.336351, 4.53956, 4.8743935, 3.1236537, 0.2999886, 1.1227099, 3.7533958, 0.7040339, 3.5139384, 0.42486808, 0.31236443, 3.880247, 4.5091577, 0.85649693, 4.1176844, 3.788679, 1.2018504, 3.169819, 2.4602969, 3.7684026, 3.5893922, 0.26247478, 1.1905278, 2.5842109, 1.63144, 3.1559803, 1.318684, 4.800865, 2.9081275, 4.4562473, 0.9223185, 3.7017856, 4.7518563, 3.882274, 2.9901772, 2.3240006, 3.8877425, 3.4008315, 2.2116122, 1.0121876, 2.119524, 1.0289208, 1.2842503, 2.8012283, 2.9088972, 0.13354611, 2.086781, 2.7094145, 2.0330703, 0.54999393, 1.6636478, 2.841668, 0.5426693, 0.7815749, 1.5919945, 4.599537, 0.44784075, 4.874582, 4.3422284, 2.878937, 0.44115502, 1.0498343, 0.8866229, 0.37533233, 0.6792743, 0.31161475, 2.8663619, 2.1541913, 4.904514, 4.335656, 0.8369947, 1.3373206, 2.4028368, 1.5775459, 3.67203, 4.6531143, 4.1453624, 2.6438668, 0.43902698, 3.7520442, 3.9285936, 0.76944184, 2.3292468, 4.452399, 3.5221698, 0.19879015, 3.911049, 0.09371829, 3.620021, 4.2423368, 4.065061, 2.4979417, 1.4301307, 3.6139812, 0.5514316, 0.7821531, 3.7221897, -0.04502544, 2.099169, 0.48171073, 2.14956, 3.4076667, 1.5261568, 1.1167183, 0.76362306, 1.6850369, 1.030183, 1.553671, 0.727496, 4.477547, 2.8820467, 4.562185, 3.0039742, 3.2133956, 0.17162792, 1.7446322, -0.09555162, -2.077922, 0.08834858, -1.8610263, -3.066828, -0.12779441, -0.91770786, -2.549864, 1.1092994, -1.3235484, -1.7593192, 1.212821, -1.4307197, 0.72085625, 0.3499896, -1.9862974, 0.5040596, -0.26265073, -0.8395767, -1.179253, -2.2216132, -1.3317415, 0.86347485, -1.8736424, -2.572957, 1.3248788, 0.2809418, -0.6069483, 0.30074805, 1.4759719, -2.7971604, 1.3086115, 0.69615257, -1.6067144, 0.6226453, -1.7737436, -1.0625443, 0.4519885, -2.225853, -0.10175556, -1.091622, 0.801108, -0.696928, -1.0728661, -1.0058113, 0.1692215, -0.5911484, 1.3287438, -0.06487048, -2.3213668, 2.2575822, -2.5772562, -0.0020107783, -1.6410853, 0.3454246, -0.594775, 0.26506853, -1.8220373, -2.9923496, 0.21771026, 2.8355124, 1.1340913, -0.9456108]
[1.2922127, 2.177944, 1.1496173, 4.110178, 4.9314055, 3.0115943, 3.6247532, 4.5300198, 1.0627639, 0.6729576, 0.27498013, 3.915017, 1.0215629, 1.0723935, 4.0449314, 0.85725963, 2.728946, 0.50703585, 3.3676739, 1.2002875, 3.9832823, 1.953369, 0.29468128, 2.1532855, 4.932854, 0.20481645, 0.8597171, -8.8473264E-4, 1.8210461, 0.58914405, 4.680245, 2.2894154, 1.4921364, 0.7052898, 1.434695, 4.5892987, 1.623774, 2.4520478, 3.900564, 2.0132782, 1.2610486, 3.7311578, 0.84030354, 0.7514272, 2.6648924, 3.1185722, 4.2063527, 2.9254167, 2.3339925, 4.3133144, 0.688842, 3.4642818, 2.5227666, 2.2687027, 2.767444, 2.1629639, 3.3420844, 4.9003425, 2.1177258, 1.116365, 2.7848191, 4.2220354, 2.5625467, 0.25889167, 2.6196132, 1.1967732, 0.0912914, 2.72033, 1.936762, -0.010500595, 2.0510752, 1.4722848, 2.8366673, 4.584719, 2.0453043, 3.0360706, 1.7041036, 3.3634176, 3.2339764, 3.5100036, 0.3995913, 2.451219, 3.1925526, 3.3395357, 4.4562287, 0.6986165, 3.5604687, 1.9107051, 1.3793185, 1.6742191, 1.5466479, 0.8548246, 3.4762585, 0.52004856, 2.4216568, 3.3553789, 2.5642014, 1.0420169, 2.2279172, 3.9283602, 4.437553, 0.27923515, 2.4804924, 2.270934, 3.835002, 1.2666321, 4.0762067, 2.0979364, 0.71841955, 3.1667838, 4.2535505, 0.5954665, 0.59765357, 1.0230426, 1.0038445, 0.7796889, 2.4154298, 3.2295702, 4.647181, 2.2260633, 2.6763885, 4.215704, 1.7330906, 3.899982, 3.3141117, 1.5126824, 1.2520857, 0.66475886, 3.8104644, 2.5509107, 3.7447107, 4.8886666, 2.5632026, 0.32516778, 4.1063867, 1.7902501, 4.2012653, 3.4150772, 1.3795218, 1.7985691, 2.6605341, 1.5997521, 0.6136088, 2.100686, 1.3884366, 0.96265316, 3.0996687, 0.7401176, 3.0002203, 3.368456, 2.2280548, 2.5760493, 3.3256676, 3.161627, 4.494165, 3.8289149, 3.634424, 1.4845489, 2.942726, 3.7127962, 0.8008897, 4.6915507, 1.9648336, 2.9453704, 1.5858393, 0.89399225, 0.62634647, 3.3596613, 0.20917529, 4.4623075, 1.0777254, 3.979311, 2.8702855, 2.667757, 1.49668, 0.8625718, 1.243488, 2.6831708, 4.8260846, 2.9696805, 1.523363, 4.690976, 1.5496072, 3.9531546, 3.1391306, 0.25492167, 3.990588, 0.56634617, 0.60535973, 1.5228438, -1.2937248, -0.17429343, -1.5823352, 0.84988886, -1.8404645, 1.772282, -1.5383359, 0.68236136, -2.1239278, -0.3303035, 0.586577, -0.89884347, -1.2040433, -1.4975057, 0.12903628, -1.3489803, -0.5258596, -1.5236299, 0.88616925, -1.7398374, -1.7114129, -0.7465276, 1.7392437, -2.607828, -0.19517256, -2.157556, -0.935764, -2.3774023, -1.8569645, -1.43158, -1.7727453, -1.3143691, 0.58705133, 0.2674731, 2.9656827, -2.5702, -0.08666712, 1.3359017, -1.3034592, 1.5258718, 0.93947303, -0.8584263, 1.2206765, -1.4999197, -0.90983343, -0.22662665, -2.4621203, 1.1099324, -1.0920783, -0.6405384, -2.6643026, -2.2541814, -0.23599847, -1.8103869, 0.07211303, -1.8297961, 1.8494294, -1.7504714, -0.46277133, -2.6225057, -0.49724385]
[-1.808266, 4.4883456, 4.4797616, 2.983795, 1.7843887, 4.7711797, 4.531801, 3.8077326, 1.8941457, 2.7011473, 0.6151521, 1.6747848, 0.36301723, 1.1370422, 3.126658, 2.6419349, 2.6152546, 1.7723587, 1.1372281, 2.4738007, 2.6492321, 1.6223388, 4.4234195, 3.84962, 1.2764502, 4.2843313, 2.8309026, 1.6286774, 4.16849, 0.91366225, 0.5163551, 0.3115856, 2.331107, 2.514763, 1.845392, 2.0442917, 0.61971813, 1.7255914, 4.67226, 0.3333949, 2.1813083, 4.2004914, 3.1392913, 4.799216, 1.9089336, 0.9369759, 1.6291693, 1.5491543, 2.8094342, 1.083224, 1.8440657, 4.657954, 1.0229852, 3.9126816, 4.0694423, 0.8112386, 4.169871, 4.629274, 3.5576868, 4.3826284, 3.8975096, 0.17600907, 3.480551, 4.842438, 2.7429578, 1.8434529, 3.668905, 3.245818, 2.3425145, 0.09635217, 1.5545912, 2.7098315, 4.4968643, 0.27579448, 4.2474127, 3.180694, 3.891699, 3.9789555, 2.4547482, 3.858526, 4.2988377, 4.7634373, 4.1000595, 4.2378483, 4.884554, 2.0315518, 3.326082, 4.370758, 1.5943899, 0.11847074, 0.048250917, 2.2055619, 1.7150935, 0.5658494, 3.8785465, 4.4255886, 2.3299887, 2.7840388, 3.749435, 1.927248, 4.063266, 2.1417615, 1.7583294, 1.9186391, 1.2051637, 1.2362664, 4.752678, 4.1015463, 3.8057582, 4.653663, 3.0412967, 0.21272162, 0.5555037, 4.34691, 0.9456985, 1.7784556, 4.280232, 2.123198, 2.0622315, 2.8132, 2.5377414, 3.731278, 2.9062476, 4.824145, 0.7044231, 2.3391528, 1.6665777, 3.4660993, 4.9112988, 0.8935307, 3.1121316, 1.7587844, 0.04659113, 4.514454, 3.647105, 3.0986843, 3.0669417, 2.2586174, 0.5552737, 3.507324, 1.5368354, 3.2921355, 0.13637629, 3.3161547, 0.8427383, 0.18193923, 4.846298, 2.254858, 2.8501213, 3.2443666, 4.7563176, 1.7203404, 1.5824976, 0.51629835, 2.1339934, 1.6634698, 1.7414713, 1.692286, 1.8810475, 0.95163554, 2.4721677, 2.7659693, 3.3812969, 1.3299519, 2.9793446, 0.9231995, 4.8807364, 1.3401719, 0.6474768, 1.6857598, 2.3541944, 3.9571378, 1.8495296, 4.501955, 2.7608533, 1.4141028, 2.666672, 4.8674483, 3.1431763, 3.2906067, 2.3512933, 1.5111372, 0.8756993, 1.6422513, 0.7918599, 3.853816, 2.9899786, 4.3451886, -1.384313, -1.9761536, 1.9462166, 0.48092365, 0.7335142, -0.2347982, -0.07511244, 2.021282, 1.5585127, 0.7276381, 1.1509551, -0.7171695, 2.1737688, -0.97785944, -1.8882775, -0.29547796, 1.8958207, 2.2944372, -1.2824479, -0.5196652, -1.5022315, 1.1173031, -0.7297656, 0.9094486, 0.6667143, 1.4357253, -2.5191703, -1.8496767, -1.5226446, 1.2187476, 0.48823944, -2.551741, -0.6170872, 1.6071227, -1.1235956, -0.9770638, -0.3333751, -0.28719607, -2.126885, 0.4028394, -1.1812435, 1.9164739, -1.0637685, -0.88017684, -0.14180617, 0.25500086, 0.6676532, 0.9843074, -0.27627012, -1.2707578, -1.2397441, -0.45400277, 1.6951345, 0.90040374, -1.00221, -1.9584332, -2.0298853, -1.0614105, -1.0959373, 1.439624, -1.1714282, -0.089764886, -1.081293]
[0.26624674, 1.6699827, 1.1008714, 0.88682836, 2.6700108, 2.562118, 2.3527982, 1.0904834, 4.5281067, 3.1602073, 4.0758896, 2.594351, 3.8030634, 2.0636497, 0.055871513, 2.3037648, 0.024555368, 1.9155104, 2.2734556, 0.25054178, 2.5264363, 3.1676757, 0.22058977, 1.0955881, 4.165397, 0.59981596, 0.013629834, 1.0603999, 2.4501038, 3.114583, 1.2565469, 0.66315377, 0.71362454, 3.9963634, 0.20995386, 3.4831524, 3.7535732, 3.4688833, 4.810984, 1.324405, 4.437305, 0.006772751, 4.952945, 4.1310544, 4.896432, 2.6404505, 4.4575863, 2.7079978, 4.2316003, 1.0194354, 4.0807724, 4.460592, 0.7038166, 2.6294787, 4.8062687, 4.0564513, 0.221537, 0.95829105, 2.3467245, 0.6499325, 2.1573443, 1.9867599, 1.933867, 2.7329895, 2.6393292, 3.6346967, 2.083778, 0.9049278, 2.9406703, 4.4264407, 4.5371265, 4.4933543, 0.17279087, 4.0353484, 0.04707093, 1.7825243, 4.0089226, 3.278527, 1.1270878, 2.1331594, 4.1479735, 0.8861722, 3.7135842, 4.9545407, 4.9472713, 1.0811622, 2.425489, 1.6174955, 2.7106736, 1.4848725, 4.363952, 2.3626044, 0.017383425, 0.8660504, 4.403328, 1.8188013, 0.6025391, 3.0749612, 1.2590473, 1.4893818, 2.0564525, 1.3521467, 1.501028, 0.6484219, 0.6546242, 4.1682057, 3.5166588, 3.149583, 4.2223935, 2.1073065, 1.1968259, 1.4104301, 2.5334713, 4.1977954, 3.6331496, 2.0101218, 2.8655102, 2.0118628, 0.45534146, 3.9394248, 2.5256839, 0.4591898, 4.19908, 4.803143, 4.312661, 4.664565, 1.620482, 0.124857165, 0.29572043, 2.8551989, 1.9594743, 3.0129237, 4.445055, 3.1958842, 4.8923235, 3.3656704, 4.778362, 4.172623, 1.3456796, 0.72900665, 2.3466027, 4.014913, 1.8853194, 0.47995862, 1.2140253, 1.6838349, 2.542025, 4.1461644, 3.1193247, 4.177416, 4.7866554, 3.5477102, 0.39330062, 4.6200094, 2.2955887, 2.1873393, 0.27633852, 0.7814105, 3.0822337, 2.4128482, 3.846459, 1.7102122, 4.130246, 2.653921, 4.651435, 2.5783114, 0.32976022, 1.4287969, 0.6092787, 3.3553152, 2.9197266, 0.24750732, 4.8997154, 4.0869875, 1.1904777, 1.3254564, 1.6781443, 4.1403394, 2.605688, 1.8570932, 4.119866, 1.1155758, 4.624093, 4.09884, 2.8111527, 3.2960198, 4.4759254, 0.53452945, 0.6616972, 0.07341763, -0.12004404, -3.1143448, 1.0752635, 0.6682709, -0.08616862, -0.060683362, -1.5960169, -0.3346381, 0.21266937, 0.21687035, 1.1294305, 0.5033795, -1.3971237, 0.27956828, 0.45969397, -2.367951, 0.6196732, -1.0683792, -2.5065398, -0.047204457, -1.9186323, 0.4713659, -0.005031592, 0.11119362, 1.447523, -0.58627003, -0.013705075, 0.6475677, 1.8859267, 1.2819813, -1.2379624, -1.9712306, -1.0302786, 0.16694506, -1.8312263, 1.0336949, -1.3390845, 0.77358264, 1.967721, -2.4139838, 0.029518642, 0.3099639, -1.5479203, -1.4119036, 0.5642748, 0.139239, -0.72283447, -1.6000421, -0.09220369, 1.7908858, -1.5339426, -0.2314918, -0.318785, 2.3677797, -1.471461, 0.042474393, -3.0505047, -0.1485284, -0.35955957, 1.2446471, -0.907394]
[-0.03465557, 1.8495585, 0.56469816, 1.4585282, 4.728407, 2.6493323, 2.3154087, 0.71096283, 2.0995135, 3.2302477, 0.23186667, 1.013888, 3.2795753, 4.042281, 4.9511223, 3.868461, 3.7247262, 3.456263, 1.4125462, 0.8322831, 4.327672, 3.185631, 2.9884145, 4.1219697, 2.0734413, 0.6987026, 2.2890196, 2.6602325, 3.2477348, 2.5897803, 2.8101578, 4.792947, 1.3377138, 1.9788387, 3.8385952, 4.864252, 3.1138222, 4.2621646, 1.163459, 2.0649304, 2.4845502, 2.2146115, 0.968107, 2.5205557, 2.0880954, 1.2680727, 0.5509932, 4.2437005, 4.7685614, 3.2815762, 3.4969828, 4.135995, 0.47358432, 3.8272195, 1.2155225, 0.49853772, 3.2945633, 0.12410063, 1.8286753, 1.4577287, 1.9321742, 4.509197, 4.6041117, 3.4696903, 1.9360029, 4.374398, 1.2352825, 4.8444076, 2.264522, 2.9937096, 3.5180702, 1.6261349, 1.5100828, 0.7365171, 1.3075588, 4.8212843, 2.6311152, 0.7037003, 0.013783134, 3.8976455, 0.6378348, 2.4879768, 2.739669, 1.7011669, 2.0286376, 4.418955, 4.0200934, 0.8392041, 1.491902, 0.12407166, 2.7962701, 3.7337568, 1.4722897, 0.58743787, 3.1265013, 3.4838777, 4.1522126, 1.0953265, 3.0356297, 0.69272757, 4.291759, 3.6518562, 2.3923366, 3.1679924, 2.0603697, 3.9956064, 3.5511167, 3.7938983, 3.5407922, 2.146817, 2.1051962, 2.7876556, 1.8024738, 2.413146, 1.8287398, 4.5649457, 3.7256043, 0.78893095, 1.3549035, 2.3985748, 3.1821814, 1.7782081, 1.5468351, 4.591907, 4.5960135, 4.9430466, 0.9957123, 4.5015125, 0.29731035, 2.2151735, 2.010217, 0.06740038, 0.0056649, 1.1106334, 0.9796452, 2.242268, 1.2721713, 1.4143996, 2.7582927, 4.7683907, 4.5143228, 3.2321525, 4.332855, 1.4059862, 3.0056467, 3.974598, 4.830852, 2.3113718, 4.6493444, 4.473961, 3.128034, 0.22161411, 3.3021584, 2.4558108, 0.4476429, 3.5829003, 0.5855392, 3.2119403, 0.47442213, 4.14963, 0.5600261, 0.6819857, 1.5615237, 2.8292682, 2.1874845, 4.658026, 2.3316636, 1.1302013, 1.2607701, 1.4412256, 4.4267054, 1.1598572, 1.2955383, 1.2856711, 3.1692712, 1.2209034, 2.365265, 3.810744, 2.646425, 4.1613946, 4.473402, 0.9796405, 0.72830623, 3.273381, 4.747923, 4.7165956, 4.4345536, 0.9272689, 0.064166516, -1.763907, -0.40592024, 1.7775255, 1.119935, -2.5152967, -0.90858525, -2.6536582, -0.4154806, -1.8212233, -1.7906624, -0.78285986, -1.9398782, -1.5526547, 0.4693859, 1.371218, -0.04989866, 1.866755, 0.8554708, 1.3560761, 1.4616029, 2.29157, -0.3316768, -1.3369741, -2.6198802, 0.09634254, -1.2532218, 1.5663221, 1.5843842, -2.8211646, 1.7410873, -1.86013, 0.007896338, 0.9275746, 0.86688864, -0.61789393, -1.3429694, 1.8922025, 2.5389323, -2.79679, 0.51361126, -0.66717523, -0.210326, 1.1648538, 0.55323577, -0.8928806, 0.5793834, 0.79740155, 1.140455, 0.452267, 2.5663848, -2.086202, 1.1836625, -0.13329695, 0.8038136, 2.0600684, -1.7897235, 2.52949, 1.556714, 1.1968539, -0.384338, -2.5892951, -0.098591514]
[0.5132416, 2.2959657, 1.0472163, 2.7722166, 3.452117, 0.61847734, 3.2210617, 0.7093673, 3.2198076, 3.8832467, 3.9232793, 0.95083207, 3.2041123, 2.2690525, 3.2861307, 1.3345579, 1.9367354, 3.1413116, 4.0516953, 1.4573698, 3.6163464, 0.31247512, 1.7885313, 3.6880133, 4.2497454, 0.85870063, 2.4666908, 2.8598258, 4.8866405, 0.65228856, 1.0728396, 1.9100758, 3.3905168, 2.3572798, 1.9483391, 3.6120653, 1.5977188, 0.26269463, 4.787018, 4.0722666, 0.7471336, 4.807554, 3.6291032, 2.1927066, 4.6073537, 2.0335398, 2.7026622, 4.164055, 2.796456, 3.7001789, 0.44803667, 0.1476871, 1.7158973, 0.40832305, 1.0197341, 2.3600357, 0.9517926, 1.7822349, 2.649632, 2.9458866, 4.1885705, 4.391567, 0.3854631, 0.36560535, 2.3098185, 3.2232654, 2.4619868, 3.1993015, 2.4664183, 3.0084095, 2.2829125, 2.842972, 0.051329978, 4.719278, 1.147572, 0.82793933, 0.8807263, 3.8732238, 4.1213913, 3.44664, 0.60041314, 3.650365, 1.3505725, 0.90050876, 2.7332227, 3.149405, 4.6204524, 4.7438955, 0.8033833, 1.4631616, 1.5169686, 1.5613389, 3.962976, 4.788041, 3.6022565, 0.31862667, 2.0044005, 2.9278803, 1.7537831, 2.0767965, 0.45752046, 3.6153324, 4.3432236, 4.734557, 4.3123107, 3.9823632, 2.1111524, 4.342406, 1.1514378, 0.51306856, 1.9894216, 2.5944512, 3.3970532, 2.507959, 4.7084856, 0.3518194, 1.3462647, 3.726583, 3.3670683, 1.8819613, 3.8170931, 2.4258037, 0.5460757, 3.009361, 2.9969845, 2.9986074, 1.7395531, 3.8461547, 2.188122, 2.204297, 0.06471247, 3.3553102, 1.3077121, 3.0752718, 4.6359005, 2.3008091, 0.59326315, 4.0357256, 3.7867596, 3.7844915, 4.655103, 4.980588, 3.9171102, 3.7733088, 0.17450164, 4.6599913, 0.424421, 4.019716, 2.7042403, 2.2179878, 4.721944, 2.0623682, 2.2551444, 3.0240605, 4.8226037, 4.6947455, 0.654512, 0.03842107, 3.6429362, 1.0412847, 4.214938, 3.7795312, 2.10514, 2.1957226, 0.62704587, 3.7677798, 1.8797921, 3.116755, 0.0700431, 3.9112697, 2.0858727, 2.9886692, 4.6038394, 2.1143732, 0.63290155, 2.5815613, 0.89394426, 2.6308382, 4.853526, 1.0514399, 1.7928954, 3.479386, 4.112144, 3.3117867, 3.1442394, 1.9976023, 3.9652538, 3.1926289, -0.34530976, -0.8106062, -2.4907606, 0.38531184, -0.1526188, -0.13877097, 0.74700356, 1.2778592, 1.3805884, -0.40582052, 0.3580298, 0.1464825, 0.9271603, -0.7595709, -0.54630363, 2.082018, -2.9494734, -1.5953844, 1.3506808, 1.2198554, -0.5447553, 0.11462434, 1.5705776, 1.0820289, -1.3203982, -1.7743531, -2.271847, 1.6491041, -1.0838302, 0.39793268, -0.19602741, 0.73492867, -0.2262151, 0.2386209, -1.1781123, -1.4393442, -1.6230098, -2.4084983, -1.0294594, 0.19029693, -0.82978594, -0.7542071, -1.3782593, -0.3217367, 0.6990652, 1.132977, 0.72097397, -2.890448, 0.46339098, 1.6156846, -1.6776637, 1.5839034, -0.618866, 1.2275997, -2.4042137, -1.7075562, -0.7997894, -0.4232987, 1.5158657, -2.9872425, -0.13208076, 0.92109746, 1.9118952]
[-0.41865295, 0.79020625, 0.26033378, 4.889602, 3.4305286, 1.4461113, 3.9167507, 0.67408055, 3.6426384, 3.1339636, 3.8024824, 2.095683, 2.1351755, 0.9258313, 4.951156, 4.275113, 3.782854, 4.730173, 1.9771711, 3.0987318, 0.9288628, 4.1870437, 1.0331475, 4.875431, 1.5663984, 1.0847342, 4.6683426, 4.4535966, 4.4604335, 4.762814, 3.8840117, 0.86692536, 1.1519854, 1.2303073, 0.007541594, 0.5793197, 4.0885844, 4.612577, 0.5328487, 2.0379422, 3.467686, 4.653441, 1.8328305, 2.64661, 2.840487, 0.11880527, 2.253227, 4.6668825, 0.53089714, 4.7231007, 2.6447926, 3.0566227, 4.075426, 1.0051087, 2.1341755, 3.310106, 4.379275, 3.404025, 2.9229279, 0.87710196, 1.7953748, 3.5031605, 2.9143338, 2.0798936, 0.14062585, 3.2223744, 4.0911436, 0.7198618, 1.446074, 2.1616545, 1.1511011, 0.24221247, 2.23697, 3.7544255, 1.0552378, 0.75626004, 4.2681246, 0.43588135, 2.6550035, 2.937681, 2.882706, 1.3145633, 0.7135613, 0.4578007, 0.70801914, 3.624515, 2.647449, 2.6661386, 3.126964, 2.1790612, 0.5211428, 4.7445054, 4.23463, 3.7494671, 2.045158, 0.9057582, 3.3835437, 1.4018523, 0.7627472, 3.8514512, 0.8906462, 4.710657, 3.8352277, 1.9411064, 2.9979968, 1.2112664, 0.9019414, 2.1862102, 2.2479448, 2.3986518, 0.52902836, 2.4997904, 1.7535244, 0.07939277, 4.031102, 4.872447, 0.09030866, 3.527276, 0.28836164, 1.317669, 0.33050603, 0.73445576, 4.215602, 2.45195, 4.9806204, 3.5576937, 0.44622087, 2.0555274, 1.6133592, 2.8138056, 4.2266355, 2.4319508, 3.0824432, 3.4714859, 2.7599573, 1.399642, 0.50103754, 3.3877354, 1.0139022, 1.0018847, 1.0421963, 2.1706603, 4.9348307, 1.2336895, 1.2590677, 1.2925464, 3.0502605, 4.2192116, 2.4670386, 0.8651877, 2.702296, 4.9564714, 3.778663, 4.0409174, 2.5155928, 0.42922726, 1.5916601, 3.1924624, 0.8864318, 3.0043008, 3.0681047, 4.1205516, 1.2458204, 4.5109277, 4.9584036, 4.7333612, 0.7871963, 1.5492073, 0.20029068, 4.6529455, 2.18288, 4.758071, 0.5655898, 3.1944737, 4.4159217, 1.1287564, 2.463295, 2.7069688, 3.1123405, 4.871074, 0.78888595, 0.90446603, 3.9979937, 3.750222, 0.82027686, 2.0165389, 1.3654543, 1.5842757, -1.7502813, 1.1368556, 0.05171013, -0.6375672, 0.23875293, -2.2939053, -0.31039888, 0.22413746, -3.0352585, 1.2823572, 0.42800122, 0.31355345, -1.5571282, 0.49480927, 2.321172, 0.30119714, -1.6274346, 0.6164052, -2.394176, -1.0133476, 1.078005, -2.1915498, -0.36122164, -2.2984073, 0.58183753, -1.3832147, 0.69115335, 0.34414417, -0.69245917, -1.5846329, 0.7219268, -1.5012971, -1.3038596, 1.3772589, 0.63623375, 2.2430303, 0.9508026, 1.4258429, 1.9536337, 1.0150319, 0.31552413, -1.116402, 0.87017465, -0.44367912, 0.5981221, -1.3102946, -0.48942634, -3.0032, 2.0945144, -0.07487633, -1.6189152, -0.3858867, -1.1248608, 0.96545255, 0.400608, 0.13714409, 2.504941, 0.6636508, 1.7120559, 0.58498055, -1.1556096, 0.29332405, -1.8991838]

 

Accuracy: 44.230766%