Final Weight Matrix:
[0.9468913, 1.2259895, 4.264776, 0.308322, 1.4365325, 3.8785102, 0.425407, 1.687273]
[3.35765, 4.8521037, 2.273816, 4.070224, 2.5942705, 1.3633931, 2.6245334, 2.9505553]
[4.702612, 0.9166464, 0.98080426, 0.345293, 1.3030889, 1.7561662, 2.4704418, 3.4424317]
[0.17920196, 1.893991, 1.1038706, 2.5603392, 3.221364, 4.656865, 2.7609909, 1.5483584]
[3.4069612, 2.3728242, 0.20271868, 1.3515172, 1.7519119, 2.2529836, 0.1006636, 2.3915532]
[4.32734, 0.0941962, 4.0658975, 0.6588018, 1.0594493, 3.2747483, 4.869651, 3.3330517]
[2.7511544, 0.7954034, 4.1228204, 1.3650372, 0.038529336, 3.2547834, 4.208115, 0.6532034]
[2.3597696, 1.5797093, 4.0325394, 1.2828237, 2.3334203, 1.7618573, 3.4357097, 2.1870914]

[4.306071, 1.3092227, 3.4223764, 4.3571396, -77.72907, 3.2372966, 3.057486, 2.7576668, 0.78181255, 2.4208658, -0.06515338, -2.1320214, 1.3734263, 4.6777215, 1.5444162, 1.8119627, 2.9882402, 1.7072155, 2.083782, 2.3321836, 2.4434695, 4.178559, 0.7601442, -1.5425141, 1.7314894, 1.8169978, -0.19345905, -2.6976686]
[2.53612, 3.5131173, 0.5178977, 0.18022093, -79.38999, -0.54113674, 0.09297706, 4.421128, 1.7374504, -1.1201305, -0.05127762, -2.8633916, -0.70803875, 1.381803, 1.4000181, -0.8557715, 0.39525568, 2.1441646, 2.223362, -0.044862043, 0.13189699, 1.4937432, 0.37460375, -0.13739718, -1.0557172, -3.0842657, 0.81641036, -0.6038706]
[3.7726264, 2.3562875, 1.061734, 0.43471375, -77.09204, 3.9728642, 2.387401, 0.226113, 2.8500662, 1.1148442, 3.5573282, -1.0418214, 3.4016588, 2.7549362, 4.862681, -0.095263086, 1.1714982, 4.3110547, 3.5866778, 4.5625796, 0.17638539, 3.9711542, 4.7644167, -0.22485712, -1.0534925, 2.1259186, -0.8040601, 1.3532221]
[0.43418047, 0.40333223, -1.6498337, -0.646229, -80.8673, -0.09840713, 0.5639954, 3.363874, 0.41526955, 1.1386225, 0.17321604, 0.55648196, 1.2000221, 3.3914897, 0.33700976, -1.8714492, 1.680061, 2.6594534, -0.90644187, 0.13716927, -2.0107691, 0.20506562, 0.881296, -0.0021502129, -1.5093963, -3.614324, 0.5727756, -1.8238539]
[0.7827076, 2.622005, 3.7452583, 1.8001313, -79.63629, 0.2602992, 0.7959434, 2.9716635, 2.2309577, 0.076488994, -0.070323326, -2.3566444, 1.7832468, 3.011258, 3.965927, 1.1384096, 3.6711195, 4.373938, -0.24830176, 1.8974407, -0.26925164, 1.4232016, 3.7840307, -2.1783817, -2.461177, -2.5896144, -2.4715366, -1.1638987]
[2.5559032, 0.62267053, 3.3363464, 4.2872157, -74.764915, 1.1122472, 1.8426797, 1.1457003, 0.3810422, -0.30306113, 1.7200948, -1.0329188, 0.8678318, 0.55076677, 3.0791187, 0.9334773, 1.5878773, 0.22487567, 1.4153075, 3.0336633, 2.3791034, 2.964098, 0.09530825, -1.5041208, -0.9740484, 0.08794216, -0.2605748, 1.1369576]
[0.26822647, 3.136074, 1.2815034, -0.17631055, -76.78285, 1.7930002, 0.75244206, 0.38495353, 1.5416101, 1.9850963, 3.724193, 2.3403625, 1.6631027, 2.472768, 1.9908671, 3.7177799, 1.5357481, 2.1959257, 3.3591628, 2.0360236, 1.2911983, -0.19368237, 0.71443766, -0.8151823, 0.3301654, 0.5003392, -1.440265, -0.7499361]
[-0.4157722, 0.96636087, 1.8243445, 2.8092518, -76.926476, 2.985459, 0.28675887, 0.22922513, 1.0834713, 1.5121369, 4.2256455, 0.20845164, 0.9271376, 4.275079, 1.6270735, 4.03719, 2.8362505, 3.8330958, 3.7497146, 0.39509955, 2.74952, -0.20002356, 3.3207123, 0.10422975, -1.3223186, -1.5603856, -2.5293386, -1.763298]

 

Accuracy: 9.808613%