Final Weight Matrix:
[4.8067603, 4.7825623, 2.169158, 1.6590736, 4.577233, 0.18628806, 4.228344, 1.8238404]
[2.8747826, 1.69384, 1.263906, 3.8135064, 4.178011, 1.84416, 3.8152897, 0.10007322]
[3.7136106, 4.45307, 2.902409, 2.0393572, 2.7579257, 4.6753845, 2.30952, 0.3125021]
[0.579423, 1.4131317, 4.359774, 3.8478935, 3.268291, 4.827761, 2.8589642, 4.446907]
[0.1669395, 1.9250178, 2.9033613, 1.1702275, 2.3398533, 3.8891287, 3.5440383, 0.22978067]
[0.28923094, 3.2364945, 0.9225488, 4.964753, 2.0483146, 4.892363, 0.9373963, 4.139307]
[2.5597467, 1.9366393, 1.9675872, 4.605795, 4.3921103, 0.25250882, 1.821993, 3.542416]
[1.9626957, 1.3947835, 4.2577457, 2.3508632, 1.4452443, 4.190511, 3.9269803, 0.63079864]
[3.9528093, 3.4246004, 4.981665, 2.8176987, 1.7309787, 1.2458768, 0.25678366, 3.3531733]
[2.3866332, 4.967552, 0.63176185, 4.0673304, 2.3514543, 4.8096957, 2.9607825, 0.59677094]
[3.1548917, 3.934654, 0.6897384, 0.5856538, 1.8038052, 0.21979034, 1.7193296, 0.4579088]
[3.8590908, 2.4714687, 4.2116838, 4.183582, 0.21510303, 0.8513865, 3.3064148, 1.5596902]
[4.2554135, 0.8184856, 1.2489572, 1.5946076, 1.9364665, 2.8095264, 3.3301115, 3.0242863]
[0.4750958, 0.62750906, 3.58499, 2.3386579, 0.05093366, 4.2835636, 3.1489959, 3.8879123]
[3.222849, 3.064411, 1.9683263, 2.242402, 3.3702002, 4.3594217, 4.6160655, 2.4585342]
[1.2535298, 4.279573, 4.878684, 1.8587241, 3.9220834, 3.1019056, 2.6112401, 0.3594938]
[1.4321456, 3.8595793, 1.8755001, 4.9118547, 1.763586, 0.01719743, 0.28936625, 4.7766647]
[0.59340864, 0.687187, 2.7473788, 4.809696, 4.193681, 1.5847876, 4.592693, 0.732415]
[2.2344387, 0.23133904, 2.0060468, 2.2111626, 3.085457, 0.40841877, 4.8551292, 3.046552]

[2.7924268, 2.6587348, 1.7431715, 3.6085494, -0.13975115, 3.6704295, 0.25169125]
[0.008242688, 2.9272954, 2.359981, 4.5554004, 2.6964278, 0.06896601, 2.0443008]
[2.5005896, 2.7121456, 3.6485045, 1.2869611, -0.35344416, 0.103866726, 2.4820042]
[1.7873546, 3.2692943, 0.3590594, 0.77241063, -0.7608446, 2.3159835, 2.7580721]
[0.6879331, 2.9176204, 1.9997162, 2.8986504, 1.0814961, 0.15522157, 3.2920256]
[4.1764965, 1.5990154, 4.534599, 3.0574844, 0.5800113, 2.8221154, 1.1239731]
[3.9669871, 2.900336, 1.236521, 4.8270864, 0.31254628, 2.9288068, 0.91431195]
[4.386762, 1.4417995, 0.33959642, 1.5253747, 0.99118865, 3.7817657, 1.3730938]

 

Accuracy: 23.809525%