Final Weight Matrix:
[0.5297786, 4.661228, 4.5405474, 1.8133324, 0.2554211, 4.060815, 2.5071666, 3.357768]
[3.560934, 4.7543187, 3.4331312, 4.926593, 3.5781622, 2.2326584, 3.8637033, 2.7555208]
[3.5764887, 2.4028735, 1.4582521, 3.2227087, 0.6874448, 0.21012366, 3.7566628, 3.191196]
[0.36030322, 3.3346798, 0.49396664, 1.3209045, 1.0550976, 4.589218, 1.6166995, 4.2586145]
[0.75776637, 1.4832523, 1.7337632, 4.362562, 0.6652665, 0.3832996, 0.5070171, 3.6414468]
[4.966403, 4.4365005, 3.5901418, 3.394582, 0.99478364, 4.8648143, 3.2493415, 0.029979944]

[-0.49861935, 3.706929, 2.9617608, 3.1463103]
[-2.3691456, 2.861846, 2.6124387, 2.1570678]
[-0.92859775, 4.7617264, 3.3339264, 3.4214451]
[-0.93589336, 4.7589855, 1.5212163, 2.151192]
[-1.2450911, 0.64946884, 3.6326587, 0.9815666]
[0.7688009, 0.23561454, 1.4236697, 0.44290465]
[-0.090166934, 1.6926755, 2.271709, 4.6753526]
[0.0048967763, 1.9338458, 2.441851, 4.013261]

 

Accuracy: 74.566475%