Final Weight Matrix:
[0.30819774, 0.24341494, 0.25304884, 4.517154, 1.2376946, 4.075714, 1.2766888, 1.0270131]
[4.434243, 3.291511, 2.0027432, 1.2174833, 4.3695407, 0.71751535, 4.6324477, 2.8735704]
[2.4768736, 0.07472277, 0.73721737, 3.474043, 3.0946546, 4.0338883, 0.4905945, 2.1567295]
[1.8647605, 0.46541363, 1.9349935, 3.394457, 3.5954595, 4.9059744, 3.832151, 4.374693]
[4.907124, 3.2248476, 2.6113713, 3.1712418, 4.232983, 2.474608, 0.9659797, 4.3609786]
[3.4985874, 2.5952628, 3.1903574, 2.6406555, 0.18234551, 0.6651825, 1.5353014, 4.747156]
[2.4234304, 3.6792355, 1.7789855, 4.978554, 0.4287079, 4.82283, 1.1584857, 3.393044]
[3.0013397, 1.1041737, 3.5297198, 2.258859, 4.5127525, 2.2257528, 1.5719444, 1.112037]

[4.699659, 3.8750734, 2.1292365, 1.9462751, 2.2910209, 2.0770233, 2.6581845, 4.490083, 0.7044931, 3.725868, -0.0734843, -1.1373411, 1.6131537, 1.7353127, 1.2810959, 2.282913, 4.5779285, 2.161353, 1.460407, 0.12326178, 2.4874802, 4.6597495, 1.9043103, 3.0003784, 1.0626131, -0.36446622, 1.6641815, -1.2496796]
[3.3038926, 2.4210358, 1.0937774, 0.14964034, 3.9378197, 2.3785222, -0.9171064, 2.2087638, 3.4541264, 0.49167725, 1.663742, -0.89427733, 2.920425, -0.96521676, 0.90114176, -1.0260223, 1.4017134, 0.9236978, 2.0549245, -0.033822607, -0.06617574, 1.9162143, 3.0146592, 2.4665513, -1.369181, -1.7176502, -2.6415915, -0.49880022]
[4.1814437, 2.1100187, 0.89334375, 1.5808443, 0.21167202, 1.3854467, 0.028798478, -0.2974799, 4.1972256, 2.2109764, 0.5787074, -1.8203946, 2.4252634, 2.3917544, 2.222945, 1.2653688, 4.374777, 3.933497, -0.32467544, 2.4309971, 2.3936553, 3.1199539, 0.5663245, 4.2507744, -0.6895922, -3.106214, -1.911127, -0.21480006]
[1.7642949, 1.8961126, 4.5751543, 0.6778926, 0.0048358194, 3.271309, 4.727273, 4.61169, 1.4806491, 2.0929637, 3.1384795, -0.6228634, 3.0725942, 4.019164, 0.3344864, 4.096874, 4.098093, 2.9918473, 3.2560565, 2.32894, 4.6397643, 2.2083862, 1.6597636, 1.9214289, 1.1359473, -1.494655, 0.8488717, 0.7828501]
[0.37514582, 3.6728065, 4.1439753, 4.3738394, 4.5107465, 3.2265074, 0.8103613, 2.5904562, 1.3853279, 2.962981, 2.435495, 0.24284068, 0.33190736, 1.3064321, 3.423035, 0.15686351, 4.298529, 1.529132, 0.32785553, 2.2711217, -0.111033335, 0.7022686, 2.3470721, 1.9350637, -2.6807961, -0.7085592, -1.3447629, -0.61409587]
[2.8903544, 1.6145265, 0.2278442, 0.76077497, 2.3148766, 1.1286924, 1.7708278, 4.624616, 0.83152723, 3.636711, 2.768095, 0.19808997, 0.20234472, 1.0373564, 1.3400604, 2.7641034, 2.5140717, 0.68986917, 2.736891, 0.32157376, 2.7709525, 3.2264411, 2.9524927, 1.2241738, -1.2719795, 0.33633325, -0.7905031, -0.097441606]
[0.729787, 3.5543823, 0.97788644, 3.7542107, 1.2691313, -0.4815181, -0.07124076, 3.9454489, 2.2467785, 0.1599546, 1.1195672, -0.22242872, 2.544773, 3.3484852, 1.5785465, 3.4185243, 1.7447739, 1.4258164, 2.4503682, 4.0139365, 2.7154832, 3.9709346, -0.013014235, 3.6088483, 0.71994025, 1.0150149, 0.5573381, -3.1323516]
[1.8811151, 3.6744375, 3.458885, 4.735444, 0.6478774, 1.3383249, 1.3446537, 0.57261324, 3.1069405, 4.377413, 4.7287693, -2.049244, 2.0857651, 1.136143, 0.1675354, 0.9068171, 1.0132557, 3.8413365, 0.97324264, 2.3163836, 2.9572282, 2.1917875, 1.3714272, 1.9939215, -3.2147217, -0.27277753, -2.698281, -1.2847326]

 

Accuracy: 3.1100478%