Final Weight Matrix:
[0.822542, 4.170286, 2.249689, 1.3590014, 3.0250216, 1.3983974, 0.22152752, 2.6959095]
[4.2091007, 0.187608, 3.0481691, 0.8474067, 1.1061213, 3.09907, 0.4953578, 4.917674]
[1.1524874, 4.931609, 1.5661007, 2.032231, 4.603623, 3.7480927, 4.164755, 2.995216]
[0.8423847, 2.5153744, 0.94985366, 1.7107913, 4.3925242, 4.4855704, 4.6204634, 1.3546175]
[0.50848126, 2.351893, 2.0818992, 3.3331907, 0.9800041, 4.400987, 1.607214, 3.0196733]
[2.8906548, 4.872313, 0.060571432, 0.84784955, 4.0079837, 1.05578, 3.9901078, 1.9647586]

[0.20399955, 3.7850227, 0.9158795, 3.223922]
[-0.0038304096, 0.44117892, 0.8604993, 1.6032227]
[-3.7360568, 1.8388724, 1.6537428, 3.800416]
[-1.1621548, 4.024979, -0.031094836, 1.9853811]
[0.25900203, 1.2088506, 0.75544405, 3.1965563]
[-2.2833073, 1.1780524, 1.5234878, 0.4805092]
[1.065851, 2.5239558, 2.794692, 0.9850292]
[1.2565683, 3.6254423, 4.3634167, 1.9235873]

 

Accuracy: 70.52023%