Final Weight Matrix:
[0.68624914, 4.3077893, 1.9839495, 4.5048065, 0.97051024, 3.626205, 0.501993, 3.3754163]
[4.4978657, 1.4599419, 4.660175, 1.3151803, 0.2220428, 4.8708973, 3.5519295, 1.9263616]
[0.9649196, 1.8346379, 4.6470385, 0.14202714, 1.7538586, 4.9318843, 0.94487756, 3.847928]
[4.4349794, 4.5944743, 1.467031, 1.7907536, 3.4039047, 2.8677783, 0.28981328, 3.916688]
[4.41804, 3.7851384, 0.8240774, 1.3542583, 4.1417084, 3.1109283, 3.6373773, 4.859239]
[4.285524, 4.3200917, 0.8729431, 2.0763564, 2.970302, 3.6820319, 4.544952, 3.9826868]
[0.6379247, 4.4095535, 0.42731076, 3.2916892, 4.3892007, 3.2389622, 0.35380095, 2.986002]
[2.8224483, 0.010735393, 1.9142983, 4.9734015, 3.1248913, 2.8223894, 2.3712988, 4.726203]

[3.9521115, 3.5709152, 3.8514917, 0.22484997, 0.3443293, 0.6364473, 4.2144732, 0.968691, -0.06584475, 1.6867275, -0.23954995, 4.0471525, 1.1923319, 0.98439866, -6.8252935, 2.853467, 2.4454937, -0.5274977, 2.6030285, -0.3228632, 4.180771, 1.0744834, 2.0801663, -0.25325564, 3.801608, 3.987798, -2.700374, -1.5983909]
[2.1727343, 4.555232, 0.36727795, 0.04050422, 0.5723324, 1.9058981, 4.2024446, 2.0065594, -2.948725, 2.8748448, 1.1084749, 3.2313375, 3.5122938, 2.488002, -6.4827547, 3.0702431, 3.7937064, 3.1931188, 2.6662536, 0.37722546, 1.8863343, 4.267557, 1.2530355, 0.5357086, 1.6275285, 4.6650767, -0.28909722, -1.7507895]
[1.9980953, 1.3773826, 4.075634, 3.5677426, 2.7648904, 0.7520053, 2.4021828, 0.065825574, 0.35821226, 1.1046734, 1.0549834, 3.8702972, 2.4239063, -0.5543825, -4.76133, 3.3065321, 2.2571661, -0.7335008, 0.7238335, 2.530564, 0.0710355, 2.8044648, 1.6066227, 1.8916292, 1.8725923, 0.37160832, -0.0033295506, -0.5334858]
[0.72407347, 0.34170914, 4.2905416, 1.4810886, -0.28236368, 2.5251076, 3.4513516, -0.40403718, -1.1718365, 0.7610981, 1.5813711, 0.76191014, 2.229415, -0.25521824, -5.619281, 2.6832473, 1.5357506, -0.53760916, 3.0674772, 3.9344535, 3.4944446, 0.55794907, 3.4744558, -0.37218675, 3.9326205, 0.81177706, 1.0715824, 0.53715664]
[3.9327636, 1.3176934, 1.117888, 1.8216856, 4.1979628, 4.096047, 3.8129942, 0.4344374, -2.8836653, -0.5725129, 0.76581186, 3.5028453, 4.236416, 0.5316685, -5.177015, 0.97643906, 1.2933549, 2.2203798, 3.102131, 0.6959966, 1.6904311, 0.53092253, 0.33475852, 2.9368079, 2.1328037, 2.4971056, -1.175934, -2.222406]
[3.4285204, 0.40452442, 3.5698876, -0.03556354, 2.9003682, 1.0315585, 1.1279063, 1.8078066, 1.3010106, 0.40629166, 2.0535586, 0.47013587, 2.2081263, 1.3507683, -6.644414, 3.4916534, 2.0237675, 2.3282316, 3.091004, 3.0361817, 0.6745561, 1.9940989, 0.15082368, 2.2935097, 2.323561, 0.86341375, -2.341512, -0.19061783]
[0.49630368, 2.5090127, 1.8945179, 1.7053063, 1.4210048, -0.45844883, 2.956674, -1.4448072, -0.9017105, -0.9766441, -1.0226367, 0.500485, 2.9778175, 1.6992775, -7.038665, 3.918041, 3.318514, -1.6190175, -0.52982044, 1.982148, 3.1770716, 3.244894, -0.24355562, 2.4805467, 2.109193, 2.8972225, -0.16159016, 0.30057675]
[-0.09625428, 3.172496, 0.40040478, 0.6753207, 2.3712842, 2.56851, 2.039432, 2.5724573, 0.79190665, 1.8231242, 1.2908206, 4.3708696, 1.4258314, 0.19508758, -5.636655, 4.7408895, 4.7493405, 4.6596403, 2.5338442, 0.54064524, 3.3267577, 3.4873767, 0.28196764, 1.9948965, 0.46439126, 3.350358, 0.08104684, -0.07872778]

 

Accuracy: 1.1961722%