Final Weight Matrix:
[2.7666354, 4.214257, 4.5304494, 2.5311003, 4.944235, 2.3783493, 3.8754892, 4.0304413]
[4.0253973, 1.773023, 1.3583428, 3.272799, 3.1558623, 3.7954407, 1.3938949, 3.159385]
[3.2012935, 1.2369758, 0.7332748, 2.8605309, 3.7253938, 3.2827637, 2.051134, 4.187302]
[3.0334294, 0.53872734, 4.8065443, 4.7780914, 4.1345673, 4.326397, 0.21518022, 1.0490932]
[1.4998331, 1.5652537, 4.519563, 0.48668772, 3.8697147, 3.1769493, 0.025684834, 0.84293664]
[3.679469, 4.143464, 0.30412465, 0.6570837, 1.5822196, 4.6954904, 1.4507749, 2.9311152]
[4.0491285, 1.927231, 1.7385604, 3.7918231, 4.6797805, 2.7740583, 4.442262, 4.271638]
[1.0598379, 3.3604705, 2.1120813, 2.522729, 4.230713, 0.35346836, 2.3393285, 1.5710247]
[3.8891766, 1.0324678, 1.7841723, 0.23702234, 3.6934063, 0.21839291, 4.308428, 4.857401]
[0.7238984, 1.1644866, 4.8167377, 2.5848265, 4.519185, 4.6881475, 0.40110946, 3.113096]
[3.7915266, 1.670816, 1.603756, 4.851491, 0.119199455, 0.041347742, 1.7616457, 0.6772232]
[3.6300764, 2.2227445, 1.1265272, 2.1400714, 2.0346174, 0.013585389, 2.6228075, 3.2312608]
[3.7618399, 3.0105667, 0.022163391, 4.8024745, 3.40426, 1.9894809, 4.9908113, 4.314443]
[2.0201564, 0.44656783, 1.8687978, 1.5821912, 4.9849586, 4.573968, 1.3394219, 2.480807]
[1.2673646, 2.8810394, 3.9630568, 2.4872043, 3.0473032, 1.0723748, 0.20837814, 0.40602893]
[0.137631, 2.513734, 0.3936532, 2.4985626, 1.4430652, 0.034855902, 4.332761, 0.47973186]
[3.740108, 1.0747573, 4.399539, 0.83829284, 2.0204859, 1.4279411, 0.8176148, 1.6777203]
[4.9658895, 1.5217581, 4.8418717, 3.669725, 3.349733, 0.18446058, 2.9160862, 4.798651]
[4.1564827, 0.95437586, 1.1161172, 0.7839671, 2.4132183, 2.8528225, 3.1695218, 2.4709306]

[3.4104195, 1.1791314, 1.7869253, 4.0363297, 2.5123878, 2.8159282, 3.0225058]
[1.6824205, 1.7348146, 1.6477172, 1.6076833, 2.0485437, 3.1554747, 0.0888977]
[4.548583, 0.006063514, 2.373698, 2.2103395, 0.5814097, 1.9573356, 4.093535]
[3.0202384, 0.57211006, 0.7915776, 1.1119224, 4.373645, 0.73719823, 4.7712]
[0.97279644, 1.2571926, -0.8819095, 4.9492416, 4.2816186, 3.86106, 0.51634884]
[1.3178991, 4.322018, 1.0878788, 3.6442225, 2.0805643, 4.3816214, 2.67179]
[3.8811598, 0.54013574, 0.6002877, 2.9137754, 3.2624733, 3.8502512, 2.295313]
[4.6512837, 1.0330255, 0.1027741, 0.43096077, 4.6064835, 0.1832512, 0.09805557]

 

Accuracy: 42.857143%