Final Weight Matrix:
[2.5136905, 0.07005602, 2.6015112, 1.7815828, 3.4163342, 4.710862, 4.6821113, 4.603357]
[2.7078495, 2.637578, 0.9245455, 0.2738437, 4.5812683, 3.0869622, 2.3063636, 4.7286506]
[2.7866042, 1.8455881, 0.17298788, 1.8118703, 1.9537923, 0.083797574, 0.018764436, 4.5789332]
[0.28784305, 2.3796024, 0.20145714, 1.4067912, 1.6198483, 3.6322954, 4.4601746, 4.273637]
[2.8184142, 2.6288292, 2.9494712, 0.25758445, 3.5268233, 1.4917221, 1.8010008, 3.399731]
[1.0496924, 1.0282105, 4.0694313, 1.981141, 1.0052838, 1.5550554, 1.6052818, 4.5156856]
[2.4501514, 1.2959421, 3.6710188, 0.2918592, 0.51387936, 0.15849173, 0.42832792, 2.678095]
[4.923798, 3.0809088, 1.1772599, 4.099555, 4.0013566, 0.19517183, 0.02842635, 3.202429]

[1.6564312, 0.60583663, 0.8021867, -0.11760804, 0.6535271, 3.027246, 2.6201105, 0.3790578, 4.072369, 3.8472967, 0.019463476, 1.6645029, 3.36569, 3.4524019, 2.254307, 0.39077207, 1.1891078, 0.52594256, 2.2620845, 0.9910522, 3.3397028, -0.08934207, 3.2066185, 3.7485259, 2.414248, 0.6408553, 3.2474012, 3.2324476]
[2.398492, 1.5091233, -0.5222108, 1.888381, -2.1215835, -2.8133376, -1.8227777, 1.3353208, 0.42562184, -3.0679033, -2.0554411, -1.8909556, 2.019648, 0.07544907, 3.2360153, -1.1002228, 2.419206, 2.519649, 2.1002374, 0.34330437, 2.0323195, -1.1538683, -1.6944523, -2.2653828, 2.2599268, -0.99400073, -0.37034383, 1.5280678]
[1.9788656, -1.407245, 0.58364105, 1.2741507, -0.565561, 1.9980729, 2.0003498, -0.50239575, 0.40899375, -0.7493368, 1.7992082, -0.09854125, 2.2967234, 2.6854463, 3.0321915, 1.3637806, 3.4377656, 0.0012735757, 3.3758543, 2.0274675, 0.28473037, 0.8574663, 3.4578812, -0.6525484, 3.9031916, -1.30472, 3.5269578, -0.61171186]
[0.09833681, -3.2953765, -3.4350839, 2.2861698, -0.20687258, -2.6027281, 1.061369, -2.0000267, -0.98515046, -2.7257688, 0.30756342, -4.3274074, 1.2431436, 2.01367, -0.40655434, 0.72162884, -1.2909472, -3.1666439, 0.84370095, -0.5212132, 3.037295, 3.1825473, 0.7293915, 0.79955447, -1.7322583, -2.9575336, 1.7768778, 1.4983662]
[2.333337, 3.4276805, 1.2817476, 0.26828614, 0.02473231, 4.146725, 4.6226373, 4.3479533, 4.260433, -0.13611405, 2.0936346, -0.54204214, 2.9307978, 2.7149103, 4.6364427, 4.5106454, 0.50789315, 2.2611222, 2.6261637, -0.18352179, 2.9734313, 4.1443405, 0.9250708, 2.0488718, 2.1797318, 2.3101184, 0.16352054, 3.3666732]
[0.8276847, 2.5538464, 1.4111513, 2.2083452, 0.3667909, 2.1208441, 2.478384, 3.3400302, -1.6561918, -0.8551606, 0.82050294, -0.15944855, 1.8152913, 2.6815467, 3.5439749, 1.8924757, 2.3616967, -0.9833233, 1.6537915, 0.10904455, 4.1368313, 4.1280727, -0.84706897, -0.37552562, 1.8965725, -2.3027096, -0.37590122, 3.8970718]
[3.0372002, 1.1405133, 1.8316206, 0.041915968, 1.0498117, -1.0340421, 0.7184867, 2.400922, -0.095776334, -2.04231, 1.4299241, -2.6648366, 3.221917, 0.8096686, 0.42067125, 2.576762, 3.1054606, -0.7489454, 3.5980608, 0.5438926, 3.662928, 3.7913516, 0.9856582, 0.7928549, -0.74268264, -0.46932802, 2.989473, 1.8518057]
[2.143081, 3.1064098, 4.479205, 0.83268785, 1.8288625, 2.8352718, 2.640599, 2.2642229, 3.7309246, 4.126001, 0.5327253, 0.9258216, 0.05508333, 4.6438556, 4.2336526, 1.1886559, 3.625414, 3.0506961, 0.76016223, 2.4492366, 1.2662884, 4.0499916, 4.354959, 3.532078, 3.2152126, 0.10453118, 2.3786635, 3.6027544]

 

Accuracy: 5.5023923%