Final Weight Matrix:
[3.1576622, 1.2967505, 1.622616, 1.9542727, 1.1073697, 0.8778599, 2.4117107, 0.28813452]
[2.109583, 2.534111, 2.84824, 4.324815, 2.8557806, 1.9558, 2.1140716, 2.6308255]
[3.6937838, 0.06832421, 2.6366453, 4.3357124, 3.9388509, 1.1039927, 1.6855818, 1.1992433]
[2.4122999, 4.4650774, 2.3025193, 1.930742, 2.7529514, 0.8848274, 4.260106, 1.673978]
[0.64404756, 4.6608124, 2.7375162, 2.8395796, 2.295593, 4.3620358, 3.16358, 4.6324725]
[3.8397684, 0.63313127, 2.3679423, 4.8963714, 3.333832, 1.2865824, 4.152017, 0.63334435]
[0.7474926, 0.30390024, 1.4544961, 4.4971123, 4.145022, 4.191293, 2.953439, 2.0878398]
[3.5893319, 4.1523747, 1.6844072, 0.2681166, 4.5070677, 2.0634394, 2.7305746, 0.38964272]
[2.099667, 3.3447747, 1.3783956, 3.0735567, 3.1827161, 2.6092334, 3.1563845, 0.47054946]
[0.73030293, 2.7970924, 0.6631893, 3.0769258, 3.6160576, 3.2501411, 0.025896132, 0.67706287]
[0.12991786, 4.4795012, 2.6449087, 0.6894782, 1.9392896, 0.898183, 1.7155409, 3.621736]
[2.2131493, 3.4436119, 0.9594467, 3.8880901, 4.6739235, 1.245831, 1.3451225, 3.4531567]
[2.7489111, 4.507899, 1.073046, 4.565663, 0.70301384, 4.775865, 1.197752, 1.8097243]
[1.4180431, 1.2719855, 2.3595872, 1.2890961, 3.1896, 3.9475157, 3.809514, 3.5749414]
[1.7171592, 1.1470737, 0.29068917, 0.08302629, 2.121453, 4.0474467, 2.1533418, 4.4357023]
[1.9185597, 0.38765818, 3.0405176, 3.631939, 2.0733376, 4.007612, 4.510508, 0.16012073]
[3.5353372, 1.6887593, 4.429297, 2.5989285, 2.5953965, 3.086749, 2.9483485, 2.4577186]
[0.38630903, 3.7732732, 0.40781528, 0.5962917, 0.3598857, 4.6882343, 2.8042645, 3.2623339]
[4.4071717, 2.5356255, 4.2197986, 1.7113044, 2.8283727, 4.7442765, 4.213764, 3.2869086]

[3.8078744, 1.7258881, 0.96483725, 1.3852004, 2.734156, 4.030443, -2.3067393]
[1.7350492, 0.071068116, 2.896933, 0.5671714, 2.9086692, 1.1407646, -1.2788615]
[2.2988725, 2.1517923, 2.4623716, 4.216105, 3.9488292, 2.6454892, 1.2837619]
[4.3385515, 0.057205528, 4.438912, 2.5796418, 1.2092388, 0.96374196, 0.008760153]
[4.439082, 4.1637397, 2.4223504, 0.23823197, 1.2989906, 3.7790887, 1.8256464]
[0.37966335, 4.7594943, 0.13190632, 1.7885926, 3.1085842, 2.2563367, 1.1993786]
[0.25156477, 0.43879446, 2.879181, 3.8640647, 3.278092, 0.9565516, 0.83927953]
[1.8639407, 4.5079584, 1.4314595, 2.6068254, 4.126543, 3.0091195, -1.2503264]

 

Accuracy: 33.333336%