Final Weight Matrix:
[1.1160791, 4.0127234, 3.7399485, 3.9071324, 3.9723253, 4.9088783, 2.652911, 3.1736639]
[3.1647384, 2.429302, 0.8434728, 0.059821606, 0.79972, 1.6926751, 1.3616389, 2.2285867]
[3.9899776, 4.7161717, 4.455345, 2.4197447, 3.2326035, 1.1077819, 0.9599975, 1.8342924]
[0.6349945, 4.2236214, 0.65392435, 3.813898, 1.5202405, 3.4817991, 4.870619, 3.3305192]
[2.1007392, 3.086414, 1.3929543, 0.5726746, 2.8249993, 3.1873033, 1.3749995, 4.3948317]
[1.9953054, 3.577938, 3.5688462, 1.0311589, 1.4685827, 1.7757589, 3.2553184, 0.6014618]

[0.77467376, 4.4300923, 2.7847803, 2.8126957]
[1.3594708, 2.9173608, 4.8064218, 0.9411766]
[0.63416225, 1.1230339, 0.8544435, 1.2300752]
[-2.1321845, 4.2111034, 2.9247403, -0.23444201]
[-2.9792879, 0.6628679, 4.354737, 0.983991]
[1.0515673, 3.3777509, 2.9871657, 0.7492685]
[-0.9467653, 0.19015005, 1.7918134, 3.7697194]
[-0.99076426, 2.9732034, 2.7226937, 2.5637746]

 

Accuracy: 68.20809%