Final Weight Matrix:
[4.801729, 1.6313648, 3.1963623, 1.3097036, 1.6680169, 3.6366808, 4.2799716, 1.0407752]
[3.6375139, 1.5695701, 1.041497, 1.9315141, 4.93189, 1.6080296, 3.5978281, 1.9089645]
[2.3409793, 0.92974424, 1.2050211, 3.953252, 1.3656571, 1.8483689, 2.2734785, 2.3215737]
[2.7133012, 2.6367333, 4.4919434, 0.5260059, 3.0037408, 2.1319294, 3.8635495, 1.6118672]
[2.8331592, 2.653388, 3.1608458, 3.652535, 0.6049743, 4.6163225, 2.3500123, 1.9875553]
[0.9939, 4.365249, 1.8989406, 4.061117, 3.113923, 1.8273139, 0.003936887, 2.6356676]
[3.542758, 0.2500707, 2.7832973, 0.1693812, 0.27239084, 2.466044, 0.4836622, 0.6558305]
[2.44382, 1.2553027, 4.0208774, 3.7695103, 0.7482019, 4.6615334, 0.4780844, 3.6725736]
[0.5788049, 0.7763949, 4.9602027, 1.8874803, 4.1688657, 3.0266566, 2.859082, 3.6891868]
[3.898355, 2.3797405, 2.723932, 3.121538, 2.874483, 2.892365, 1.6166697, 0.9888324]
[4.5414286, 3.4463239, 3.8243132, 2.6489172, 3.0372667, 0.39280772, 3.816287, 0.6630093]
[2.9515047, 0.7256019, 2.2924283, 3.0048256, 0.03430009, 0.653083, 1.4397087, 2.653155]

[4.8339825, 3.3815, 1.175188, 2.682595, 4.604105, 3.1899776, 1.2469654, 4.026241, 0.5348488, 4.506083, 1.75095, 1.5910904, 4.380569, 3.7896929, 3.7488399, 4.585893, 0.014339891, 3.175966, 4.404789, 1.3858109, 4.820588, 0.5128439, 2.9144347, 3.783803, 1.1862929, 1.1727564, 1.9780992, 4.780146, 4.4702134, 3.2467756, 1.585189, 3.383465, 2.773022, 1.0829211, 0.2825145, 0.95018315, 1.7068924, 1.1272719, 3.3644707, 1.2388592, 0.21894717, 1.0855821, 2.6054142, 4.3210893, 3.842629, 0.50609773, 0.36654565, 2.073992, 4.435514, 0.98027873, 0.30667993, 1.0870333, 4.501661, 2.6113648, 2.440338, 1.1500264, 3.320607, 4.076343, 0.0069141015, 2.030787, 1.7120423, 4.914022, 2.2983444, 1.2989625, 0.075623415, 0.41022015, 4.4519057, 1.3850294, 2.0287087, 3.3510911, 2.5643148, 2.8392699, 0.28034574, 3.3817186, 3.8665762, 4.706088, 0.30403647, 3.8746042, 4.9036584, 4.5626345, 1.6152761, 4.3185897, 4.504088, 4.001038, 0.45212743, 1.5353354, 3.2619283, 2.0787866, 0.8616364, 2.647828, 1.1195073, 0.61007524, 4.6398764, 3.2438886, 2.7181888, 2.5220907, 2.5249164, 3.335026, 0.35214305, 0.7406538, 1.8637532, 1.5603188, 2.627902, 1.8259815, 2.0391567, 3.005693, 2.2616615, 4.719137, 1.8337485, 1.4284091, 2.5217228, 2.4931483, 3.9718761, 1.6858457, 2.8936975, 4.7484407, 1.351139, 4.522848, 1.7025213, 1.1145574, 2.1045394, 3.417443, 1.3124753, 0.96022165, 3.181364, 1.987764, 3.6544168, 0.62129766, 3.5586061, 1.1002189, 0.43866524, 3.3231108, 1.5021268, 0.69167304, 3.9700344, 0.029084984, 0.13925104, 0.5365915, -0.80809915, -2.0580642, -0.019578826, -1.1781334, -1.2952548, -1.4371228, 0.44123796, 0.24660277, -1.3783928, 2.3690076, 0.8086883, -0.525174, 0.78048575, -1.8944625, -1.2003264, -1.5030779, -0.06122345, -0.016848028, 2.2406044, 1.47124, -1.4090464, -0.104849905, -2.7035794, 1.7620643, -2.3352063, -0.99689066, 0.31096438, 0.077927046, -2.1810908, 1.5973922, -1.8278865, 0.4996877, -0.725722, -0.87718815, -2.0856063, -0.3513275, 2.286521, 0.3158356, -1.7837924, 1.5326415, 1.0628104, -0.15770471, 0.38487127, -1.2162558, 0.7075418, 2.32758, 0.112228885, -1.0202823, 0.27216592, -0.70419925, -1.089837, 1.299947, -2.0471673, -1.6559445, -2.853944, -1.6168785, 0.785018, 0.74808496, -1.9856169, 1.4770098, -1.6762693, 2.3475335, -2.2268417, 0.8921636, 0.4868535, 0.7760375, -2.2625625, -0.9482772, 0.12709077, 0.44753954, -1.5871929, -0.7744065, -2.6654263, -1.0331249, -0.87954915, 0.8736854, 1.6467834, -0.3858572, -0.1831571, -2.350167, 0.50713414, -1.048183, 0.74203986, 1.1830835, 1.1425637, -1.3699198, -0.0170326, -1.5627675, -0.37546447, -0.78488535, -0.56773216, -1.1167873, -0.27598628, 0.10675044, 1.0859404, -0.50240123, 0.9275437, -2.8065815, -1.2554133, 1.1632516, -0.021910088, -0.002419782, 0.27493492, -1.276048, -2.035486, -0.7604221, -3.0742316, 0.67291266, 1.4111874, -0.05917396, -1.3036937, 1.2008631, -0.20013542]
[3.2814589, 0.18320903, -1.1890178, 0.29312313, 0.9764485, 3.354353, 1.9723167, 2.2707033, 4.513789, 3.3979256, 4.0899944, 2.6537673, 3.556704, 1.7203856, 1.664788, 2.0291457, 0.3694254, 2.5926037, 4.7598386, 1.2092128, 2.3064764, 0.22668849, 1.5122596, 0.8873849, 0.044442702, 0.45386165, 3.6887453, 2.9200108, 2.0701203, 2.1317449, 0.38908565, 4.195589, 0.72603166, 1.4762843, 4.9353414, 4.511642, 4.0725265, 0.8447174, 4.084766, 4.1723185, 2.5720804, 3.7701406, 0.56634134, 4.4510226, 0.07329201, 1.1712428, 0.992172, 2.5989075, 3.1967006, 1.8568679, 3.9998622, 0.20419073, 1.8972957, 3.9368916, 1.0073415, 2.0898628, 1.8276693, 1.5397166, 4.0880947, 2.8214147, 0.58656347, 1.6018256, 1.6627413, 2.4600897, 2.5241675, 4.434642, 0.9847482, 4.719471, 3.8936348, 1.6595107, 1.5787619, 3.052141, 1.8782725, 2.621451, 2.9498713, 3.0395286, 4.9120893, 2.2826385, 2.8136895, 1.8699305, 0.068213224, 3.2441742, 4.6469307, 0.20321459, 3.348517, 1.8425642, 1.1774073, 2.0208101, 4.189426, 3.492304, 2.0803235, 0.021486823, 3.9815884, 4.6204934, 1.6941519, 1.1748291, 0.18734553, 3.5835724, 2.5021489, 2.3954437, 4.5470567, 4.6166167, 0.44765648, 4.902812, 4.080366, 3.8893216, 3.462495, 1.4412111, 2.656932, 3.164143, 3.6922235, 0.028884334, 4.3448443, 2.229146, 0.15734763, 2.2943728, 2.8171089, 3.3626795, 0.7256787, 4.847532, 0.8978143, 3.719739, 2.6225312, 3.5824027, 1.2011276, 0.89000994, 3.4222372, 3.4240396, 1.4351374, 3.3076482, 0.6789139, 3.2349234, 1.3553854, 1.0176387, 1.994623, -0.30308914, 0.08343507, -3.0478053, 0.8974617, -0.5428142, 0.91397077, -1.0910666, -2.4169078, 2.315433, 0.2717495, 1.2078652, -3.0919075, -1.0513773, -0.28134766, 0.4595038, -1.6948942, -0.57639277, 0.092723474, -2.4799614, -1.5805464, -1.3570882, -0.7146246, -1.0051599, 0.33579198, -1.906542, -2.7966952, -0.17469555, -1.3866191, -0.6290159, -2.9317935, 0.5366339, 0.14426519, -0.1019316, 1.1635292, -1.8944694, -2.639967, 1.5500157, -2.301388, -1.5754079, -2.261848, -1.6467842, -0.287884, -0.79732084, 0.9723469, 1.3776263, 0.025455544, 1.394436, 0.49637523, -2.432605, 0.7735124, -1.3642129, 1.0757824, -2.2397492, -0.07031554, -2.5534415, 0.10944505, -0.01803206, -1.4908407, 0.3452509, -1.9369047, 0.80346334, -0.17592452, 1.6376845, -2.1258495, 0.24331707, -0.15536167, 0.08771151, -1.4414295, -1.6412493, 0.4328296, -0.08866194, -1.5978224, -2.8640344, 1.5379572, -0.2902895, 1.9253594, 1.4697864, 1.0762265, -0.6235767, -2.0992074, 0.6487608, -1.0796807, -2.3629653, -0.39308634, -0.6981763, -0.1742493, -1.3974981, -0.77981824, 0.76849115, -2.2208974, -0.63524944, 0.5945056, -2.084389, -0.33241305, 1.11288, -0.63537246, -0.5162838, 1.1740844, -2.4388418, -1.7647457, -1.996089, -0.6865554, 0.46909904, -1.3502493, -1.5776092, -0.8440779, 1.8787177, 0.8231632, -2.5911512, 1.0001493, -1.9025736, -2.6377702, -2.2009532, 0.6620123, -1.0285741, 1.5718262]
[0.30763125, 0.22816105, 0.13467415, 3.1285334, 0.48503917, 2.5932603, 0.5280527, 0.8671269, 1.099773, 4.970016, 2.2149544, 2.727927, 1.3172706, 3.9606602, 2.7665322, 1.3187064, 1.0422865, 0.15739359, 3.9699173, 2.3251305, 2.885014, 1.7723525, 2.8530822, 1.2191402, 1.9948369, 0.9208326, 3.3250315, 4.941471, 1.6141328, 2.3023207, 4.639513, 1.2704204, 4.816096, 1.6209635, 3.1879005, 0.087913364, 4.765477, 1.4667174, 3.6207097, 1.0230452, 3.9256094, 0.9509642, 3.433713, 2.2990842, 4.6878524, 3.89245, 2.693608, 4.8371286, 4.45537, 3.4432962, 3.8098648, 1.0662986, 0.31629875, 2.6453528, 2.5602734, 1.3735983, 4.180237, 4.818514, 0.855526, 0.81371546, 1.833892, 0.57193166, 2.985208, 4.887668, 3.6462448, 3.6391802, 4.0936017, 4.598271, 3.8120308, 3.406108, 2.6710696, 1.3599414, 1.7431405, 1.2832876, 0.8153252, 1.0576354, 1.716221, 0.89331686, 3.372642, 0.68505746, 0.5574458, 1.3557508, 1.760779, 0.7768064, 1.4230655, 0.5003419, 3.1949055, 2.4603846, 2.4702342, 3.2473257, 1.8482897, 0.6074497, 1.2472868, 3.5101454, 4.709891, 2.638097, 4.332198, 2.7180333, 0.9659461, 2.7563605, 1.0283402, 0.55759114, 0.6593589, 1.2457935, 3.065049, 0.065519616, 4.4053297, 4.212904, 3.0721772, 3.0441332, 3.509191, 2.5870616, 4.1346145, 3.6367295, 1.2686274, 2.2274404, 0.013293428, 3.1647084, 0.05873483, 3.917895, 4.208229, 3.1923854, 1.5480877, 1.6091236, 0.27143928, 3.7032418, 3.7051501, 1.294073, 1.746271, 3.912624, 4.084163, 1.2972568, 2.3613033, 4.149926, 4.4737787, -0.17810096, 1.1706374, -0.6309341, 0.08264898, 1.2235013, -3.4350939, 0.19186765, -1.098219, -0.8067931, 1.3294924, 0.12942751, 0.21222325, -2.0000217, -1.1688809, 0.055054974, 0.012449003, 0.53720367, -0.24864905, -0.21822646, 0.18824789, -1.67688, -1.4316126, -1.0534561, 0.25489897, -0.120676346, 1.7233155, -2.5810394, 0.92459875, -1.2859479, 1.9584867, -2.492189, -2.6481338, -0.8976916, 0.015669728, -0.08512532, 1.5407249, -0.12372292, -0.06915158, -0.7949569, 1.2333401, -0.47870165, 0.06961224, -2.395675, 0.15583123, 1.6354561, -0.0063240966, -1.2385925, -1.0669158, 1.4395486, -2.742605, -0.0052959183, -0.58192873, -0.7650044, 1.1816708, -1.2441945, -2.762639, -1.7674456, 1.3931402, 0.0077910703, 1.6602314, -1.0842956, -2.343486, -2.3146276, 1.6357646, -1.664726, -0.37840304, 0.43825555, -1.3592764, 0.28253797, 1.2826377, -0.31949928, 0.767009, 1.5131435, 0.41794983, -2.1844916, -2.0938764, 0.051547855, 0.44559982, 0.9707765, -1.2704028, -2.5661018, 1.7342725, -0.18182404, -1.0731536, -3.0756996, -0.71717435, 0.632134, 1.361005, -1.0468584, 1.112253, 1.8027674, -0.61276394, -0.1808086, -1.5512179, 0.53586113, -1.151599, -0.11384704, 1.0195061, -1.8601689, -2.7166023, -0.64007884, -0.78026295, 0.25595304, -0.31864554, -0.9670669, -0.33263913, 1.6221917, 1.1355387, -2.0179, -0.05151555, -0.8696762, 1.6869836, -0.5925209, 0.44363612, 0.214383, -1.9693642]
[3.3571646, 0.7143474, 0.20700651, 3.5492432, 1.8371233, 0.58158535, 1.1368, 2.224213, 2.1903253, 4.806657, 3.312932, 1.3453879, 4.09096, 0.7432147, 4.792323, 0.58156693, 0.14154442, 3.369871, 4.8458686, 0.5409593, 0.034860194, 3.3128228, 2.1317823, 2.1589777, 3.6813014, 0.12487005, 3.3989499, 1.9079345, 4.1812325, 4.5874305, 0.206951, 1.9644414, 2.0377736, 1.5433289, 0.14186148, 2.0684004, 1.6957641, 4.1601996, 2.8324482, 2.0404418, 0.94561315, 4.604736, 2.2590303, 0.21881855, 3.49758, 1.8268234, 4.9269743, 0.6298304, 1.2921902, 1.897619, 0.61776465, 1.7645905, 0.1276383, 0.099878125, 3.4605112, 3.158371, 1.5371821, 4.6032524, 4.2827473, 0.20526238, 3.2025506, 0.9315456, 0.62188023, 2.8796797, 2.1130817, 3.1748874, 3.5732334, 3.7111564, 4.681145, 1.5669674, 0.012287081, 3.9819667, 4.9242654, 4.9239974, 2.5900915, 4.2309394, 4.0484886, 3.059339, 1.1379303, 4.24561, 2.1081972, 2.353567, 3.2928584, 4.9846506, 1.6637673, 1.7436234, 1.6152936, 2.1105826, 4.6730647, 0.7307575, 1.3892422, 1.3595223, 2.8537593, 3.0782864, 0.054673076, 0.04135166, 4.117733, 3.3255882, 4.7561607, 1.1173004, 1.9875953, 4.0077724, 0.83391374, 1.8051515, 3.3732157, 2.807544, 2.0518484, 1.6127582, 3.8843632, 4.676077, 4.5220985, 0.9249097, 2.2336287, 2.4412262, 3.913815, 0.784063, 0.866081, 2.3007393, 0.04395607, 1.3133527, 2.3337193, 1.0993149, 0.119876646, 2.9710302, 3.5921812, 4.940557, 1.4583622, 3.3699527, 2.1996913, 1.6477777, 4.754935, 2.4096513, 1.3229077, 0.31509343, 3.1418009, -2.1602943, 0.9725806, -0.39793807, -1.1800532, 1.4507359, -0.07552756, 2.9982, 1.0545319, -0.7235062, -1.1220781, -2.045024, 1.5401531, -0.60644245, 0.6390043, -1.9308155, 0.4949953, -2.478536, 0.49549475, -0.10616493, -0.55019987, -0.23623124, 0.7013989, 0.9086527, 1.2574676, -2.503153, 0.39486977, 0.7803605, -1.495543, 1.7362679, 1.9675009, -2.7976115, -0.46905696, 0.5178668, 0.76272756, 1.7177664, -1.2036427, -1.4605925, -1.4670429, 1.2398425, -2.1255896, -1.5308348, 1.7202091, 0.79492956, -0.85253334, -2.5089798, 0.38738182, -1.3101568, 0.81199944, -0.83452934, -3.3330965, -0.46687326, -0.5087249, 0.5675184, -0.602776, 1.403993, 1.9661146, 1.4075543, 1.6675243, -1.8936366, -0.9598186, 1.3058008, 2.010482, 0.07858117, 0.682181, -1.8514495, -0.055359144, -1.8399721, -1.6946965, -0.6684189, -1.5905976, 0.12381549, -1.3196242, 0.28434536, -1.3930813, -1.1562504, -1.6272165, -2.9876316, -2.047683, -0.6318477, 0.13856247, 1.865121, -2.6146066, -1.1532987, -1.7307787, -0.1914935, -0.7664518, -2.4901712, 0.11990983, -1.0962317, -0.50954366, -1.6180143, -2.0339017, -3.0279398, -0.29679805, -0.79437494, -1.2278733, -0.63194424, -1.1062504, 2.476011, -2.4753966, -0.09945521, -1.8478347, -1.3434885, 0.37017062, 2.2949743, -2.8399682, -2.3602338, 0.059975684, -0.08875964, 1.4906642, 0.9497678, -0.59763265, 0.24564838, 0.6545128, -1.5999783, -2.2841485]
[0.6891907, 3.1529963, -0.90650904, 3.8524363, 4.2683415, 4.6935334, 0.358637, 4.6108375, 3.1299808, 0.072381794, 0.40466428, 0.51129794, 2.6621723, 3.1804752, 3.5336158, 4.3870845, 4.9436674, 3.8634627, 4.262618, 0.06531692, 4.729098, 3.216537, 1.8468499, 4.58754, 2.986279, 4.6647534, 2.1890535, 1.7719203, 2.1776824, 3.200245, 1.0774605, 3.4779751, 1.3341744, 2.1923664, 0.94548434, 3.480765, 3.7233636, 2.4437277, 2.3101325, 3.2158287, 3.6632562, 4.234672, 2.6255612, 4.1462274, 0.19212025, 0.50607777, 1.4512244, 3.0623448, 3.241127, 3.459469, 3.997236, 4.4886923, 0.24328898, 4.2513404, 2.8582106, 0.18355033, 3.3303077, 0.022515154, 4.5435047, 4.3513365, 0.8914082, 1.0363373, 1.4461998, 3.4791665, 4.5156364, 0.73532397, 3.1995463, 0.74466455, 3.2301764, 0.7959735, 2.0450208, 2.8716378, 0.4572146, 2.0865936, 0.003369642, 0.6012109, 3.905282, 4.658686, 4.1061854, 0.80952877, 0.18620393, 4.284067, 2.758069, 1.8379071, 2.010625, 3.753338, 4.4919233, 3.7886777, 2.8367496, 1.5260782, 0.2772384, 0.3570035, 3.987549, 3.4325535, 0.7635384, 0.02281867, 0.07619182, 0.1532499, 3.115773, 4.354519, 0.9960962, 0.47973302, 2.3207, 4.6316104, 2.2274983, 0.9972732, 4.281708, 0.18471548, 4.1081314, 4.181927, 1.7299719, 0.94074786, 1.0893571, 0.1806242, 2.2155712, 2.1932037, 2.1902568, 0.99756974, 3.8247955, 0.9492058, 1.091618, 3.8684788, 0.22153293, 0.55427146, 1.1363366, 2.384461, 0.58125377, 4.1731567, 0.29104868, 1.9864643, 1.5161889, 3.3545344, 0.44137454, 0.84628737, -0.0052761296, 0.021300672, 0.81360626, 0.45332605, -1.375087, -3.1459303, 1.0081729, -1.3783411, 0.78820205, -1.4719392, -1.5488681, 0.62541264, 0.21115251, -1.6141636, -1.2077068, -2.4909215, -1.8605032, -0.92403805, 0.41713893, -0.9804521, -0.30163968, -1.8426417, -1.4225472, -2.6081936, -2.7967508, -0.087574184, 0.58059007, 1.2992179, 0.01782303, -3.2155147, -0.6692419, 0.8883442, 1.2668229, -1.2676483, -0.8113404, 0.36731547, -2.2503574, -1.18149, 0.37532538, -0.58071244, 0.8969821, 0.23456824, -1.7884808, -0.33137754, -2.208334, -1.6581672, -2.9252918, 0.6843469, -0.4915394, -0.62034893, -1.0817693, 0.29449096, 1.1455458, -0.7616876, -1.9805766, -0.89318204, -2.1950748, -2.0289423, -0.6840591, 0.48481753, -0.12976743, 0.16568018, -1.3747964, -3.1275306, 0.8836276, -0.8023065, 1.1819484, -1.5627464, 0.41592818, -1.8217833, 1.5637097, -0.82938, -0.8642123, -1.0978705, -1.8622408, 1.4972632, -0.43176523, -0.15793982, 0.67374843, -0.40014243, -2.5226145, -1.2148752, 0.06568561, 0.24907862, -2.075372, 0.5995945, -0.054400794, 0.61256933, 0.097264364, -0.3515753, 1.4954269, -1.2525823, 1.513359, 1.0166527, -1.9283694, 1.2926799, 2.1411402, -2.4969409, -1.7708341, -0.82551146, -0.37625533, 0.3845469, 0.21186909, -0.48582166, -1.2925813, -1.6129336, -1.5569457, -2.399483, -0.69539404, 1.5961772, 0.23724626, -0.3588693, -2.272665, -0.2615059, 1.0324479, -2.0496252, -0.71893215]
[2.1570675, 1.609567, 0.6671071, 4.8235254, 4.96448, 4.0223284, 0.29406935, 2.239119, 3.976489, 4.589838, 2.428575, 2.2024724, 1.9646579, 2.9447598, 4.007272, 0.18651506, 2.6912441, 1.109005, 1.9109385, 1.2590449, 1.2318506, 0.54225665, 3.4234571, 4.7376943, 4.7773833, 2.9136758, 0.35609648, 1.416608, 4.1165338, 4.6723347, 3.7935514, 1.0817273, 0.25668353, 0.8068232, 3.533693, 4.48176, 0.7683666, 2.442948, 1.2559463, 1.3938411, 2.4557633, 0.98816067, 1.7565695, 2.1066601, 3.7292297, 1.4950359, 3.8804646, 2.9105797, 1.9634554, 2.8528943, 3.0461528, 4.7621293, 3.4215338, 2.1899114, 1.0184022, 4.874436, 0.61913735, 2.7054205, 1.8880811, 1.4971952, 1.6529878, 3.6738765, 0.3949634, 2.2755716, 2.364839, 0.20059866, 1.5018709, 3.8613296, 4.2641425, 0.54740316, 0.78398997, 2.7008486, 3.1621614, 0.56119406, 1.8521501, 1.5717872, 1.2010111, 1.7279234, 4.5786953, 4.005816, 2.3683403, 0.83047414, 0.6836137, 2.015939, 1.5060339, 4.787261, 4.4459815, 4.2267647, 2.3694377, 2.4150121, 0.65140796, 0.1363848, 1.8503673, 1.8796228, 1.311789, 1.7986931, 2.4327693, 0.18994586, 2.4197276, 0.14834002, 0.45722547, 2.5938952, 2.3853896, 3.2886064, 1.3935663, 0.33413136, 0.7084072, 0.11403706, 3.652386, 4.92377, 2.5102398, 2.6445417, 1.8195156, 4.8039627, 3.8106263, 0.97006047, 4.3404517, 2.5185316, 0.16148722, 0.59360886, 1.0981297, 0.06983214, 0.76010776, 1.1821283, 1.2828168, -0.0056656934, 0.7078093, 4.7691174, 2.049352, 1.3561347, 0.30835205, 4.0210705, 4.170194, 2.9762504, 3.7226024, -1.4687631, -0.83629346, -2.1920376, -1.5663385, 1.40865, -0.59694517, -1.0874759, 1.9762739, -1.8290023, 0.2312279, -1.4092753, 1.7415197, -1.3265758, -2.6970274, -0.5538069, -1.7473361, 0.6210313, -0.98363024, 0.10000974, -0.40877905, 1.7458075, -0.69317013, 0.40090728, 1.0923842, 0.36955014, -0.15771936, -2.8361273, 0.31126404, 0.23397003, -2.6453748, -2.683545, -2.7249324, 0.5382914, 0.4434027, -1.0422157, 1.3011931, -0.2895844, -0.21008801, -0.30755958, -2.207199, -1.5923926, -0.33435735, -0.3429743, -0.6087017, -0.08589128, 0.22161414, 0.13186029, 1.0729008, -1.4746819, 1.2000191, -0.35991946, 1.0877999, 0.042030614, -0.16863047, -0.30239147, 0.016555034, 1.3889676, -2.1279633, 2.2089639, -1.2204931, -1.7207576, 0.29500195, 1.4834967, -0.25577837, -1.0275134, -1.5159693, -2.1592143, -0.8392023, 0.9577154, -2.9142332, 0.19888641, -2.5010376, -0.3521542, -0.52260077, 0.39505467, -0.64616543, 1.4576423, -0.86162364, -1.2787197, -0.25522465, -0.80088377, -0.78012687, 1.2024791, 1.2333055, 1.3300172, -0.8917579, -2.3486083, -2.4592597, 0.6760626, -0.23159218, 1.1903656, -2.4429204, 0.20072901, -1.3511621, -1.7230288, 1.9985902, -0.35246545, 0.57752097, 0.46783647, 1.5625354, -0.51973116, -1.2019743, 1.5757321, 0.2741352, -1.1147506, 1.6080048, 1.069005, -2.2422926, 0.82639134, -0.26284912, -1.77127, 1.4139206, -1.280445, -1.0647295, 2.347963, 0.7234752]
[4.139964, 4.881058, -2.9975011, 3.835115, 3.8979769, 3.3746002, 1.7053124, 4.9307265, 1.3075117, 2.464624, 1.0152863, 4.118781, 3.285846, 0.04469284, 2.3433156, 2.317528, 4.3462152, 3.7389057, 1.1505793, 1.7118769, 0.8032902, 1.9120556, 2.3801687, 2.8666534, 3.740706, 0.7917889, 4.3537974, 1.9502238, 3.3737426, 2.3223994, 0.4598648, 4.414557, 3.0611272, 2.9116638, 3.566305, 0.24267854, 4.1805077, 2.7232654, 0.80197096, 2.578973, 0.5345408, 4.6268263, 1.3325442, 4.872561, 4.6780477, 2.351828, 1.014213, 1.6024803, 0.7622898, 1.5145316, 3.832228, 1.412431, 3.7886949, 0.6953793, 4.0162973, 4.6405835, 0.7879387, 2.542005, 4.1784544, 0.34993243, 2.6521623, 1.8375689, 1.1337163, 2.498635, 3.6953495, 0.774151, 3.1003761, 4.4680085, 4.180126, 0.81383634, 0.8658253, 3.2329693, 1.9605685, 4.3809905, 3.7973914, 0.80075717, 0.2126652, 2.4658954, 4.0245085, 4.41228, 2.1279373, 2.0348728, 2.8472595, 3.5437524, 0.33355185, 3.4272323, 1.139937, 4.8072286, 1.7200973, 0.91365653, 0.5029188, 4.0870404, 0.2227437, 2.3885372, 2.0687325, 3.1841471, 3.9111218, 1.7501893, 1.7010379, 2.546585, 3.9647317, 2.8356922, 0.7379394, 3.490075, 0.24048874, 3.594928, 3.2477238, 1.336481, 3.9733891, 1.1529484, 4.80982, 3.0831823, 1.463411, 1.2040309, 3.5478396, 1.4021475, 3.9243338, 1.0547193, 0.85580295, 3.9417613, 1.7520417, 0.26454306, 3.1886384, 4.195178, 4.70546, 3.043967, 0.38412604, 0.62408346, 1.6236199, 4.9867315, 3.3226829, 4.095002, 0.4410207, 4.7835937, 0.42500737, 0.9970607, -2.9002278, 0.6910787, 0.8714188, -3.0431633, -2.099099, -1.9380019, -2.2696338, 0.5427563, 0.41522416, 0.39707413, 0.029194321, -2.0903482, 0.43104103, 1.2538981, -0.3638364, -0.11739092, -1.4010663, 0.07546452, 1.0231433, -0.69829196, -1.6694604, -1.7370745, 0.6531491, 0.6063504, 1.5307264, -2.4407692, 0.4013987, -0.65549254, -0.9454749, 1.3546356, 1.7509172, -1.2573391, -1.9070039, -0.08277289, -1.1056494, -0.90183836, 2.1118193, -1.3458467, 0.932571, 0.6136088, 0.7704519, -2.5767918, -3.3079813, -1.9782151, 0.060975123, 0.9920746, -1.7924936, -2.2562675, 1.0776849, 0.8432745, -2.4268582, 0.5744827, 1.0698379, -2.8244383, -0.60644424, -1.172839, -0.5043563, -1.3563001, -1.6133289, -1.5948879, 1.2573338, -0.34995624, -2.2372093, 0.288239, -0.22620656, 1.4846953, 0.06769072, -0.32135978, -1.1964873, -1.2232931, 1.5538667, 1.118259, 1.8214675, 0.9069909, 0.55085343, -0.9103466, 0.2545182, 0.6090472, -0.5681685, -2.0119638, -2.088871, 0.60953355, 0.66390675, -0.29756454, 0.31615683, -0.19389358, -1.9685229, -2.7774405, -0.53266186, 1.2043266, -1.5657417, 0.14540088, -0.10656112, -1.5062213, -2.1140957, 1.2223717, -2.6329029, -0.0085147135, 2.1237469, 0.7912452, 1.7746294, -2.9742506, -7.36546E-4, 0.11105408, -1.5780507, -2.074572, 1.0432545, -2.0636206, -2.932793, 0.8308416, -3.0434327, 0.22942817, -1.1805936, -2.5118089, 0.2636499]
[1.7326363, 1.2831463, -0.66754395, 3.437009, 2.4783962, 0.509728, 3.9524076, 0.40235475, 1.0006795, 3.3653042, 2.4738753, 3.0944242, 4.2494054, 2.9030123, 0.6657781, 1.9455239, 3.9031394, 2.2895699, 4.2132015, 2.7818954, 2.9600825, 0.8345617, 2.8357027, 1.4183964, 3.870359, 3.5213633, 2.2474055, 4.3845377, 4.171617, 2.82823, 1.483552, 4.5005927, 4.5120134, 4.423879, 0.4705872, 4.697365, 2.6576493, 4.0299096, 3.9721472, 0.96772474, 0.98646605, 1.3911242, 3.2015035, 0.8190971, 3.4139006, 0.86272717, 4.947886, 3.84534, 4.003597, 2.9120042, 1.8083616, 0.86883396, 4.570345, 4.6744075, 3.9780245, 0.07246923, 3.3513129, 0.06215434, 2.718476, 1.3908277, 3.1221297, 2.4973168, 4.2294817, 3.8708668, 4.6533556, 4.2003202, 4.161896, 1.2710775, 1.9140596, 2.1993482, 4.9247837, 0.8629054, 2.7581837, 2.4805276, 0.04574185, 4.209148, 4.851639, 2.9052486, 0.24077204, 0.109109014, 3.8066466, 0.49779963, 4.801536, 3.2114828, 1.6940851, 1.2940291, 4.554985, 0.9080048, 4.228992, 2.399881, 2.963193, 0.5341282, 3.7208736, 3.641593, 2.9812567, 2.9833612, 4.9420533, 2.8035588, 2.173505, 0.83392876, 2.3779144, 2.8856711, 2.5211325, 1.4743128, 2.1723995, 1.3912859, 1.7473261, 2.8075774, 4.937273, 0.05298424, 2.1309538, 2.3477993, 2.4884074, 0.16314816, 3.2961917, 2.2302914, 3.1042638, 3.9487576, 0.49034214, 4.8361416, 4.542177, 0.21002246, 2.4152293, 4.212165, 4.257592, 3.2685823, 2.5858462, 4.1973534, 2.8631206, 4.3854074, 3.583643, 2.8195784, 3.4539716, 0.4249678, 0.008866548, -0.57171315, -2.9814687, 1.0529039, -0.5370269, 1.1903244, 0.83857375, -0.25813457, -0.3845787, -0.34660578, -3.4988852, -2.721676, -2.8158224, 2.622839, 0.02224983, 0.27157933, 0.73452187, 1.2553194, -0.81032777, 1.5373853, -1.7647893, 0.39489052, -0.73704284, 0.1145808, -2.953012, 0.107515596, -2.1515167, 0.6315385, -0.085842684, 1.2691983, -0.6320877, 1.5051569, 1.2563282, -2.7012687, -1.5534374, -3.0488174, 1.543316, -0.38875017, -0.012158906, 0.024026508, -2.417646, 0.31988418, -2.0733557, 0.5829657, 1.2882323, -0.20760104, -1.5833683, -2.9218485, -3.2759292, 0.1892255, 0.55188936, -1.4793106, -3.5514767, -0.3419713, -1.8048185, 1.5907952, 1.9138161, 0.21885896, 1.0670404, -1.8705201, -0.27852505, -2.2174196, -1.3092046, -2.41763, -0.58573496, -1.2103217, -0.2762449, -0.9967761, 0.67155, -1.0527786, 1.146608, -0.62125796, 0.3277984, -2.573367, -1.9696643, -2.0711243, 1.3676213, -1.4294381, -2.173143, -3.0562832, 1.3478932, 0.8716116, 1.3408175, 0.39287576, -0.7508977, -0.10573215, -2.0005531, 0.53298426, -1.0292375, 1.628952, -2.7194705, -2.7409558, 1.3807012, 1.1509855, 2.4673846, -1.5749671, -2.4018412, -0.77968276, -1.8454888, -0.9808732, -0.8937304, 1.3752054, 0.20808706, -2.2377188, -1.1985285, -0.8051643, 1.7228265, -0.10599904, -1.7261277, 1.483556, 0.07672836, -1.1630254, 0.48960754, 0.4003951, -2.79358, -0.21411726, -1.0767972]

 

Accuracy: 48.076923%