Final Weight Matrix:
[1.6319773, 3.8178954, 3.6317954, 4.2845154, 1.7856914, 0.4634583, 0.21896273, 0.040479302]
[1.4954958, 3.092499, 3.2333965, 4.9131002, 1.5059221, 1.0825028, 3.151863, 3.2226171]
[4.0831985, 3.7244172, 1.8362784, 2.7052827, 4.560355, 3.8520322, 4.3366413, 2.8163326]
[0.8005753, 0.88068604, 0.77842563, 2.4775677, 4.4505153, 1.0665116, 3.9900298, 1.6668425]
[3.669856, 1.2983668, 4.256957, 1.1968126, 0.31865627, 4.60861, 4.582981, 4.3129215]
[2.474411, 3.7901232, 2.591708, 0.036464334, 0.32848388, 3.00516, 3.9148915, 0.80899537]
[3.4972394, 2.3020484, 3.739893, 3.171176, 4.1754527, 1.2695128, 3.4842644, 1.2850151]
[3.285101, 0.17196208, 3.1401215, 0.8264375, 3.336396, 0.35477668, 2.1974814, 3.5190523]
[3.4528422, 3.2842536, 0.6798783, 1.6242669, 0.32940537, 0.6059146, 2.3762715, 2.4625878]
[1.5317335, 2.1464503, 4.952619, 1.3216686, 4.8222346, 1.9433942, 2.0996833, 4.3547497]
[3.2611415, 3.5230346, 3.9989862, 1.62549, 4.9011593, 2.637064, 0.14779985, 3.7893035]
[3.524612, 1.1536465, 3.41119, 3.8854551, 1.1920884, 3.4361532, 2.202133, 4.856984]
[1.3394592, 2.2556474, 2.0204458, 3.1165886, 4.8118644, 4.5097785, 4.5015807, 2.2757986]
[3.9232006, 1.9651324, 2.3844075, 2.9828873, 2.320075, 4.1220517, 3.8530297, 0.24321377]
[0.8806932, 1.6058224, 2.9448743, 2.0860245, 1.9403219, 0.2168706, 0.7521185, 0.5966863]
[1.9825846, 3.6918786, 1.035603, 1.1460307, 0.32478303, 4.1197047, 0.38238972, 2.7527843]
[0.83869606, 1.8685168, 0.8858958, 4.43531, 3.0470395, 4.37715, 4.4299893, 0.81017643]
[2.0092149, 2.5734236, 3.3876863, 2.1330132, 4.825509, 3.3497646, 4.976273, 3.148073]
[0.7420838, 2.062306, 4.6721783, 3.1037056, 2.2034743, 4.549676, 0.21212935, 1.8292215]

[2.5717897, -1.0891418, 3.4717336, 4.9676604, 2.0333593, 4.868621, 0.34946218]
[3.1216836, 0.85073304, 4.9059, 2.8693664, 0.26142213, 3.7125, 2.8003623]
[0.9459632, -2.118203, 0.3009348, 1.1357938, 0.17265435, 3.8335311, 1.3458681]
[1.4284403, 0.9885372, 2.6355062, 4.707704, 1.6480222, 4.7514896, 2.6767924]
[4.7707596, -0.12770589, 1.7953149, 0.5750346, 0.2309017, 3.4337878, 2.0187027]
[4.9163313, 0.48839286, 0.32062906, 4.133695, 2.3887193, 4.8940144, 3.375291]
[3.1167808, 0.81631124, 3.333525, 0.65486664, 0.75938094, 1.4954766, 1.156222]
[0.22603878, -0.03911493, 2.805151, 1.1904466, 2.8942084, 4.6648, 3.0059757]

 

Accuracy: 14.285715%