Final Weight Matrix:
[2.5616465, 2.4307714, 4.665554, 2.0784614, 4.921603, 3.4231124, 3.0074563, 2.427195]
[4.2208357, 3.6189744, 0.5813727, 1.2275264, 1.997568, 4.301636, 2.234765, 4.313988]
[2.4067264, 4.667786, 4.701157, 3.0714967, 0.623931, 4.475073, 1.8697693, 0.067264736]
[1.8414733, 3.8628438, 3.154563, 2.3307087, 4.4075484, 4.9173055, 1.609335, 2.0945098]
[2.9146767, 4.5580564, 2.0984025, 0.110073686, 3.6487927, 3.0445957, 3.6201181, 4.774513]
[4.05306, 2.5273683, 1.336932, 1.043972, 4.3543158, 1.0523524, 4.9880137, 1.640326]
[0.43757617, 0.7408312, 3.8487887, 1.2062523, 3.4557185, 3.2421393, 3.9094076, 1.5393767]
[4.625959, 3.2478633, 3.3276553, 1.6920927, 0.61879873, 3.877765, 4.780632, 4.802985]
[0.89361936, 4.132827, 1.106436, 4.9122934, 2.1110675, 3.6571598, 3.5578547, 0.48196346]
[0.26691407, 2.5715067, 3.2536712, 4.8055906, 3.684463, 2.7158375, 3.6316822, 0.26062757]
[2.2901976, 0.86182594, 3.2061124, 3.3708773, 2.3257155, 1.1880958, 3.9891067, 3.7484732]
[2.5417037, 3.9280798, 0.032826662, 4.1487613, 1.0285702, 4.7437167, 0.6199664, 3.46693]

[1.664644, 1.1837943, 2.2948546, 3.5226996, 1.4297271, 2.1712475, 3.9436424, 0.97907174, 3.4769454, 4.9827366, 2.641812, 3.125013, 1.4075866, 0.17110303, 4.688554, 3.4229443, 0.9325379, 3.362437, 3.0869052, 0.582905, 2.8343718, 1.3348999, 2.3163807, 1.5277272, 4.1861005, 0.43024752, 1.9237908, 2.8018212, 0.3082054, 1.5342988, 0.746021, 2.5830512, 3.9531033, 2.2706904, 3.0943613, 3.7726424, 2.3382, 4.9555755, 2.715752, 2.461083, 1.7306315, 3.2619624, 4.9097185, 4.649995, 4.5596347, 1.6291865, 4.7600126, 2.0239897, 0.034578998, 4.535946, 0.62802756, 1.1612086, 3.6378903, 1.4766486, 2.4614165, 3.3044055, 1.3527474, 4.1699967, 4.5773153, 2.9963505, 1.0597552, 1.460715, 0.988406, 1.0138115, 2.3174348, 2.432221, 3.3968, 1.124751, 2.9002492, 3.551908, 4.061206, 4.016935, 1.7229488, 4.773567, 3.5126271, 2.8294234, 0.14186856, 0.23368466, 0.2672067, 0.5522876, 1.8509096, 0.5707585, 2.240876, 4.498168, 3.902033, 1.9015443, 4.0511656, 4.432559, 2.6217034, 1.5253152, 1.5910879, 0.09702957, 0.7249253, 1.0683022, 4.6476774, 2.2454765, 1.5578215, 0.42440194, 0.6129641, 2.6787493, 1.4893777, 2.7487206, 0.14622556, 4.438709, 0.5017542, 3.6631794, 3.9893925, 3.006721, 0.4455347, 2.10503, 0.069381505, 4.9116464, 1.33183, 4.0202794, 1.7179861, 3.2038627, 2.181109, 1.693012, 3.9119878, 0.46183255, 3.650398, 4.5870347, 1.9549869, 3.7952049, 0.5629468, 4.1258893, 4.878871, 2.6479928, 1.5274867, 4.4323416, 1.3988597, 0.5154291, 2.149444, 3.1580825, 2.296714, 0.04523082, 4.948012, 2.4137156, 0.21955028, 1.9717441, 1.1664163, 1.990523, 3.1570306, 4.2581325, 3.5473373, 1.9266527, 1.258772, 0.9353279, 4.0061493, 0.8513982, 2.9730103, 2.665896, 1.5024682, 1.7161454, 0.95293826, 1.1339847, 3.907839, 3.3182802, 3.415911, 0.18252511, 2.3668652, 0.81433964, 2.5937471, 2.104324, 0.012105748, 0.92920446, 4.179668, 0.99020994, 1.5641317, 4.590815, 0.6196851, 2.6514397, 0.46792635, 4.2934003, 4.017821, 4.5712385, 2.0780256, 3.3787959, 2.9999328, 3.408296, 0.73364145, 0.7124813, 1.4516442, 3.2849371, 0.56004924, 0.60275066, 2.205467, 0.9833113, 1.3963194, 3.5954285, 3.2528405, 0.8999331, 1.8455309, 3.4956615, 3.9414284, 0.10599636, 4.220781, 2.1396577, 4.629934, 3.626601, 4.1409326, 1.2952107, 1.6252565, 1.3917474, 1.013155, 1.746808, 3.21296, 1.3575423, 0.90244514, 3.7811675, 3.492097, 0.17811042, 2.1905067, 0.37255985, 4.8419967, 3.1319344, 2.5334957, 1.2247218, 3.2969384, 2.2639854, 0.54528177, 4.414593, 2.672557, 0.9568072, 2.3865721, 1.3416144, 0.027302196, 4.2042484, 0.8965079, 4.2565074, 2.4677267, 1.4293046, 1.705398, 3.7863402, 1.0355369, 0.24126264, 2.579945, 4.31309, 0.5229314, 3.9021373, 2.1115212, 3.4140093, 3.613813, 4.5191946, 0.45343047, 1.2953329, 3.1157649, 3.8531716, 2.9024868, 1.148222, 2.4626067]
[3.524135, 2.235467, 3.57184, 3.3361773, 1.4976778, 0.31107453, 1.1936114, 3.966693, 2.3889859, 3.6202674, 2.2893114, 0.89969355, 1.9471891, 4.3716383, 4.8261275, 4.232036, 2.466883, 3.4760597, 1.4449309, 3.8657568, 4.350121, 2.7220175, 3.4363225, 2.1110315, 4.651242, 3.074254, 3.478864, 1.3583167, 3.0716476, 2.1539989, 1.4726714, 4.4563565, 1.7631882, 1.5561584, 4.9191356, 4.6332474, 3.898724, 4.742637, 3.8300335, 0.27373165, 4.1758986, 3.8683133, 1.98346, 3.9074311, 2.2176583, 4.396808, 1.1548977, 3.7804666, 1.531393, 0.942393, 2.940046, 4.317068, 1.767702, 0.81301236, 4.500716, 2.9358778, 1.5814409, 0.8997038, 3.3372583, 2.0594344, 2.7659934, 1.8859063, 3.4707599, 0.98876953, 1.4784073, 0.63953453, 2.7565148, 2.1332102, 3.0535235, 3.832441, 0.67454726, 4.5994663, 3.401612, 4.1088896, 2.7602963, 2.2957702, 0.3475435, 0.2542377, 4.761886, 3.4704306, 4.887241, 1.9453658, 4.846963, 3.483532, 2.6467571, 2.3518689, 4.523437, 2.8633199, 4.8960524, 1.9187692, 4.735103, 0.4447727, 2.0815833, 2.285019, 2.5021553, 1.9172351, 4.1307197, 0.7824822, 0.07246219, 2.328029, 0.9384006, 0.57549626, 3.4240491, 2.5596273, 2.8760765, 0.77375954, 2.6869678, 1.6963114, 0.5552482, 0.87887967, 0.24488041, 0.6177383, 1.1851308, 2.9025717, 3.852004, 1.8672132, 1.3144037, 2.263487, 3.9741542, 2.848204, 0.03971256, 4.66365, 1.6491693, 1.4020138, 3.2671006, 4.4571686, 2.600839, 0.8852628, 2.731407, 1.5279138, 3.3718512, 1.3510904, 3.1468217, 0.8889317, 4.317752, 0.3995208, 3.573761, 4.8278375, 3.1131122, 0.16007057, 4.1823554, 2.799864, 0.91645527, 1.3755282, 0.7579072, 3.2339795, 0.15142941, 3.109885, 0.22992589, 4.672912, 3.7273686, 3.0978093, 2.0403996, 1.0698802, 2.4274209, 2.8868718, 0.56837523, 2.5091674, 1.7219133, 0.2900417, 0.78644097, 4.1045985, 1.4744227, 0.13087231, 0.8269374, 1.3782691, 4.428665, 4.852429, 0.7743907, 2.3353, 0.4458712, 2.7954984, 4.383007, 2.6304984, 1.076055, 0.81346625, 1.084219, 4.4715996, 0.45503166, 0.7748529, 1.8064177, 3.9432778, 2.092775, 3.4833608, 2.3286924, 0.5033481, 2.3062775, 2.543664, 3.8132806, 2.1479144, 4.3203115, 2.1952686, 2.508274, 1.7947707, 0.8355845, 3.449039, 0.5237266, 4.3330913, 2.5631926, 4.747332, 4.6900015, 2.5544589, 2.5249505, 0.95978385, 1.743649, 2.3518665, 1.9942813, 0.3491847, 4.8602986, 2.4774828, 3.723824, 0.32199928, 4.405749, 4.2251406, 3.663212, 1.9660114, 1.2863153, 2.5399926, 1.7981894, 0.09138306, 4.261193, 3.3150735, 3.8314273, 2.9035962, 1.8627446, 4.664167, 4.8613305, 0.4386212, 4.4395957, 2.4031005, 2.2001436, 1.8623867, 3.047689, 1.0399503, 2.0862045, 3.417702, 3.3908002, 4.869776, 4.0008254, -0.03784342, 3.080755, 0.25014016, 2.1049833, 3.669471, 4.8967624, 4.8411036, 2.4046392, 3.42282, 3.9184353, 0.9360311, 3.396345]
[2.9311528, 0.2407788, 4.4317656, 2.6480613, 3.6137352, 2.966917, 1.2133994, 4.727888, 3.9998848, 3.5989828, 0.502363, 4.0045233, 3.509976, 3.167101, 0.2750806, 0.28344107, 2.5397046, 3.6255012, 2.888512, 2.7371027, 3.2697625, 1.2060996, 4.36602, 0.10670063, 4.4141884, 0.88279206, 4.6386366, 2.0443397, 1.9267299, 1.7664976, 1.8811334, 4.613319, 3.1763008, 0.09170938, 0.70954543, 1.9998428, 4.7069206, 4.344816, 4.4129405, 4.2085805, 1.6499991, 1.4221287, 2.414607, 1.4116656, 4.361956, 0.98382825, 0.32766753, 1.2026688, 1.3375262, 1.8568935, 1.8734679, 0.4024613, 1.2196598, 4.2094793, 0.8065635, 2.7825756, 4.5132957, 3.347662, 1.0522197, 4.5598774, 2.3387063, 1.7890662, 2.2557557, 3.223699, 1.3932223, 4.8556685, 4.053547, 4.281902, 1.1299895, 4.5080237, 4.611003, 1.0076876, 0.28935078, 0.21836603, 4.5896597, 1.7597487, -0.013185711, 4.5716114, 2.00155, 2.5372846, 1.6498978, 3.2167697, 2.5182388, 2.3074822, 4.815498, 0.8423214, 0.61734575, 3.3273942, 2.7837186, 0.09553256, 4.291856, 2.104645, 1.474807, 2.6164343, 3.324921, 4.973454, 3.2817612, 3.2829025, 2.034068, 0.3378207, 1.4156419, 1.4153712, 1.8779393, 2.0749502, 2.3990667, 3.072147, 4.6759825, 0.51783544, 4.728049, 4.6252837, 0.03675813, 2.2458956, 3.202313, 1.480364, 2.2769835, 3.3874698, 1.437362, 1.7817984, 4.9332376, 4.6803746, 4.823832, 4.6453257, 1.2285416, 2.0433505, 3.560631, 2.8168793, 4.4606695, 3.4509935, 3.0331671, 1.6268568, 3.465855, 4.164383, 2.7920465, 3.2587152, 0.23123182, 0.46818712, 1.1648601, 3.658482, 2.2319982, 1.0581795, 1.1150126, 4.397623, 3.820258, 0.28585824, 2.6709347, 3.4973907, 0.24611588, 3.9231308, 4.054364, 0.8839076, 3.6794589, 4.397522, 3.6254456, 4.746536, 3.2463663, 4.264381, 4.148482, 0.31864482, 1.1254939, 1.3683444, 3.1487746, 0.6872684, 3.036492, 2.5793095, 4.9207973, 3.0873327, 1.2147498, 1.1768925, 2.0220528, 1.4543793, 4.173096, 2.4954145, 3.756879, 1.6536056, 3.0916836, 2.4173126, 4.7282867, 2.1088293, 2.2960649, 1.3427889, 0.18916018, 1.3929749, 4.8133683, 4.665819, 2.7718225, 2.5044024, 4.964349, 2.768542, 4.4686875, 0.052618288, 4.0679193, 0.06986057, 2.457249, 2.6860554, 2.5433862, 2.3089151, 4.7366276, 4.815797, 4.434341, 3.46576, 3.1341553, 4.8733096, 2.384857, 3.1057181, 4.8024836, 0.054710556, 1.2080092, 3.6208584, 2.6405892, 0.06252501, 4.0028787, 0.73744607, 3.2712052, 4.8275657, 1.7102057, 0.09649055, 4.8171096, 3.6392853, 1.4078816, 4.032821, 3.7402222, 2.2514262, 2.2209938, 4.987355, 4.915634, 0.38492894, 1.1991155, 2.0340772, 4.9151216, 3.0376568, 2.4479644, 2.2299137, 2.2831647, 4.7893367, 1.0042635, 1.6995544, 3.600999, 2.4378512, 3.309788, 3.549612, 0.81618905, 2.3854043, 3.8514097, 1.4567415, 3.722173, 4.803241, 1.109035, 0.67191553, 2.2196624, 3.308452, 1.063875]
[4.601514, 1.9757521, 4.0064588, 1.9553015, 4.422346, 1.7120129, 1.0224786, 2.5186133, 1.8627864, 3.4386122, 4.2156196, 2.5590446, 0.8449728, 2.707705, 0.9907043, 1.4117844, 0.16672009, 3.704981, 4.166112, 2.589174, 2.2226255, 2.4973388, 0.40449065, 4.8652573, 2.985555, 3.0484164, 4.0915513, 4.7786016, 3.0004253, 4.0897794, 1.7245191, 2.9362571, 1.1843164, 0.81059736, 1.5461789, 0.05668778, 4.2603164, 4.203403, 2.5322907, 0.30853793, 2.7730217, 1.7950702, 1.7276076, 3.029569, 3.0383167, 0.34638202, 4.0576534, 0.5830204, 2.6080618, 2.5875504, 1.9342571, 0.11814817, 1.3130939, 3.0242796, 2.7514825, 0.037920546, 0.5423296, 1.2537072, 0.23733996, 0.36961463, 0.42099467, 4.078903, 4.8767767, 3.1557999, 3.3154237, 4.7418942, 0.70907396, 2.9527972, 0.99006957, 0.08251057, 4.4951916, 1.2060353, 3.448842, 4.2628136, 2.2027633, 1.1210136, 1.1956697, 0.012249091, 0.08851132, 3.4605064, 1.9636579, 0.11257404, 4.07466, 4.1553416, 2.1103873, 4.6081915, 4.4662066, 2.6287212, 1.3456814, 3.6272821, 0.81786776, 2.3510857, 2.750971, 0.44706067, 1.4501326, 1.9367448, 0.17844701, 0.43202233, 3.1669865, 4.7621603, 0.6817136, 0.42893067, 1.4533045, 1.30705, 2.0999644, 0.82597154, 0.78212845, 0.614334, 3.8338368, 3.010776, 0.9094613, 3.6851795, 3.3019397, 4.7553105, 1.3088334, 2.986272, 4.0688334, 1.693102, 3.0813186, 0.2653959, 0.56775, 0.91821295, 2.268125, 2.1514304, 4.8659043, 2.35165, 4.896761, 0.043948643, 4.9743056, 1.4819231, 0.8760623, 1.5632052, 1.2899157, 0.009303558, 0.98170245, 4.4167776, 0.71050304, 1.2080202, 2.668977, 1.1677101, 4.317171, 3.6344886, 2.1596596, 2.050029, 3.2128618, 2.1204755, 2.5933845, 0.905422, 3.6202855, 1.4808446, 1.3856552, 2.5156019, 1.5976343, 2.4395967, 1.9156762, 1.9904399, 3.5871334, 1.8208163, 0.26341504, 4.3546696, 1.8184383, 1.1514361, 1.2179507, 4.476167, 0.85792834, 3.3763137, 3.9950829, 4.3272796, 4.217674, 2.50324, 3.569857, 2.0818853, 3.8592308, 2.1583793, 1.7695218, 4.602124, 2.1790452, 2.6594534, 2.8376632, 4.080776, 4.988309, 1.3295376, 3.5956802, 3.6385512, 2.3848517, 3.969374, 0.015329648, 4.3149624, 4.767689, 3.4119573, 2.6069343, 4.185547, 1.8535523, 0.63141894, 0.39544782, 3.975048, 4.0875964, 4.3077006, 4.9177685, 3.699829, 2.151794, 2.9384234, 1.4285003, 2.9684076, 0.84184885, 1.6922996, 1.3857656, 2.9308798, 2.5263426, 1.0612938, 0.05858089, 3.967875, 0.6547989, 0.80553854, 2.562476, 3.214507, 0.48565406, 2.9843748, 4.3645124, 4.3180346, 3.0936766, 3.9581687, 4.491393, 1.1657622, 1.1516415, 0.2439728, 2.535253, 2.997221, 4.8058457, 0.99785674, 4.089245, 2.039814, 0.19184455, 4.2255573, 1.9791044, 3.6969042, 4.0917044, 1.3904095, 3.0881236, 4.0591927, 4.324127, 4.8178496, 4.446058, 0.6231418, 3.8199365, 0.60300976, 0.4236637, 1.9882637, 4.161072, 3.6528788, -0.054388605]
[3.0545332, 2.1564193, 0.049200803, 0.258333, 0.015294887, 2.9466145, 1.1904602, 2.019988, 1.3114928, 1.8025142, 4.5955276, 4.974953, 0.25101402, 4.2049327, 0.05531488, 1.186626, 1.8965869, 3.3198745, 4.234381, 4.6394367, 3.2109473, 2.5041394, 0.18733159, 2.5489416, 4.1779327, 1.1836748, 1.7071105, 0.92461663, 1.1531398, 2.8740616, 4.8920035, 1.7561358, 4.249941, 2.2674558, 0.62872857, 4.349963, 2.783059, 1.6677984, 0.21705635, 1.520988, 3.6432183, 0.52157813, 3.4982343, 3.6411953, 4.237915, 4.1504607, 3.1740167, 0.04202892, 3.202128, 1.8903816, 4.558332, 3.546471, 4.594401, 0.40028617, 0.6761949, 1.740783, 4.7048306, 1.1594352, 4.919348, 3.6431358, 0.40621224, 2.2666845, 1.5497915, 1.1802135, 0.3075725, 3.5483553, 2.3417952, 1.373544, 4.074808, 1.3224894, 4.838025, 3.3079364, 4.1079893, 3.1918397, 0.9860898, 3.0430613, 0.13033074, 0.5309836, 3.6043673, 2.7567897, 0.5915436, 3.3396888, 1.7841836, 1.210783, 1.6739243, 1.0694288, 4.583588, 1.4346688, 1.8239897, 3.9717197, 2.2108307, 1.4496182, 0.966682, 0.0956476, 0.2582034, 2.082904, 3.4313827, 1.750675, 4.9897575, 0.28171572, 4.708078, 0.6672593, 1.5049216, 1.2068492, 4.3680363, 4.7700243, 3.6374004, 4.5836415, 3.626115, 0.7030552, 0.45661873, 2.2485442, 1.4810536, 0.21017931, 3.8426855, 0.8196108, 0.41119683, 6.9774507E-4, 0.014033091, 4.545295, 2.6215632, 2.1945572, 3.3954418, 4.8450255, 2.3003676, 1.6748534, 3.414943, 0.36295956, 0.8820189, 4.3553452, 4.707962, 0.21405432, 1.3295635, 2.70496, 4.2922254, 0.8504916, 3.090222, 2.304362, 3.0381706, 4.4543433, 0.7565473, 2.6380775, 4.8681335, 2.5880854, 2.3598764, 0.045820884, 0.23076798, 3.843508, 0.42913553, 4.0913563, 2.3623817, 4.141039, 2.7910626, 1.5844127, 3.0544398, 2.9796958, 2.3227525, 4.6374006, 1.2273517, 1.8135892, 3.9969149, 4.388719, 2.2856073, 0.52660596, 4.496478, 0.9839463, 1.523105, 0.6031834, 4.155025, 0.1605408, 3.3187826, 2.2629473, 2.9458945, 3.6728706, 1.5322332, 0.21130645, 2.7099335, 0.32001057, 1.38017, 1.8014444, 0.7465345, 3.514327, 0.8969824, 1.9138118, 2.6715796, 3.9504805, 4.397034, 3.1398695, 2.854047, 4.852713, 3.5189326, 4.895783, 2.7585244, 4.539081, 4.1868205, 2.449193, 2.7040358, 0.2461548, 2.9437432, 0.72382456, 1.1515743, 3.6370504, 1.949005, 4.4519415, 3.5060706, 1.6481411, 1.3711715, 1.4641802, 0.8320768, 4.8198657, 1.9214156, 0.96085113, 2.7382438, 4.2304134, 2.0834537, 1.155823, 0.81287515, 4.631133, 2.6587136, 1.2199314, 2.8775406, 0.9700802, 3.84331, 1.1752989, 3.4923847, 3.9817631, 3.7341044, 4.925403, 4.8861, 3.85351, 4.8464084, 3.2615314, 0.62167376, 3.4429843, 1.2987585, -0.098067634, 3.16625, 0.92516524, 2.7164862, 3.899291, 3.9637158, 3.9716673, 0.31500176, 2.3400617, 2.684351, 3.4127553, 2.0618763, 1.6058477, 2.4402974, 2.0059, 0.4841964]
[0.69542575, 2.139761, 0.19681327, 3.5437145, 0.8200358, 2.2153492, 0.5036816, 4.9728775, 2.1027617, 3.862644, 0.5642442, 0.6970546, 0.16880237, 1.604751, 3.5755904, 3.9904041, 0.90112644, 2.766541, 1.4134138, 4.1582046, 4.5129757, 0.8664394, 2.252476, 2.9804733, 0.18912438, 2.1352837, 1.0470831, 1.4269179, 4.310198, 1.0576988, 2.2508895, 3.386257, 3.042785, 2.5790713, 2.725639, 3.0994089, 0.6979557, 1.1226336, 0.32755226, 1.6994883, 4.9798517, 3.2337356, 3.097559, 4.7385116, 2.1171446, 3.9003909, 0.05673218, 2.7179618, 4.945876, 3.5604203, 1.0644375, 4.5928125, 0.34466887, 2.3586276, 3.099524, 3.3667173, 4.449459, 1.4912055, 3.1137376, 2.8072143, 2.0749674, 3.5703516, 4.700737, 0.881759, 0.6116525, 0.09767674, 2.4031203, 3.389716, 2.594443, 0.73761934, 3.2449353, 4.1947713, 4.730902, 0.2613845, 1.0358217, 1.0963795, 0.5627614, 2.6678064, 3.0663185, 0.1902087, 3.2651036, 1.0707376, 2.8013942, 1.3003969, 2.4168208, 0.690545, 2.3502376, 1.9374516, 3.0641904, 2.7727559, 2.3295836, 2.1155818, 1.2657995, 4.9143476, 3.8586147, 4.0429993, 2.001372, 4.151184, 1.04752, 4.2926297, 4.005056, 0.1879723, 0.46712503, 1.093506, 0.16767272, 2.1744754, 0.53342915, 0.8666979, 0.5476078, 1.7435225, 4.9410167, 3.4931095, 0.17988308, 1.5459523, 4.878162, 0.17852181, 2.0141256, 1.8422211, 4.152818, 1.0824349, 3.2173455, 0.61119056, 0.44758177, 2.5836742, 4.15674, 1.2225994, 2.0207794, 3.676391, 4.8537345, 2.683584, 3.9832044, 3.1496942, 4.0332355, 3.1337402, 2.749784, 3.965478, 1.8781602, 3.451514, 3.3392084, 4.689264, 1.643789, 3.2370296, 1.5605983, 2.3025017, 2.8247125, 0.5822656, 4.292562, 2.6862154, 3.9238904, 0.31896275, 4.0060415, 4.568034, 1.0877616, 1.0373639, 1.7311276, 1.1086628, 1.3200971, 1.0826008, 2.1380148, 3.648539, 0.13556379, 4.8771415, 4.25065, 0.60737544, 1.8873037, 1.832666, 1.2479537, 2.0486536, 0.51514125, 1.5521644, 2.6471715, 3.3114111, 4.729377, 0.91945887, 4.602045, 2.8156867, 3.0552077, 0.75000507, 0.040198408, 1.2887895, 3.4139974, 3.2137482, 0.6908459, 3.2932284, 1.9089309, 4.887318, 4.3942795, 3.7617793, 0.9077682, 1.7504925, 2.7115254, 1.1316696, 4.8844438, 4.25572, 3.0198984, 1.3061954, 0.47098395, 1.8650925, 3.6529942, 4.6654487, 1.7543792, 3.6112053, 3.244431, 3.6412654, 1.9112637, 4.855223, 2.1859698, 4.9765687, 4.1487675, 0.77766293, 3.7959578, 1.0280262, 4.5667157, 1.200414, 4.706899, 4.9892206, 2.9430923, 3.4045782, 2.6021698, 3.011167, 2.3913229, 2.8539515, 2.292702, 1.4309373, 0.9818663, 4.599121, 3.6889968, 1.943314, 2.577987, 4.9858646, 3.0650003, 3.8199031, 0.40160894, 1.5817846, 3.4305437, 2.7161078, 2.1233807, 4.746641, 0.32571504, 0.4287585, 4.7125554, 3.7628467, 0.48128128, 4.6275415, 2.3780906, 3.822105, 0.64475906, 0.2673903, 1.7813209, 3.4782643, 1.4791199]
[4.0927477, 2.274201, 0.13123128, 1.145555, 4.84176, 2.461325, 1.2047052, 2.1724215, 4.191428, 2.1780617, 2.6327224, 2.1233683, 4.463714, 1.1724669, 3.3409913, 1.6460136, 2.590399, 0.3814065, 4.978203, 3.1774282, 4.209845, 2.8095164, 2.3989232, 1.7033703, 4.141242, 1.6496888, 2.122088, 1.4910077, 3.0109336, 3.006144, 0.5371339, 3.0928364, 3.7586448, 4.3011336, 1.6882854, 2.5207734, 3.0782197, 3.8684556, 4.986992, 0.89176357, 4.993695, 3.3062565, 2.584452, 4.902981, 4.950399, 3.623205, 2.2634296, 3.8979964, 2.1460557, 1.6748043, 2.3371239, 3.1079216, 1.1512524, 1.2957096, 2.1809754, 3.0436454, 0.13846095, 3.6419325, 4.5726504, 0.8618798, 1.1441653, 4.165198, 0.046342697, 4.457693, 1.6443268, 1.5920603, 4.263992, 1.0474571, 2.7196536, 2.1195915, 1.86637, 3.9452527, 1.7013761, 4.0455704, 1.2339184, 4.0317664, 0.1206563, 3.7426863, 2.7184677, 1.865116, 0.78794086, 4.51966, 1.4666837, 0.5646894, 2.0395844, 4.3657055, 2.666002, 0.23928012, 3.451626, 0.50052005, 1.3603748, 3.169724, 2.733225, 1.0977526, 2.6629732, 2.514233, 0.5442064, 3.2937298, 2.0236516, 0.7811934, 3.248726, 4.4414096, 0.048185464, 0.96122843, 4.5914626, 3.1041982, 4.046806, 0.6059667, 4.680516, 4.7162013, 4.0632324, 1.8070911, 4.1073318, 4.168496, 2.9853187, 3.7443662, 4.474063, 0.31860128, 1.7026906, 4.213813, 4.4339066, 2.4815009, 1.9676535, 1.7313516, 2.4544573, 2.6206734, 3.0199955, 1.0947926, 4.2850904, 3.1959922, 0.38295424, 0.35119462, 2.1091337, 4.816107, 2.613251, 2.1800175, 4.244643, 1.5014225, 1.6302788, 4.3286905, 4.0482, 4.31527, 0.57598424, 3.1781359, 0.42366758, 4.445732, 3.3248823, 2.092972, 2.481869, 4.557607, 1.7060548, 4.0055513, 3.7835448, 1.9253861, 0.08865286, 3.7840307, 2.4019964, 3.4900172, 1.1453485, 3.9320533, 2.9992952, 2.7896016, 2.3251834, 2.7668798, 4.329082, 1.457195, 2.9017668, 2.1844437, 1.2786884, 1.8393797, 3.9768379, 1.4070344, 0.61289597, 1.5020555, 4.830164, 4.011942, 0.25280574, 0.27528444, 3.2672021, 0.5859175, 1.8412621, 4.7409945, 4.9218807, 4.53019, 1.9004259, 1.0337659, 2.8694928, 4.474631, 4.278869, 2.7844682, 3.5366495, 0.5898803, 2.5378582, 1.3430037, 4.761701, 2.324031, 4.184456, 2.8512726, 0.290458, 4.838939, 0.95777106, 2.6840353, 0.3108109, 2.7127333, 2.508098, 4.6436963, 2.0551307, 0.60786974, 1.2700397, 3.3869486, 2.7208652, 2.408355, 3.72366, 0.7990187, 0.2735168, 1.8154153, 4.3640203, 0.9709986, 2.0297651, 2.3088675, 0.4853851, 0.13151178, 1.3833796, 3.0297093, 0.6029013, 0.40757582, 2.4004571, 1.1613084, 1.428096, 4.797663, 3.7621093, 1.9280523, 0.14719647, 0.5271101, 2.0398216, 4.5863113, 2.513933, 3.813014, 2.8427782, 3.934542, 1.1557509, 3.6722128, 4.202784, 2.4034276, 4.012712, 2.0746665, 4.2029853, 3.0706215, 0.898851, 4.713246, 4.306803]
[3.5104978, 1.6277624, 2.370745, 3.5661347, 0.18232702, 2.1103442, 0.3212151, 1.6222243, 2.920778, 4.5475616, 1.0004408, 0.80579185, 2.9663382, 4.146265, 1.8510405, 1.8553972, 0.4966186, 0.23750073, 0.34519622, 2.3864126, 0.96124333, 1.5227005, 4.370982, 3.1823328, 4.4896927, 1.5530238, 4.8808646, 3.674888, 4.7581115, 1.0919054, 1.8797144, 4.3403025, 3.6162994, 3.037742, 3.1696668, 1.8618287, 3.1871982, 1.3695337, 1.2268085, 1.9448383, 1.107695, 3.6273637, 4.7510633, 4.2224846, 3.7659206, 0.9075316, 2.850985, 4.6486197, 4.007484, 2.984134, 4.061494, 1.7502786, 1.3037735, 3.3802488, 1.4537407, 0.6936515, 3.4993086, 0.7045948, 0.8378613, 1.813528, 4.213278, 2.2166393, 0.8836348, 0.55828637, 1.2281705, 2.541852, 2.9306324, 0.75462246, 3.5206952, 3.3398793, 0.9201135, 2.3816612, 4.4529934, 0.16737695, 3.990379, 4.0964, 1.0259874, 0.038182385, 4.108363, 0.82806724, 3.8461237, 1.2285644, 4.11706, 1.9825017, 0.15721807, 4.976431, 3.236307, 4.1863685, 2.3368297, 4.118381, 1.9718934, 2.0218074, 0.5484609, 0.10090413, 4.4012713, 4.8183436, 0.72199494, 2.3341005, 1.7307436, 4.593402, 1.882251, 1.8008281, 2.3358128, 0.4135164, 2.0145285, 1.5364966, 2.5917625, 2.7921643, 0.89167166, 4.2743125, 3.0210097, 1.5104743, 0.4141394, 2.8819966, 2.5535586, 0.2711324, 1.5831815, 1.2374989, 4.2135706, 0.67592895, 3.551329, 4.9268365, 1.6369846, 4.7957172, 4.1415076, 2.2424357, 2.2429225, 0.012824788, 2.1200933, 2.2036653, 2.6304286, 4.3405237, 0.034119003, 1.6639829, 2.9441533, 0.9894022, 0.38057175, 2.4460716, 0.051430684, 0.15982802, 3.3642256, 0.69982654, 1.2509066, 4.807001, 3.0447574, 0.7096032, 0.096993305, 2.654413, 1.7033768, 4.285402, 2.7455645, 1.7986184, 4.886062, 2.7559304, 0.794455, 1.6211201, 4.0641117, 2.4767702, 1.1532643, 0.23290025, 3.2037027, 1.647943, 2.8581345, 1.6267434, 3.2400906, 3.022537, 3.558042, 2.985446, 0.46526715, 0.96994126, 2.292189, 1.612816, 0.7140554, 4.4626193, 4.762227, 0.2343673, 4.9123178, 4.9465127, 1.0240902, 0.03559205, 3.5940766, 1.7412362, 4.3321853, 2.4425502, 0.6006244, 0.48696595, 1.497378, 2.95783, 0.43305302, 4.3151884, 3.3741345, 0.088141605, 0.5271865, 3.5004168, 0.45339298, 2.4212105, 0.7545455, 4.491334, 4.2143483, 0.70613736, 1.4866443, 1.6291974, 0.91558176, 1.5273906, 1.9056528, 2.2271328, 3.9907093, 3.7414978, 3.2437558, 3.4692764, 4.642019, 0.20836622, 1.5214331, 0.6591111, 3.1130302, 0.7382752, 1.1893659, 4.2774, 0.12620068, 2.6944025, 4.152855, 0.27455238, 1.4762425, 1.0398445, 1.9115212, 1.3891398, 3.7963731, 2.974881, 1.9067572, 3.2231245, 4.4628077, 2.93181, 4.516729, 3.0077043, 3.4973392, 4.379474, 0.64503574, 2.9723306, 1.5047805, 0.75859696, 2.1450095, 2.1274226, 0.8788913, 3.2070582, 1.8569385, 4.2377443, 3.9991698, 1.6792251, 3.8175142, 4.2770343, 2.8597198]

 

Accuracy: 1.923077%