Final Weight Matrix:
[2.2494295, 4.193547, 3.0472171, 0.43479353, 0.4921186, 3.8485167, 1.8475819, 3.3707075]
[1.0968119, 4.8858204, 0.7683945, 4.2749043, 3.0287433, 2.015602, 3.8462658, 0.5794051]
[4.925377, 2.3924563, 4.074686, 0.4293123, 3.7876594, 1.1696208, 4.52841, 3.5840046]
[4.6975856, 0.5148119, 0.07539421, 3.684944, 0.5812958, 0.49738675, 3.4067855, 1.2067022]
[1.2963498, 3.0936852, 0.46572506, 2.4445856, 4.7895517, 3.5694215, 1.8601272, 1.9461632]
[2.2526264, 2.2171333, 4.0157657, 2.2488823, 0.43017387, 1.6507393, 4.129843, 1.9161665]
[3.9188097, 1.9017559, 2.0905921, 1.0850102, 1.177443, 3.5017216, 0.55752337, 3.854759]
[0.3636971, 4.6676407, 2.1747947, 1.305785, 4.1659923, 1.9920975, 3.195232, 3.0750325]
[0.73845476, 2.5531461, 1.6061733, 3.7105095, 1.2183344, 1.7426679, 0.6051412, 2.3468204]
[1.242882, 4.0229187, 1.1110294, 2.0976436, 1.3426886, 4.1822534, 3.0058923, 3.348014]
[1.107415, 3.9110193, 0.2774474, 1.389431, 2.961953, 1.8614465, 0.92012316, 2.5048628]
[4.198682, 0.010768175, 4.8031387, 4.2498937, 0.35517484, 2.6001074, 0.13094127, 3.7525427]
[3.95507, 2.1738794, 3.2108722, 4.9701567, 1.2196308, 1.0621355, 3.064679, 4.990432]
[4.3636274, 2.8136978, 3.7372131, 0.27884394, 1.0946387, 0.64890623, 1.6830868, 3.7809606]
[3.6007774, 1.5208151, 0.2692303, 4.650332, 0.627473, 2.1818657, 4.5902066, 1.146549]
[4.776688, 1.09408, 4.529037, 2.629933, 3.3072755, 2.7051172, 1.3374621, 0.15607566]
[4.946784, 2.665981, 0.18746406, 2.6726232, 4.3445973, 2.8804514, 4.845099, 3.3604763]
[4.1837616, 3.7586231, 3.2258692, 1.0007129, 0.83222896, 4.870103, 3.4489102, 0.036484897]
[1.0396111, 0.04497677, 1.6590291, 0.025904775, 4.187224, 4.3066435, 2.3282619, 0.62820107]

[4.166264, 1.6978673, 1.6792146, 3.9504266, 3.1423116, 4.9322996, 4.971524]
[1.7354659, -0.3661367, 4.6034155, 1.4107203, 4.279074, 4.2475076, 2.773604]
[3.9160645, -2.1103551, 0.47988158, 2.8792944, 2.651424, 0.06110593, 1.8745251]
[3.2115495, -1.4778944, 2.282933, 2.4734564, 0.42304733, 0.5423327, 1.9327931]
[1.3037366, 1.6011933, 2.5681837, 4.928025, 4.6713963, 2.30422, 0.50030357]
[0.13157962, -1.3446879, 2.1814406, 2.1909094, 2.3765385, 4.3608117, 4.632865]
[1.6439682, 2.308679, 1.5819467, 2.622903, 1.2991645, 3.485616, 3.3992457]
[0.8213375, -1.951366, 3.17411, 2.6104093, 4.0100064, 4.279697, 0.52786803]

 

Accuracy: 23.809525%