Final Weight Matrix:
[4.3665924, 2.7453284, 0.50058633, 0.4805246, 2.814398, 3.2873094, 0.8677253, 0.73423564]
[4.6174183, 3.6831446, 2.567514, 2.2433105, 4.629746, 3.503755, 2.9175615, 1.9010267]
[3.5946054, 3.5549307, 3.8177295, 0.8580345, 3.9621677, 1.5854964, 4.073854, 1.547687]
[1.002481, 4.1546574, 1.1674306, 2.5044105, 4.120551, 4.3027725, 2.2249165, 0.4195735]
[4.3710217, 1.9915354, 4.888658, 1.2634311, 1.5301526, 2.9821825, 3.8538888, 4.8387475]
[0.4521343, 2.9830055, 3.1347985, 0.62728256, 2.132603, 4.614863, 3.4826052, 4.690742]

[4.028712, 1.249511, 1.5349076, 3.0008883]
[1.3581021, 0.26646525, 3.62658, 0.6560224]
[0.15292409, -3.1817684, 1.3122014, 2.6246321]
[0.8958252, -2.2529485, 3.2801354, 4.355633]
[3.397087, 0.3026638, 3.0554028, 2.526259]
[3.8156703, -2.1339402, 4.748673, 3.5639756]
[2.9004989, 0.67224026, 0.8356899, 1.7579802]
[3.184781, 0.13718182, 0.6898097, 2.9624414]

 

Accuracy: 67.052025%