Final Weight Matrix:
[2.604468, 0.4545158, 0.42499304, 3.4635653, 4.4376616, 0.7113758, 2.308419, 0.76472163]
[3.740635, 0.29263735, 1.338039, 4.0995617, 4.934063, 1.8852371, 3.9676044, 0.24979144]
[4.243086, 2.5413654, 3.0821986, 3.1027737, 2.851176, 0.90319544, 0.5822462, 3.251177]
[3.856095, 3.060967, 0.5086723, 4.0670576, 3.1158352, 0.13231456, 4.4409065, 0.99986464]
[1.4451945, 2.4359694, 4.306885, 3.4620812, 1.5025654, 2.0588553, 0.08018881, 1.2087307]
[3.1121144, 1.4175522, 0.7572901, 4.2996893, 1.7974248, 2.3440566, 4.3640113, 1.4091986]

[4.0358143, 0.28838176, 3.8221154, 4.6252146]
[1.1391734, 4.2958555, 3.0984783, 0.59295]
[-1.3297105, 2.577301, 0.03049246, 0.28126395]
[1.8564621, 2.7786682, 0.1481997, 0.8458764]
[2.791158, 1.1657462, 4.6510725, 0.95026225]
[-1.2378249, 3.527715, 1.1363508, -0.5009881]
[1.561467, 2.763925, 3.6840577, 3.7105625]
[-1.7776023, 3.9671655, -0.16694945, 0.6416001]

 

Accuracy: 69.36416%