Final Weight Matrix:
[4.157419, 4.7080646, 0.05992353, 0.52864224, 3.1916463, 0.33999473, 3.0057251, 1.3590374]
[3.0935276, 1.6074532, 3.1588192, 3.5700574, 3.5946772, 2.3079648, 2.5381968, 3.2773664]
[1.7566079, 2.9966054, 1.0846412, 1.1678543, 3.8202782, 0.7369873, 2.6074717, 1.4437308]
[3.2279773, 4.785481, 2.9829323, 1.4365792, 1.0068979, 0.06618053, 2.7153378, 4.6449585]
[2.1021376, 4.248529, 2.6961758, 3.4532688, 0.9990871, 2.7291431, 1.6529319, 2.6477757]
[4.6642165, 2.8920927, 0.084185004, 3.5823653, 3.120259, 2.2410965, 0.3495267, 3.1267807]

[0.21579722, 1.6592638, 2.3580635, 3.3897686]
[0.65007454, 3.8070853, 1.38749, 1.5284259]
[-1.0181909, 1.3293614, 1.0889611, 4.242272]
[-1.1773226, 2.4725714, 1.3604616, 4.4670453]
[0.3036766, 4.493281, 1.7431704, 3.068395]
[-2.820271, -0.20109107, 0.5963448, 1.0042698]
[-1.6494277, 0.8658698, 0.4737103, 2.9149437]
[0.9887978, 0.40768665, 2.0491538, 0.1283687]

 

Accuracy: 70.52023%