Final Weight Matrix:
[1.4224341, 0.7581103, 4.0429325, 3.054949, 2.13693, 1.7979715, 3.307145, 4.151969]
[4.506442, 3.919932, 3.282909, 1.6995814, 3.7915804, 2.975738, 2.1744032, 0.6385678]
[1.1310792, 1.0801691, 3.0192275, 4.4556117, 4.638387, 0.21721065, 4.722451, 0.5478692]
[0.5706763, 4.5903115, 1.5579643, 4.663602, 4.0663705, 0.5237895, 0.7403141, 2.7452185]
[4.4441338, 1.1266255, 1.7627892, 0.6370896, 1.7790058, 0.4249522, 2.289921, 1.4553177]
[2.7061164, 3.9439585, 1.0287116, 1.7402816, 3.7634697, 0.22780359, 0.17990738, 1.005913]

[2.18695, 0.44981346, 1.3278879, 1.6359107]
[3.6437383, -1.219505, 0.048457842, 3.3103585]
[2.1803796, 0.90671194, 3.4036636, 1.7471519]
[3.6840336, -0.81343824, 0.2897414, 2.1701698]
[0.97847164, -0.052738573, 4.6701007, 1.6286502]
[2.1663713, -2.3138201, -0.4642003, -1.2301062]
[0.55412364, -1.4332229, 1.2218035, 3.0115645]
[0.9849457, -0.54148775, -0.4347415, 0.024952952]

 

Accuracy: 68.20809%