Final Weight Matrix:
[0.13375938, 0.6133622, 0.9709272, 3.9560735, 3.3943272, 3.6063123, 0.92526436, 1.8334907]
[0.73555857, 3.193873, 4.19278, 3.2225373, 2.125077, 0.16343117, 4.0530844, 4.37565]
[3.3922696, 1.4231529, 3.0541384, 2.0288687, 0.3332147, 2.4382849, 2.3607981, 0.27730644]
[2.8443098, 4.09955, 0.5568382, 2.574543, 4.298106, 2.1906147, 3.4040678, 1.3500915]
[0.7868141, 3.8654442, 3.8964877, 2.570728, 3.3727312, 1.8625238, 1.2591364, 0.15366018]
[2.1523225, 3.7130334, 1.2648946, 2.8404102, 4.391582, 1.1012855, 2.0157502, 2.9686973]
[4.6828113, 2.231023, 4.7487307, 4.4349165, 2.5430324, 4.4788833, 2.0747616, 2.0620916]
[2.986286, 2.4806795, 4.5882506, 3.0080748, 1.7983677, 0.81676483, 4.946376, 0.83756894]
[1.7936665, 0.6250617, 2.213217, 0.40116876, 1.5882969, 4.275255, 2.60143, 1.8176216]
[3.0584493, 4.951836, 4.2827454, 0.13500303, 3.9226675, 2.899322, 2.9408028, 0.7863462]
[2.8746457, 3.7279425, 2.4215975, 4.7798176, 1.5602136, 1.625838, 0.6169984, 0.83785534]
[1.9277384, 1.4034715, 3.4675434, 3.9794471, 3.1525705, 3.852234, 4.2671294, 2.5212097]

[2.1760347, 2.0238814, 2.8050923, 2.2206657, 0.4914603, 3.522784, 4.1820893, 0.7332035, 4.2996435, 1.4824125, 3.919047, 0.46546382, 1.2532806, 3.4860542, 0.6865592, 0.63682467, 2.9566507, 0.7667885, 0.01797352, 4.6859183, 2.2467506, 4.880387, 4.456506, 3.0841732, 4.0534844, 2.252741, 4.9677696, 4.0485196, 4.888409, 3.2985127, 2.0385349, 1.1081716, 2.149418, 2.8327844, 3.4696338, 4.2634726, 3.5383768, 2.5977848, 0.81649935, 1.2603322, 0.8386748, 3.9440484, 2.0561452, 4.845052, 1.9087418, 4.720851, 4.8776984, 3.2237537, 2.353708, 2.4263704, 0.7415265, 1.7291647, 4.868389, 0.9785916, 4.8731246, 3.0648787, 2.7891004, 3.45678, 1.9336939, 3.440232, 4.795523, 3.899069, 2.3072364, 3.8547282, 4.610135, 2.4104357, 1.8853248, 0.8753029, 2.0401628, 2.690025, 0.6090884, 3.44202, 4.790882, 1.5487808, 1.9633144, 1.6514624, 3.4455395, 0.36062583, 3.013607, 1.518501, 0.44262257, 4.3362784, 1.0908577, 0.7566953, 1.1268815, 1.1527493, 4.6290383, 3.4174075, 3.021229, 0.9035667, 2.8667507, 4.427489, 0.96192765, 3.550929, 3.8872547, 4.3628855, 3.4573038, 1.7458531, 0.5173483, 3.7575006, 1.2904594, 1.1948665, 1.3641666, 2.2145126, 3.0019891, 3.7817993, 0.0680946, 3.960651, 2.33226, 2.2374086, 1.9523399, 2.2990184, 3.279472, 3.3162978, 2.131207, 3.8724315, 0.816705, 1.3391854, 4.6612053, 1.0067958, 4.289118, 3.8625054, 0.3496004, 3.5323076, 2.0243144, 3.2390769, 2.4286737, 4.7851562, 0.93992555, 3.741112, 4.8077583, 0.76451665, 3.1966608, 2.075306, 3.1164365, 2.9398453, 1.4407357, 3.504919, 1.5631524, 4.694998, 3.0032969, 1.9515151, 1.0955244, 2.0386887, 0.66759336, 1.5934148, 0.22589944, 1.3589191, 1.1574618, 0.9247712, 3.0748832, 0.27123174, 2.0903165, 3.5086522, 4.5502977, 2.821051, 0.68182856, 3.6702955, 0.36912894, 3.6569073, 4.6524243, 4.4585996, 2.1014087, 2.1212945, 2.9721437, 1.1975268, 4.2094784, 0.7520406, 4.0293937, 4.0896955, 2.4835694, 2.1608193, 1.614366, 0.6187762, 4.7431884, 4.864967, 3.4006588, 3.1211712, 4.8683147, 1.2324703, 1.456979, 2.7284858, 3.9896975, 1.7039365, 4.8272424, 1.7400842, 4.422909, 2.846654, 3.2650087, 1.2507137, 2.4032075, 1.9980252, 0.6402613, 2.6502395, 3.9250803, 1.3545607, 2.439319, 4.059089, 3.5559628, 1.2804769, 3.301815, 3.0476613, 0.6570443, 3.564565, 1.9514401, 4.2066917, 1.2939895, 4.8727784, 2.915484, 4.5279317, 0.98321915, 4.710527, 0.66994077, 1.691702, 3.7724829, 2.9408813, 3.8582537, 2.7716522, 4.127934, 4.799184, 2.7472668, 0.91375834, 3.9358964, 0.08796264, 0.3059016, 0.27299827, 3.9297266, 3.4144096, 2.2895818, 3.3918095, 1.3256605, 0.043617748, 0.40617526, 4.5398364, 2.9906013, 3.734301, 1.0114003, 1.7783928, 1.490401, 0.40370354, 0.88099426, 3.0887752, 3.2433453, 0.20388019, 0.11671917, 4.5405264, 2.0077727, 4.7664356, 4.1434946, 4.8000693, 1.8861119]
[4.156948, 2.6814775, 3.1842535, 0.03782593, 2.5206416, 3.581017, 1.3241419, 4.940056, 3.3274224, 1.7098979, 4.9941864, 1.6070355, 4.104121, 2.764961, 4.1828814, 2.5258043, 2.6556768, 2.5753644, 0.13413885, 4.1902146, 3.456639, 2.099051, 0.13183846, 0.6903311, 4.0582175, 4.8467255, 4.148775, 0.5315715, 0.62024117, 3.7680426, 0.2986637, 4.9742913, 4.1367893, 4.590427, 3.1154642, 2.3457658, 3.8893323, 0.76720995, 1.5058693, 4.6963744, 0.21691544, 0.041606624, 1.3681984, 1.5444617, 0.3583485, 4.0665865, 0.8302333, 4.7144465, 1.1932138, 3.3061469, 4.4753785, 4.3772397, 4.2473083, 0.39035702, 4.4911323, 1.34354, 2.8514936, 3.2638826, 2.7301004, 0.54191494, 4.001063, 2.0867243, 4.4281054, 0.18532614, 4.3057733, 1.3979255, 3.5830708, 1.5151465, 2.8336592, 0.8569299, 1.4226093, 2.7941341, 3.717815, 2.8231747, 0.7341637, 4.4769053, 3.1129243, 3.9681165, 2.61878, 0.6136319, 2.7203488, 4.049742, 2.3719325, 0.6625331, 2.7284157, 4.743269, 3.3990705, 4.181162, 4.444519, 2.4116569, 1.8177575, 4.5100102, 1.3995602, 3.7964418, 4.0646105, 2.356398, 0.33856428, 4.2155075, 0.2918187, 2.6221673, 1.6824363, 3.420784, 0.48741263, 1.1925783, 0.6832277, 4.7764244, 3.7413669, 4.4926257, 3.282459, 0.041007172, 4.9033465, 4.2291527, 2.8934348, 3.5512555, 3.717544, 4.908221, 0.20491858, 3.411641, 3.3738225, 1.0291762, 0.48104334, 1.4338118, 1.1177727, 1.0859293, 3.132344, 1.5338025, 4.9161086, 3.400637, 3.9344852, 0.12843554, 1.1869689, 1.040556, 4.386254, 1.8638804, 4.3148932, 3.9514394, 2.4823909, 0.24165356, 3.5296903, 2.995573, 4.849584, 2.4957345, 0.57492936, 4.697732, 3.2180715, 0.32561395, 2.0967097, 4.4385405, 1.1743679, 1.3574312, 1.6070186, 3.8577669, 0.78634155, 3.7371597, 1.978741, 3.135489, 2.6300142, 2.4706306, 2.2619796, 2.3893075, 2.5041738, 3.4564672, 2.6300144, 1.3453859, 0.14675298, 0.43811873, 2.9415658, 2.5944853, 4.4632587, 2.550702, 0.5918498, 3.7114956, 0.014320776, 3.140001, 4.1936893, 4.7714396, 4.9290814, 4.0593996, 4.086266, 3.3814669, 1.999879, 2.5795414, 4.3227816, 3.995593, 1.1478996, 4.33754, 1.9015242, 0.4986174, 0.70670635, 0.41078836, 1.8050137, 3.1736603, 0.40648857, 2.9244158, 4.9153843, 1.677796, 0.27687362, 2.501127, 2.4568534, 4.787453, 0.16741446, 4.979041, 0.05205821, 3.8414226, 0.66434544, 1.2403725, 2.6794438, 3.1798437, 0.73498803, 4.218939, 4.0912123, 0.6927272, 4.0822525, 4.970058, 4.7752485, 0.8929453, 2.1179194, 0.051862996, 2.7565753, 0.13140373, 2.4201674, 1.0478165, 3.275977, 2.162691, 4.357391, 2.3434567, 4.505844, 1.0146542, 0.6934673, 2.4795804, 2.3920307, 3.6951425, 2.7702234, 0.6864847, 3.8083568, 3.6967425, 3.6399477, 3.6740625, 4.878219, 3.3729658, 1.8934157, 3.2806497, 2.1881108, 2.3775675, 3.8927119, 0.05531737, 3.2845163, 2.8231769, 1.2846215, -0.09586974, 0.048212666]
[0.9557587, 4.0058537, 2.8203268, 4.284599, 3.7890275, 0.488268, 2.208801, 1.1592253, 2.475165, 3.1988063, 4.6705065, 2.0917363, 1.2765841, 1.8674529, 4.809741, 0.7117354, 3.0746205, 2.9188468, 2.5571845, 3.2058337, 1.6935867, 3.7709692, 2.7459443, 3.0928645, 0.98233783, 3.0559843, 0.92483413, 2.4178953, 2.7505383, 2.1259673, 3.964205, 1.5171863, 1.860488, 2.4570134, 0.9874761, 1.9677635, 1.1656461, 0.5754015, 4.779237, 0.4109162, 3.2495563, 1.0515367, 4.3355503, 1.4856668, 0.8506734, 1.0972383, 4.2137394, 0.18127254, 4.7177186, 4.1487327, 0.8438496, 2.8716428, 0.68099505, 0.39230394, 2.4118352, 1.7512976, 2.9278898, 3.9696176, 3.5988107, 3.0136569, 4.756261, 4.98536, 1.0593027, 0.43480736, 2.663297, 0.13680704, 2.2736006, 4.7877326, 4.370314, 4.9104986, 0.10256057, 2.3361657, 1.8282404, 4.6673956, 2.0426006, 2.1936796, 4.9676385, 2.4841127, 0.72177553, 0.25939736, 0.9072738, 2.5308306, 1.6965171, 4.5195813, 2.9953752, 3.7553723, 3.7699363, 1.4194092, 4.4553967, 1.7977237, 2.9700751, 1.5444306, 1.9592671, 0.9606935, 1.2381299, 4.5290036, 4.9314227, 2.0533888, 2.686745, 2.2191727, 3.9540663, 4.350446, 0.48184234, 0.63427925, 1.870688, 1.6222713, 0.2972024, 3.0527587, 2.5793438, 1.6072205, 1.9984396, 4.11537, 2.18829, 3.0425456, 0.8468354, 4.434539, 0.53993875, 2.2092192, 1.6768833, 3.3863814, 0.39116207, 2.035881, 2.2554228, 3.3288314, 0.08561591, 2.9429884, 2.1462579, 4.6679006, 0.8161749, 3.1806903, 1.0158676, 4.577774, 2.1185062, 4.0187316, 0.9448765, 1.6605027, 2.0870886, 0.4417204, 2.0282576, 4.6164, 0.13134363, 3.1596882, 4.614747, 4.5753107, 2.7342641, 2.6404414, 1.416975, 1.8079858, 2.9841835, 2.2460594, 3.8164768, 2.806303, 0.2399783, 3.091463, 0.54584324, 0.88859826, 1.0867033, 3.2239559, 3.7866998, 2.7995121, 4.9877443, 3.4302566, 0.4118363, 0.67430574, 4.042769, 1.1816783, 3.1144629, 0.13857296, 4.0499854, 0.019111773, 2.7667928, 4.396745, 3.3471987, 3.669251, 1.0288703, 3.538284, 4.3254333, 1.1752977, 3.0553472, 4.969628, 2.6069949, 0.63599813, 4.7514663, 2.5304148, 3.4081905, 0.7422395, 0.29428846, 4.3337793, 3.7755105, 4.558325, 3.5265493, 1.0094337, 1.2970427, 2.6454835, 0.64706194, 0.68599945, 1.9018354, 4.744445, 0.085374415, 4.2103004, 0.4404351, 2.2566395, 4.0521173, 0.5435485, 2.2628434, 4.0201254, 3.2421832, 3.7572029, 1.3666073, 3.660109, 2.9205384, 4.0318694, 3.116111, 4.484269, 2.2029037, 2.5014782, 1.1429363, 2.096801, 2.3439662, 1.4081897, 4.002157, 2.2813635, 3.9397612, 4.2355895, 1.8228799, 3.2786272, 3.4175682, 1.6866133, 3.9621153, 3.8473508, 4.608218, 2.1530313, 1.2276183, 0.31874105, 0.53010374, 1.2318723, 2.0338573, 4.1342044, 0.3653192, 0.5356595, 4.4304724, 1.2844608, 1.0016755, 2.5222552, 4.749355, 1.5164745, 2.9286377, 2.073402, 2.6493294, 1.3713257, 0.78307825]
[4.5113177, 1.849578, 4.9010916, 0.97523224, 4.2056336, 0.7767302, 3.1089807, 3.9452307, 4.067107, 2.0122662, 3.7833812, 3.9511871, 4.1871586, 0.99586517, 0.7744475, 4.0252132, 3.1800008, 2.703108, 3.1312861, 3.441998, 1.4374784, 0.59981096, 4.463919, 2.987496, 1.127772, 3.9902081, 4.11028, 1.4011296, 3.6382382, 3.5703313, 0.8655536, 1.1267592, 3.032767, 3.4074461, 0.79450494, 4.9646, 2.0371907, 0.727189, 0.5580158, 4.0031857, 4.1092825, 2.256138, 4.309666, 1.4341607, 4.2402496, 2.5181472, 4.782214, 4.5617633, 4.211844, 2.9551284, 0.06616766, 2.6774082, 4.4028, 0.70539975, 2.997248, 0.80653363, 3.7749393, 2.9760892, 1.7934986, 1.6973968, 2.5224707, 2.0337062, 2.1560345, 1.6763977, 1.1937952, 4.6001344, 3.4114215, 1.9376512, 2.0600693, 3.7766323, 0.1570653, 2.9395986, 3.962128, 1.1996974, 2.0214314, 1.3122119, 3.475745, 3.1698158, 4.760278, 0.100987636, 1.6485144, 4.6362295, 1.723319, 3.528772, 0.36529744, 4.9560585, 4.894839, 2.3840299, 2.4860148, 0.17006709, 4.179717, 3.6142433, 4.820084, 3.7040117, 4.090297, 4.785833, 2.6506307, 4.550831, 2.4881787, 2.818952, 4.3033104, 0.01707807, 0.53375953, 0.040226623, 2.7515628, 4.9638267, 0.0658935, 0.30938384, 3.7979968, 2.5457578, 0.059334405, 3.2015433, 4.7482805, 1.2037313, 0.98239166, 0.14244112, 4.28133, 0.49175036, 2.3044152, 4.0509915, 4.5084925, 0.6971162, 2.4401298, 1.9583507, 1.5406227, 4.366845, 1.0107092, 1.3712815, 0.6331485, 0.99361205, 3.8499935, 2.896642, 3.1965134, 0.89134616, 2.5663931, 3.2883103, 3.587631, 1.9737124, 0.24580063, 0.8473983, 1.4267325, 1.3013657, 1.5766256, 4.6850085, 1.2186735, 0.25300062, 0.6640125, 1.0611236, 4.2030263, 0.705007, 4.4970427, 0.53074497, 1.6610665, 1.3102436, 4.421032, 3.668323, 3.9876473, 4.9296794, 1.1423982, 3.6473053, 3.352857, 0.26593286, 0.19534314, 4.173011, 4.941438, 4.917039, 0.08421961, 1.1225796, 3.2387726, 0.7098745, 4.17728, 2.5796416, 2.1601915, 2.842223, 1.9187456, 0.9769732, 4.5515385, 1.6912752, 4.553415, 3.9347548, 0.17825018, 3.081598, 4.5677266, 4.223864, 3.55907, 1.656845, 0.058296125, 4.5249863, 2.1252015, 0.5489386, 1.8417706, 2.7788577, 1.4242669, 4.297128, 0.44468418, 3.01889, 1.083054, 3.2444682, 0.70472497, 4.8536777, 2.0217443, 0.13194124, 1.0748974, 4.925024, 0.9175408, 0.5114286, 3.8585055, 2.6655934, 4.6863894, 4.2178373, 3.1769876, 1.7516977, 0.62178594, 3.1537118, 2.4969301, 1.3810824, 2.3264444, 4.49383, 4.717856, 3.0952246, 3.504463, 1.5131544, 4.321316, 4.029364, 4.927372, 2.2110856, 0.027811712, 0.5743867, 0.6841107, 2.5200298, 4.1382003, 4.0982127, 1.3849503, 0.18174224, 4.625309, 2.9156096, 3.0567682, 2.660044, 4.370863, 1.7891843, 4.4681516, 2.5129461, 1.8019731, 3.118233, 3.5097587, 1.9301683, 1.9649669, 2.556409, 1.2479281, 2.1983142, 2.7873025]
[4.2237806, 0.22976354, 3.3141894, 0.33646286, 1.9453335, 2.5940108, 3.9353979, 0.28996167, 4.0477533, 4.272683, 3.1912253, 1.2212743, 3.5269277, 2.3328116, 0.5495986, 2.1334863, 4.656735, 0.5949331, 3.808269, 2.4888406, 0.91158175, 0.0888152, 3.3305936, 3.8027675, 4.666625, 0.61637115, 0.1388722, 4.0455947, 0.5901022, 0.48594144, 2.8335102, 4.868706, 0.49632984, 1.5307913, 3.5275207, 3.378244, 3.0614371, 0.6124698, 3.3740137, 2.4287715, 4.429435, 4.989234, 3.6463034, 4.0003905, 1.1479493, 0.081668, 3.143213, 1.2590313, 0.6481085, 3.6778312, 2.3099446, 1.4012051, 4.6147623, 0.9117801, 0.8759307, 4.805064, 1.0835338, 0.19025771, 4.425405, 3.4156625, 1.4370966, 0.3363494, 1.1163005, 3.7936113, 1.5769068, 4.3629103, 2.875481, 1.7602043, 3.6039324, 3.581047, 3.6477504, 2.004731, 1.4277356, 2.9247403, 1.2819722, 2.967574, 4.347001, 1.0102948, 4.2051578, 0.5110142, 1.1793877, 3.4730024, 0.47216874, 0.77215075, 4.0487623, 4.6370306, 2.4986794, 3.631017, 3.69822, 4.075116, 1.8235172, 2.695649, 3.9213784, 2.950968, 0.32222846, 0.60295445, 3.1592166, 4.6081905, 3.0365014, 1.2883782, 4.737111, 0.07258374, 1.8402525, 2.9296308, 4.8220797, 1.653378, 4.380218, 0.3554748, 2.488119, 0.8210326, 0.11235196, 2.3278487, 0.61776286, 0.28726074, 1.1871328, 3.2736335, 3.9436536, 1.9116465, 3.674853, 4.029412, 1.6468265, 3.2824235, 1.2464002, 4.2935905, 2.4042737, 1.6024885, 4.1221046, 4.4153757, 3.835996, 1.3098111, 3.7340877, 4.801186, 2.8305101, 0.33727202, 0.85702866, 0.64338267, 1.7026378, 1.5509477, 4.4650316, 4.157637, 0.81056213, 3.5937057, 1.4806768, 3.4377074, 3.2237039, 1.6669508, 0.64659166, 4.9267783, 1.3994876, 4.860957, 1.9060353, 1.7689017, 0.24583958, 1.590294, 1.7070074, 4.1431003, 1.8874815, 2.0265985, 2.9282165, 0.8047888, 4.8889875, 1.5177042, 1.5060247, 1.2542403, 2.2225938, 3.644279, 0.77466124, 1.1932505, 1.4774878, 1.7088723, 0.9413394, 4.6057253, 2.358187, 3.4660876, 2.2752323, 4.3146725, 2.405236, 2.1743586, 3.9610617, 1.1191559, 3.3407223, 1.425532, 1.2996777, 3.941226, 3.3338635, 3.9808202, 4.0616384, 4.1812096, 2.4635792, 2.6744637, 1.5775106, 0.51096773, 4.6584687, 3.1306527, 2.745109, 1.7390091, 3.0177586, 2.7139044, 2.2904332, 3.8626773, 1.1605831, 3.0369706, 0.5560546, 0.7998673, 0.5081125, 1.5828309, 1.6835666, 0.2252573, 0.86456126, 2.4857593, 1.2217386, 0.7638068, 0.28038192, 3.0838177, 0.4663749, 3.0463488, 2.17372, 2.5438695, 3.8867798, 1.2065033, 0.6520344, 1.4924084, 0.94022286, 1.0254035, 0.13351974, 3.3849583, 3.3744493, 4.882585, 1.3040359, 2.722359, 4.5751667, 4.696411, 3.4347832, -0.048827298, 4.1448503, 4.772069, 4.607977, 0.67740315, 1.0028, 1.4049641, 4.113114, 0.20858268, 1.493535, 1.1543111, 3.7210913, 3.2864063, 1.1139408, 3.2260818, 3.3741753, 2.1771717, 2.7866602]
[4.3677588, 0.089131035, 1.635379, 0.9380087, 3.6076958, 3.2394097, 0.34788257, 3.3966417, 4.8357615, 0.024491813, 3.0629227, 0.86787075, 4.296104, 0.6824144, 3.8946805, 3.9180417, 1.3706162, 1.892646, 0.56659037, 3.8508198, 0.44113296, 0.59792554, 0.6703977, 2.9253364, 1.6299051, 0.4770118, 0.06037942, 0.51361805, 1.9932806, 3.9988005, 4.4194727, 1.5786419, 0.058701035, 4.199077, 3.8040566, 2.564786, 3.2387767, 4.344195, 0.020490738, 1.5464559, 2.2036457, 0.7583358, 2.0748277, 1.9504431, 4.8979836, 0.2016066, 3.9518313, 1.3942015, 3.9983332, 0.8454125, 4.8054633, 4.954108, 2.3935375, 3.6841202, 2.8859806, 4.2133617, 1.3937201, 4.154467, 2.6625867, 3.352299, 2.5527644, 4.1749105, 4.566564, 0.36763346, 3.1315706, 3.133415, 2.455448, 1.1535555, 3.9011521, 0.44213673, 1.4797177, 1.3875455, 3.9771297, 2.654745, 1.1330464, 3.8612294, 3.2678716, 1.9454756, 0.777548, 2.468734, 2.7404408, 2.472032, 4.675625, 3.762783, 3.4194636, 1.6630108, 1.9971966, 3.724448, 2.6636322, 0.019605584, 3.96052, 3.7588305, 3.089945, 3.3851943, 3.3977575, 1.935465, 2.7549255, 2.7358954, 3.5865517, 3.805071, 1.8540971, 0.580435, 2.568457, 2.461008, 1.4242967, 2.3097136, 1.6988295, 3.5458286, 2.9277008, 2.4443374, 2.624588, 3.1544158, 3.4273386, 3.0136483, 4.389345, 1.6256164, 2.2505584, 4.737461, 1.9266429, 0.009216669, 2.942134, 2.1003423, 1.9832954, 1.7350056, 1.7914417, 4.2991476, 2.2488787, 2.127862, 4.6928163, 2.8027425, 1.549283, 3.039026, 4.3030972, 0.97197294, 3.7242627, 1.3954303, 0.5494802, 4.2803826, 0.15196446, 2.2086136, 0.62440836, 4.74803, 3.2305954, 0.83762884, 2.3552973, 3.0301263, 2.1542532, 2.2546659, 3.8196425, 3.4995203, 2.9991965, 3.4086702, 1.1859647, 2.1235743, 0.50141597, 3.4517987, 2.1836362, 3.775314, 1.1415381, 1.9877825, 0.8868697, 2.3214083, 2.292943, 4.50757, 0.9348171, 2.3389397, 2.2842047, 4.591887, 1.9583503, 4.019102, 2.180479, 3.0593963, 3.711703, 1.0509789, 3.198, 2.8619761, 3.6505446, 4.4592304, 3.92597, 2.3441045, 1.9321102, 0.80650175, 1.2444504, 0.56776136, 4.573278, 2.1461453, 0.38632897, 2.2242277, 0.7340355, 2.8577013, 1.7631084, 3.4276297, 2.7163198, 3.9973066, 0.65961146, 1.0577818, 0.9006701, 1.9061007, 4.937049, 0.17047365, 2.6177056, 0.8256728, 4.229609, 1.1899672, 0.9870793, 0.68254536, 2.6923118, 4.8482723, 1.609292, 3.3278315, 2.326291, 4.736778, 3.6725783, 4.627429, 2.0464628, 4.4538403, 3.4462173, 3.478558, 4.3949585, 2.8435411, 4.228885, 3.386394, 2.8854456, 0.95991755, 0.6290874, 0.7916111, 4.044339, 0.61842483, 2.5687864, 2.5333533, 0.5304599, 1.4731898, 2.0374305, 3.179898, 4.491095, 2.7763512, 4.553777, 0.7492243, 2.6090114, 1.3732468, 0.54344237, 0.48691568, 3.2763696, 1.7516588, 2.7744489, 4.094101, 0.46819147, 2.1542695, 1.9291755, 4.1739354, 2.5592735]
[1.5111012, 4.3796463, 3.5940223, 0.7215743, 2.092797, 2.618297, 1.7820445, 0.91796035, 1.3069011, 4.5393443, 2.40258, 1.8896604, 0.7897697, 1.2539454, 4.94663, 1.9377335, 2.3124511, 1.0498583, 3.0092902, 2.7922666, 2.215376, 0.5829226, 3.8625884, 3.699812, 1.9638327, 0.54200035, 2.6348379, 1.6402711, 4.151481, 2.551224, 3.7444787, 2.0245264, 4.876854, 2.2828221, 0.40759245, 1.7518661, 3.8026123, 3.9885006, 4.912391, 3.612081, 3.441247, 2.3749475, 4.6305275, 0.90069604, 2.445409, 4.065414, 1.9415867, 2.6088831, 2.004381, 1.573168, 1.4054184, 1.801703, 4.044741, 3.9068289, 1.6343902, 4.769047, 0.036911003, 3.7090762, 1.9904705, 1.0921829, 4.235586, 4.4493866, 4.3503833, 0.37401304, 3.016526, 0.124295235, 0.7542106, 0.41093394, 2.6378005, 1.0754367, 4.2064447, 3.1667948, 0.6921896, 3.7014499, 4.687544, 4.7238436, 3.2510726, 3.2387805, 1.4289069, 1.2117981, 1.4020926, 3.3295019, 2.8037765, 0.7884378, 4.5413265, 3.9400609, 4.0132813, 3.392601, 2.1116877, 1.9418747, 0.5068683, 1.9222131, 2.9725823, 2.6984296, 1.2868451, 0.40164518, 3.1350245, 2.6885731, 4.442689, 4.335298, 0.92992425, 1.2205853, 3.7759526, 3.335171, 3.1220322, 3.989879, 2.6818252, 0.26897937, 2.3447711, 3.9148736, 1.917785, 4.9538, 4.2124166, 4.891355, 3.399817, 3.8438559, 1.9849797, 0.039126668, 0.9421723, 4.2242765, 4.1789966, 2.263832, 2.4399154, 1.8720844, 1.9242865, 1.1914943, -0.012186502, 3.4994214, 2.2686412, 1.1264553, 1.2005408, 4.4375243, 1.636585, 1.6336147, 1.3226725, 4.5776863, 2.4460037, 3.6396654, 1.2869421, 2.6824493, 1.239993, 4.9275827, 3.9202497, 0.45520747, 3.0413451, 1.0086108, 1.3355281, 0.40825552, 0.45408165, 3.0775316, 1.34932, 2.7858756, 4.0362926, 1.0356642, 4.162955, 0.4981265, 4.174352, 4.5966353, 0.18258145, 2.309817, 4.0126185, 1.5653728, 4.2051015, 2.5059419, 4.264309, 4.6170325, 3.4522808, 4.3614664, 1.1293817, 2.8262045, 0.7436038, 4.1897807, 0.43887085, 4.412502, 2.9774723, 0.1812609, 3.6411452, 3.243537, 2.017678, 1.2980973, 2.23059, 3.5174894, 0.36928558, 1.2380859, 3.257251, 4.9247966, 3.699, 3.0074725, 2.7730217, 0.89783627, 3.6841526, 4.1474466, 0.9114882, 0.9068434, 2.742914, 3.7002592, 4.4181886, 1.5797147, 0.44673577, 1.4854218, 2.842335, 1.7555865, 3.5189202, 1.0844536, 0.23463501, 2.4011793, 2.8276327, 0.90836024, 1.1263772, 4.149033, 3.7143183, 0.8062545, 0.12433623, 4.5915074, 2.231985, 4.3925962, 1.8123497, 3.581643, 1.2273598, 3.4530237, 4.651566, 2.1910493, 3.4520595, 2.7466536, 0.17438309, 2.5236661, 1.3565773, 1.3956931, 4.378945, 3.3662179, 2.7774758, 1.7561244, 1.7933209, 3.7226164, 1.1039944, 1.0953039, 3.2281017, 2.770796, 0.9101658, 1.8194176, 0.65019137, 2.3854394, 0.9319808, 2.5074244, 2.0242155, 2.8950377, 1.1906408, 3.3358343, 2.8120663, 1.3128067, 2.845566]
[4.380557, 2.4157202, 1.0434943, 1.332734, 0.85326165, 0.10408947, 4.0963717, 3.6272476, 2.5302448, 2.8552248, -0.02702969, 2.6421084, 3.3765616, 4.0722914, 4.1675634, 1.1242864, 4.508879, 1.6505905, 2.7693996, 4.483641, 0.17646797, 0.7286845, 1.9771508, 3.7028642, 1.7515646, 0.88298184, 4.8478894, 3.6003175, -0.03999841, 0.4482076, 1.0489901, 1.0199841, 2.5851912, 2.0239236, 0.5388232, 2.5054054, 1.5541441, 0.18717138, 0.5571262, 1.2127845, 4.158075, 4.536483, 0.29635555, 1.0247852, 2.331265, 1.5277116, 1.3054526, 0.27162716, 4.361132, 0.035233956, 0.69807845, 2.930769, 0.5907852, 4.870553, 1.241612, 3.331637, 0.5924552, 0.81869894, 4.1463614, 2.023793, 2.9049673, 1.891454, 1.1424516, 2.0698502, 2.5086594, 2.7273602, 4.305899, 2.7689435, 4.72593, 1.2718182, 3.809781, 3.6222284, 1.3586357, 4.8005157, 2.2962897, 0.7626483, 3.533621, 3.7672343, 3.8003283, 3.5737684, 1.4655308, 3.7912881, 2.1144812, 1.735112, 2.482439, 1.5376838, 1.856182, 0.099779375, 0.44258848, 4.4876933, 1.1647176, 1.2921396, 0.16781734, 3.2410676, 0.32936454, 1.1612698, 4.233812, 3.2286205, 0.32396767, 3.1536121, 2.6050699, 4.7487874, 2.58336, 3.350945, 1.7460955, 4.5627155, 3.4874246, 0.42761773, 2.2626276, 2.8623466, 0.16179055, 4.7782745, 3.9410524, 3.3329237, 4.436479, 2.8522646, 1.660849, 3.084142, 2.8788898, 2.8091474, 2.3352, 1.9681742, 3.8007374, 1.8462064, 3.8174827, 4.8573527, 0.94727635, 4.824648, 4.513802, 0.39465553, 0.4490592, 2.5883203, 0.96213853, 2.1730688, 4.6297917, 0.6994117, 0.070438206, 4.042849, 0.6099012, 3.0716984, 0.14756152, 0.05634256, 4.200189, 1.823718, 4.8954253, 3.0616057, 3.9523184, 0.40516904, 4.1545663, 1.6846441, 3.755621, 3.8290858, 3.8449051, 4.818256, 3.677435, 4.0492444, 4.8286505, 4.552531, 4.0398026, 4.6424537, 3.6011405, 3.7403114, 2.8389926, 2.1840167, 3.5773346, 3.370283, 3.4165342, -0.049382254, 0.44210505, 2.616688, 0.69697285, 1.5817491, 2.526505, 1.192801, 2.8718033, 4.6117506, 1.0499411, 1.7954339, 2.285874, 4.1282034, 4.512617, -0.00576737, 3.1954393, 2.1473837, 4.6079206, 2.2976792, 0.05542776, 0.51830554, 0.9941069, 0.96084434, 3.6215608, 4.554948, 3.5845196, 2.5102603, 0.3043908, 3.1374629, 2.6353366, 0.071870506, 2.3827078, 4.6969757, 3.2292504, 2.2763023, 0.7818626, 3.7581456, 4.6203036, 3.6041589, 0.07431963, 2.131618, 4.147859, 2.5130212, 4.6576114, 2.3670135, 1.4646351, 3.8350663, 1.6787212, 1.6686958, 2.935959, 2.716412, 3.8719618, 4.289002, 0.0054178336, 4.7026844, 2.6539998, 3.8889296, 1.11914, 3.7210162, 1.7709091, 0.7495605, 2.4338565, 3.008672, 3.5944996, 4.396694, 4.409807, 2.0038629, 3.9422326, 3.759031, 4.346808, 1.7308636, 2.8218086, 2.036144, 2.738823, 3.6431456, 2.5881355, 2.9066203, 2.9088783, 3.9829826, -0.2008249, 2.0423968, 1.1326131, 1.680239, 3.8138525]

 

Accuracy: 36.53846%