Final Weight Matrix:
[2.4696307, 1.3624495, 1.033116, 4.850431, 3.8953962, 3.851881, 4.1118784, 0.8129102]
[4.5813594, 4.688955, 3.1733403, 4.9126263, 2.0392802, 4.919037, 0.87982416, 0.016267598]
[4.0957503, 4.096564, 4.7118406, 4.897981, 1.9879758, 0.52973896, 1.9457874, 0.48600197]
[1.1908188, 2.2942235, 1.4086574, 4.0685205, 4.6991096, 1.9520807, 3.9906673, 4.103083]
[0.38164616, 4.527176, 2.1802678, 2.0702994, 4.70509, 0.9129894, 0.83441645, 2.7971733]
[2.648864, 2.6649828, 4.9448304, 3.2161121, 3.6260824, 0.21451086, 3.9458995, 0.63141316]
[0.1484716, 3.3576121, 1.7228434, 2.1351922, 4.3613153, 2.3583496, 0.71348935, 2.889348]
[3.2919583, 1.8667835, 0.6007904, 3.9998767, 0.14466405, 0.80589175, 1.0161092, 3.726016]
[3.506209, 4.4151373, 4.3186703, 4.751157, 1.249091, 3.2519178, 2.9908628, 0.29779673]
[4.909431, 1.4123923, 0.051876605, 3.488174, 4.6293983, 1.8224341, 4.406102, 4.6693783]
[4.472347, 1.7154938, 2.423708, 0.4611522, 3.2038858, 1.4205279, 1.7177194, 0.21126091]
[2.97315, 4.1588807, 1.9068704, 4.912905, 1.7928884, 4.538889, 4.7116475, 1.6474888]
[3.2002428, 1.9513264, 3.5506427, 2.3509912, 0.9558037, 3.7335947, 0.61699986, 2.390854]
[2.4085143, 3.177428, 1.4049578, 0.7007322, 3.0980973, 1.6110101, 2.711977, 4.311592]
[2.9929433, 1.5646579, 2.1034565, 4.188742, 2.255909, 2.6181064, 4.7386045, 3.625643]
[3.7075498, 0.88100284, 1.8146622, 2.7372682, 4.9082665, 1.1462412, 3.8925743, 2.1598253]
[3.5282483, 3.813561, 4.173726, 3.1115592, 4.01555, 1.4594209, 1.7608974, 0.85382044]
[1.4348886, 1.9450698, 2.86677, 1.0556483, 2.237719, 1.7402834, 4.3427744, 1.992651]
[2.9708014, 2.4931917, 1.2556851, 1.176343, 2.9469683, 2.110522, 4.2080398, 3.3283706]

[3.4224486, 4.80384, 2.797179, 3.3866713, 4.213307, 4.6113353, 4.9203863]
[0.93852913, 2.892946, 0.21232387, 0.08071662, 1.3353354, 1.2061021, 3.9788475]
[0.09243358, 3.4501092, 0.22627443, 2.7668107, 1.8668433, 4.042497, 3.6291018]
[1.9364307, 1.8420992, 2.8504987, 1.2048013, 0.44574073, 1.8526967, 4.688406]
[1.6816483, 0.43511197, 0.8165778, 2.1842854, 0.62249595, 1.8264644, 1.363197]
[3.7173207, 4.1643887, 0.720411, 3.0495083, 1.9502476, 4.198239, 3.597442]
[1.9942739, 1.9771997, 2.219038, 4.45991, 1.1846337, 0.8896555, 0.1398988]
[0.13123572, 3.4791677, 1.3827758, 0.17375076, 4.847644, 0.830829, 4.1743045]

 

Accuracy: 19.047619%