Final Weight Matrix:
[2.602869, 0.7744926, 2.5535698, 0.0350523, 2.3226774, 3.5301235, 4.2019444, 2.0730429]
[4.638235, 1.0945437, 1.1946172, 0.22305757, 3.1665394, 3.25662, 4.601489, 1.2523925]
[3.2255816, 4.2342916, 1.4734473, 2.109476, 1.705018, 0.76390386, 0.0551188, 4.1608405]
[0.72663486, 0.6557995, 0.26877046, 1.0970447, 3.1238823, 3.94217, 4.977539, 3.8068829]
[1.5551621, 1.8519396, 0.6790465, 0.3871718, 3.8190608, 1.9455423, 4.352839, 0.8580902]
[4.82243, 0.8933306, 0.60590714, 3.2564995, 2.153385, 4.414142, 3.9018905, 0.13755411]

[-1.2074116, 2.6321647, 4.0840206, 3.314307]
[-1.5199726, 1.5836945, 1.0537692, 3.9308994]
[-0.8236637, 0.6322151, 2.0834267, 3.667791]
[-3.3922715, 3.7287688, 3.8690376, 2.3800006]
[1.6960721, 1.2766267, 4.499588, 0.63389546]
[-0.24472445, 1.2986207, 1.0589268, 4.861518]
[0.32024145, 2.7602818, 2.4069808, 4.5969462]
[-0.13907361, 0.65401196, 0.44740233, 0.98370606]

 

Accuracy: 69.36416%