Final Weight Matrix:
[3.8586497, 1.4218464, 2.4778392, 0.13127506, 1.9559824, 0.40299088, 3.1880834, 0.34896493]
[0.11467606, 3.1097121, 1.1281159, 2.2190738, 1.0108457, 1.2556005, 1.9340351, 1.2167253]
[1.3772104, 1.8950334, 0.64715534, 1.4837712, 0.96858054, 4.5138807, 1.1746941, 4.038639]
[1.0243642, 0.11351973, 0.77200353, 3.2421598, 4.371398, 2.3167992, 3.9619706, 0.35776407]
[2.2895584, 2.3119612, 4.728755, 1.3517249, 1.7156857, 3.365861, 3.2893429, 0.4816866]
[4.0432663, 3.4634116, 1.020124, 1.3533467, 1.2690375, 0.41379303, 2.9126735, 0.510256]
[4.2043886, 0.06916314, 3.1721234, 1.9253371, 4.8983345, 2.4574206, 2.6249547, 1.0405141]
[2.8773532, 0.9817785, 3.545951, 2.949132, 2.691014, 1.9968301, 2.3747888, 2.521504]
[4.034677, 0.15941232, 0.802646, 0.46450377, 2.2034197, 2.8645084, 2.552969, 4.5998106]
[0.1946047, 4.718885, 4.2457666, 2.8009453, 2.6281276, 2.551005, 3.3623548, 3.6960986]
[4.0795703, 3.5934508, 2.0612783, 3.2119157, 0.036416948, 4.6577616, 4.4333067, 4.4835725]
[4.6836157, 4.820918, 4.4240465, 2.4099293, 2.122543, 2.0931067, 1.7502588, 1.9012072]

[2.5253758, 2.9873233, 1.5427003, 4.494979, 4.539944, 4.874122, 2.486766, 0.7906896, 0.071707845, 2.5856373]
[0.99771273, 1.8508306, 0.78335464, 2.4630928, 3.7224178, -1.0225158, 1.6325159, 0.5867709, -0.676092, -0.30506873]
[1.2891059, 4.9396014, 2.5289629, 0.69709146, 2.2959497, 4.090968, 2.1691594, 1.7142456, 1.0667355, 2.6729026]
[3.873993, 0.13130106, 0.85345346, 3.806942, 0.0050109364, 4.6087008, 3.631641, 2.9225378, 1.8024235, 0.014290497]
[2.9631557, 3.3957767, 0.16222575, 0.40151864, -4.0303916E-5, 0.93163013, 2.0998266, 2.8256812, 1.4853902, 2.4640634]
[0.5298472, 4.0905347, 3.1342058, 1.0175117, 2.1790094, 3.831635, 3.9851818, 3.1943715, 4.6130943, -0.09904498]
[2.2053084, 2.516054, 1.322277, 3.7827754, 4.228372, 1.74011, 1.6249635, 3.4640462, 2.0920055, 3.14872]
[2.408841, 2.2765253, 0.8934483, 4.7129397, 0.9269294, 1.5059893, 1.4135146, 1.2209152, 3.3163018, 1.3506663]

 

Average Error: 0.009614784