Final Weight Matrix:
[4.5790215, 2.5335624, 0.41875303, 2.3263998, 1.3347971, 0.1655221, 3.3723059, 4.6606855]
[4.241211, 3.9827561, 1.941126, 3.5295467, 3.5307822, 1.8149018, 3.19869, 2.5790346]
[0.34274995, 1.269382, 4.800985, 0.7865092, 0.9279993, 4.8579617, 4.8905478, 1.6810884]
[2.7390294, 1.5416467, 3.6100662, 1.0275457, 1.7248821, 0.7131779, 1.3042536, 1.8134406]
[3.087673, 4.143786, 4.8624687, 2.5711396, 3.8486977, 2.7486172, 2.042792, 3.5537124]
[0.21351635, 3.7837327, 3.0492876, 1.6534275, 1.3906109, 4.4027777, 1.3394219, 4.931205]
[1.0088751, 3.264907, 3.302678, 2.3331294, 1.9752791, 3.0045686, 1.4619336, 1.3647428]
[3.7234912, 0.021167397, 2.5470438, 1.8247354, 0.6132221, 4.910873, 2.719204, 1.9568923]
[1.3628256, 2.398071, 4.3821087, 4.743389, 4.026602, 0.29986024, 0.10192931, 3.3550377]
[0.18385768, 1.6089386, 3.8259559, 0.70679903, 1.7876759, 4.459186, 0.69588035, 2.4923327]
[1.9543157, 3.5608244, 1.605691, 0.23269415, 1.8640685, 1.6904495, 0.26870608, 1.65534]
[3.7242749, 1.2933421, 3.8991895, 3.8947415, 3.3261414, 3.0147533, 1.8502659, 3.4901953]
[0.3483069, 3.6023953, 2.303488, 4.255509, 3.039125, 4.7089405, 3.7016609, 4.7554436]
[2.891882, 3.5312202, 0.33367127, 4.181976, 1.1363087, 1.3280481, 3.799583, 0.8572155]
[0.35747856, 1.8027451, 1.9406929, 3.7672534, 1.9494615, 4.276764, 2.8502927, 3.4612083]
[2.8738606, 4.9401183, 4.3773847, 1.2315915, 2.8588004, 0.18112749, 2.8914843, 0.765979]
[1.6062498, 0.77637196, 2.238975, 0.85641384, 3.2171986, 2.2814565, 3.740494, 4.343337]
[4.165613, 0.28952122, 1.6577687, 3.2170396, 4.1019545, 2.818458, 4.903746, 2.8041694]
[4.2220616, 4.2160177, 3.4411929, 4.722906, 2.1523404, 4.9166956, 1.0750347, 0.9318203]

[0.3603435, 0.6933177, 1.4082471, 4.748512, 2.16223, 3.783021, 0.019094018, 3.3400705, 1.9545481, 1.261243]
[2.3015091, 4.4441, 3.4147656, 4.1327257, 2.4627328, 4.159892, 3.985723, 1.9135414, 1.429805, 1.6513197]
[3.9687583, 3.630737, 4.595246, 3.7340097, 3.2743945, 3.528319, 3.6328745, 1.2198086, 0.23796162, 0.7948097]
[4.9211016, 4.8118277, 0.5640601, 1.9363754, 2.2456346, 4.413774, 1.2395709, 0.2446752, 3.497986, 4.272314]
[1.2497388, 2.0829222, 4.494394, 0.03832058, 2.8285124, 3.3980541, 3.0461268, 1.9770865, 2.3196976, 3.2278304]
[0.15275411, 3.3672998, 2.0891795, 3.7238948, 3.019892, 0.95676804, 4.2554674, 2.8964133, 1.3491149, 1.9528915]
[0.8023706, 2.4338517, 4.495679, 2.7677336, 4.213721, 1.3349484, 0.13281211, 4.92142, 4.5738525, 3.0666587]
[0.650547, 3.523762, 0.81217164, 0.5660854, 1.7769067, 4.413497, 0.77472305, 1.7594601, 4.677755, 4.7982006]

 

Average Error: 0.071428604