Final Weight Matrix:
[4.798855, 3.4591289, 0.43266237, 2.230046, 3.645845, 1.3346674, 0.5123046, 2.845781]
[1.7157406, 4.3711357, 1.8618125, 2.0830705, 4.412738, 2.64084, 2.9421368, 0.8243853]
[4.9209857, 3.0380223, 1.9815034, 3.2793334, 1.1928016, 2.1291354, 4.192441, 2.8912303]
[4.7417507, 2.9313443, 4.4213967, 3.0406692, 1.5124466, 0.5462992, 2.226102, 0.65942913]
[4.4141297, 1.1816037, 1.3961506, 4.127117, 1.2399366, 4.507357, 0.2961409, 2.7495584]
[1.434375, 3.7082615, 3.1621206, 1.0021275, 2.6321945, 3.957069, 0.11804938, 4.243661]
[2.764882, 2.3223882, 0.39974898, 3.0885494, 4.3370266, 1.5683889, 1.2326572, 3.2780209]
[2.8123174, 1.6567256, 4.363101, 3.0690484, 0.8448124, 0.53866804, 3.200309, 2.603839]
[1.8501625, 0.56015044, 1.4007034, 2.818382, 1.466721, 1.2921653, 0.9829527, 1.4693639]

[0.21896014, 0.15575545, 0.36723062, 1.2129494, 2.8940349, 4.9089637, 0.21818623, 0.1998444, 0.16367431, 4.0637164]
[3.5481648, 1.8044834, 4.850416, 1.7878565, 3.2089314, 1.5429049, 2.7538822, 0.5077108, 3.479765, 3.4894493]
[0.06334585, 2.7984672, 2.8380246, 3.412329, 0.8141227, -0.35525256, 0.50464153, -0.24083972, -2.5150392, -3.9014485]
[3.0149567, 2.9004126, 0.1426267, 2.5741274, 2.5548065, 1.9655592, 0.5618216, 4.4803996, 2.073506, 2.302155]
[1.4937594, 0.90722686, 1.1802765, 4.7744665, 4.504681, 2.2399745, 4.082258, 3.782369, -0.31982437, 1.4496248]
[0.6898973, 1.4829807, 2.717087, 0.79885375, -0.10822977, 2.2282732, -2.301923, -4.7984014, -2.3336065, -6.362342]
[4.597742, 4.470458, 0.37025636, 0.606403, 0.77895904, -1.2661307, -1.3732681, -3.6153793, -7.47773, -10.02683]
[0.9999519, 4.05988, 1.563648, 0.3732875, 3.120404, 2.3712962, -1.023703, 1.0480658, -1.410027, 1.4012201]

 

Average Error: 4.404775