Final Weight Matrix:
[0.4475078, 0.5139369, 2.7333603, 4.846579, 3.4871626, 2.5256493, 2.4931943, 1.5493631]
[2.8064246, 1.1004931, 1.9975245, 0.6049624, 0.1747644, 3.2847705, 0.18014103, 2.8876545]
[3.2587585, 1.9351709, 4.4065757, 0.4327318, 3.0762289, 0.23351967, 0.16637653, 3.312035]
[1.3578286, 2.1614501, 2.0681407, 3.2917955, 1.4867991, 0.16963452, 1.1375167, 2.094426]
[1.0538048, 2.2179387, 4.2586856, 1.757021, 3.5181055, 3.8866603, 2.4819813, 0.52637935]
[2.3419065, 0.16276985, 3.3100593, 1.2277701, 4.672618, 2.102242, 3.6413572, 0.50747544]
[0.92726886, 1.9392574, 4.914568, 2.5829859, 1.8017834, 3.450003, 0.9866756, 2.5859532]
[4.4307985, 1.8433323, 0.16806632, 2.5884514, 3.8847728, 2.0186784, 1.612832, 2.4403737]
[0.46209842, 3.3448932, 3.3551283, 2.4830189, 0.44463426, 1.8294078, 0.8310962, 2.5499063]
[0.09355456, 2.5880506, 3.8211737, 0.8199972, 1.7047987, 1.3305602, 2.68359, 0.5908659]
[4.883922, 2.3493528, 2.2735033, 1.8205776, 1.7812417, 2.459195, 0.5038163, 2.9184175]
[1.6202724, 2.968421, 1.5065064, 0.20806909, 2.3042688, 1.0692391, 2.4037554, 0.34490466]
[1.3739111, 3.7820349, 3.8558893, 2.7348938, 3.868747, 3.5586846, 4.5807567, 4.3100486]
[3.298881, 3.8905575, 2.6525772, 0.3886968, 1.6227543, 3.341591, 3.506382, 4.4533005]
[3.8409348, 4.6646852, 2.5690236, 3.5695958, 4.121996, 0.4053986, 1.3845668, 3.5449207]
[3.6703572, 3.2608662, 4.0289807, 0.36750585, 1.3009721, 2.570044, 2.7478976, 2.7099001]
[2.703782, 1.5553274, 4.7863464, 0.43664187, 3.0417585, 3.2225819, 3.6985133, 3.887621]
[3.0381532, 3.3295116, 2.369536, 3.8637114, 4.357403, 2.2395074, 4.0940676, 2.5101986]
[0.48423827, 4.2438087, 4.334883, 0.8569783, 1.6493136, 4.5286965, 1.9294024, 1.4537418]

[2.6576097, 4.121817, 4.175775, 4.044941, 1.8460044, 4.1227837, 3.2694442, 2.4171174, 0.25893533, 4.3304744]
[4.294867, 0.66931134, 2.4905996, 1.0463675, 0.36372286, 3.0334015, 3.2803485, 4.616756, 3.6572466, 1.9697887]
[0.98788524, 3.2145784, 4.950772, 2.1279867, 0.29067913, 3.4985788, 1.6339396, 1.6481837, 0.3233297, 1.519214]
[3.4139519, 1.8395176, 1.9846622, 4.589108, 1.0212423, 4.3072433, 1.4963111, 2.817279, 0.081712015, 3.414393]
[4.330629, 2.439781, 2.5093706, 3.5244863, 4.851355, 3.033508, 4.991835, 3.9226599, 2.4526079, 1.2588851]
[4.5570707, 2.1454682, 3.1422913, 0.5882062, 2.198476, 3.0725665, 3.489516, 2.8418388, 2.3148026, 0.3429931]
[4.1154337, 4.690793, 0.41870585, 4.2796135, 0.14544624, 1.1815131, 1.2234659, 3.9364815, 3.6657968, 2.3318708]
[2.5360663, 4.689363, 1.6370443, 0.85778004, 0.81935114, 2.3675525, 3.4087553, 3.730669, 1.4925557, 2.8752568]

 

Average Error: 0.01058778