Final Weight Matrix:
[2.6406646, 1.8645904, 1.3028783, 0.80344886, 3.575996, 2.2029753, 0.4117319, 3.9426465]
[2.8114133, 0.69283247, 3.5933223, 0.96915126, 0.90598553, 1.376271, 1.0387304, 4.6536345]
[4.4786353, 2.6115456, 4.7574167, 4.520531, 3.001855, 0.8925578, 0.26043475, 2.2890778]
[0.3025487, 1.0484109, 3.2177424, 1.2571251, 1.2360742, 3.7818418, 0.6443742, 2.3845763]
[4.517743, 0.050519407, 2.1933901, 2.7108932, 4.3131986, 0.59336334, 1.8263497, 3.8390005]
[4.660056, 4.7374053, 0.2573663, 4.169838, 4.7009735, 4.5371766, 2.840344, 0.90224683]
[1.7140923, 0.86158127, 2.9097452, 3.1867929, 2.0197546, 4.58187, 3.365253, 3.2952685]
[3.5899816, 1.8733265, 1.5851786, 1.9361866, 3.984885, 3.4330287, 3.5907388, 3.497561]
[3.5616207, 2.2624757, 4.9948077, 2.759166, 3.5484128, 2.4586275, 0.3390789, 2.6054606]
[0.9285009, 2.107158, 1.3403392, 0.2462095, 0.34455955, 4.0503974, 2.6706984, 3.0640152]
[0.69937885, 4.6979327, 3.7319734, 4.2464347, 0.40759027, 3.6143155, 3.4481514, 3.005858]

[2.5384128, 1.8254682, 0.09196824, 1.2637895, 0.4007161, 3.3678358, 4.2353435, 2.890648, 1.560705, 4.8180165]
[2.9329464, 1.8051271, 1.2756021, 3.3947558, 4.47805, 0.64505905, 4.8363395, 3.718739, 3.657001, 3.3676958]
[1.3509687, 1.9345893, 2.096393, 1.4856209, 2.5688007, 1.9888127, 0.46743086, 2.9604661, 0.31351244, 1.7507796]
[1.5474198, 3.2355447, 2.073903, 0.08098915, 3.4823391, 4.1417093, 3.5171676, 2.4992986, 1.8839883, 1.9567767]
[0.5694004, 2.747938, 0.5131003, 1.971238, 0.25803635, 0.4105047, 1.5737469, 1.400924, 4.7026, 2.3938425]
[1.6882207, 4.3134756, 0.43269464, 1.2998756, 3.614568, 2.8503127, 0.56532264, 4.0234356, 1.2826203, 0.3923148]
[1.0810083, 0.8487602, 4.0752406, 4.7142863, 2.509115, 1.1369919, 0.23662154, 1.7241286, 2.8319986, 2.334093]
[4.2693977, 3.381182, 2.9201026, 2.0008938, 3.2694988, 1.9889122, 1.2841328, 1.5998763, 1.576887, 3.5307546]

 

Average Error: 0.0010164889