Final Weight Matrix:
[0.05091399, 3.837697, 0.5556315, 3.8594973, 3.1162765, 0.46563417, 3.530152, 3.6756487]
[0.61112314, 0.9517771, 0.45346856, 4.026531, 3.8037643, 1.1584997, 1.749574, 2.3665094]
[3.2921953, 0.046123862, 4.1468563, 3.9838257, 3.774649, 3.916917, 1.8934602, 4.974894]
[4.9691553, 3.9929829, 0.5295843, 1.1456499, 0.99004656, 4.4433346, 1.4041555, 2.5723648]
[0.20435363, 0.21933317, 0.5580604, 3.5486186, 1.1783817, 3.8592517, 0.9115273, 3.8519027]
[0.9143841, 1.4392161, 3.0270548, 1.1913216, 1.1271296, 1.0020039, 0.162251, 0.74654996]
[3.8564496, 1.5256641, 4.1730747, 4.417586, 2.618787, 1.0047203, 0.8242935, 3.7055926]
[0.51074624, 3.7275906, 2.660704, 1.6085372, 1.9611821, 1.8301415, 3.19311, 4.0033164]
[0.03406048, 0.6879598, 4.363678, 2.301169, 2.4889755, 2.4455805, 1.135647, 4.698526]

[0.3914584, -1.4572909, -10.056274, -25.67562, -45.52028, -68.52356, -93.49185, -128.5448, -165.2572, -204.01485]
[1.160432, -1.802597, -14.053173, -25.307922, -48.35233, -73.477936, -100.25277, -134.55367, -176.02586, -219.38776]
[2.2592194, -0.3089243, -11.660606, -23.126604, -38.176044, -59.66382, -84.068344, -112.20166, -145.2871, -185.09126]
[0.2517706, -1.5697412, -8.700244, -16.70539, -26.836975, -39.836693, -59.135357, -77.78656, -102.25927, -125.43666]
[4.0686064, -4.2165804, -12.667832, -27.376795, -47.620075, -70.5465, -99.99499, -135.43843, -171.5363, -216.28621]
[2.8896346, -1.8272492, -11.17847, -19.2296, -34.227978, -55.99738, -80.44644, -104.78575, -135.6358, -169.77203]
[3.3787296, -5.5417366, -20.890646, -41.50842, -70.04727, -100.144295, -142.41304, -193.0223, -245.13165, -306.55383]
[0.49754688, -0.22213545, -2.230111, -10.827064, -20.712774, -33.63884, -45.598953, -59.198135, -79.30512, -97.69235]

 

Average Error: 1.8643675