Final Weight Matrix:
[0.2375564, 2.3611941, 0.14151514, 4.60823, 3.029294, 0.7021621, 0.8180836, 0.8800414]
[2.0121217, 0.012573004, 4.1488795, 1.452321, 4.720774, 3.6288252, 1.0120845, 0.91872215]
[3.6698828, 4.635951, 2.2560725, 3.3914146, 4.029497, 1.806367, 2.7451625, 1.2131166]
[2.3907437, 1.2105775, 3.5888095, 3.0200987, 1.0941279, 0.5261773, 4.2796545, 3.8643637]
[3.9086113, 0.8796674, 2.6248116, 3.8770828, 2.382341, 3.4966426, 0.090625584, 2.3372629]
[3.3312407, 1.1201787, 2.5223374, 2.5863523, 2.1632674, 1.2107184, 3.3779817, 0.72868884]
[0.85571796, 3.2550263, 0.31505853, 3.5974553, 2.7904496, 0.99409044, 3.5767174, 1.8049512]
[2.5152254, 4.2030296, 0.48222363, 2.483933, 0.12479901, 4.508613, 1.9782436, 3.3535385]
[1.9570019, 1.0659907, 1.650121, 0.18957168, 3.869441, 1.2054414, 2.5259385, 0.46597838]
[1.521914, 2.1376443, 2.0841713, 1.574074, 4.9369564, 4.7232466, 3.9545057, 1.4710817]
[4.572809, 1.1858366, 3.1905568, 2.1029022, 3.224419, 3.5091364, 3.7054234, 2.3716273]
[1.1018369, 3.4071279, 1.4621037, 1.5504664, 4.332763, 2.0033698, 3.469709, 3.8025875]
[0.13617277, 1.2821212, 3.1752183, 3.1414933, 2.8343825, 4.5736957, 0.78442127, 0.7252756]
[0.35710067, 1.6701746, 2.6729846, 0.6423238, 2.6665158, 1.0111046, 0.8407721, 3.2993462]
[4.649147, 1.8737453, 4.2541075, 4.5320535, 2.1078424, 4.806028, 2.5494022, 2.6333573]
[0.003991723, 2.075482, 4.5282125, 1.5328422, 1.5818512, 3.6124744, 2.9523385, 2.4046495]
[1.3181195, 4.505262, 1.595067, 4.4593863, 2.2229216, 0.27734458, 4.271327, 1.660586]
[1.1436927, 0.92974454, 4.558624, 1.5594556, 1.7396992, 2.5631137, 3.2386985, 0.46573162]
[2.3788824, 4.5735917, 1.69635, 1.2605721, 1.6152213, 0.22432715, 2.869606, 3.4433434]

[2.2131133, 0.34509692, 2.974778, 4.325485, 0.78561306, 3.9504123, 1.8588994, 0.81913245, 2.3101168, 2.2153473]
[3.4836326, 2.688068, 3.6398256, 1.3029344, 2.4858532, 0.44460046, 2.4806733, 0.23643076, 3.4924822, 3.3422585]
[1.4524722, 1.0610468, 3.0030968, 2.9840777, 4.399379, 1.4779453, 3.918196, -0.6836516, 3.302674, 1.0395929]
[0.57836807, 1.5153702, 1.2045181, 1.388607, 4.2155128, 3.9401817, 0.71387094, 0.12580359, -0.8344445, 2.8423924]
[0.42528832, 4.267005, 1.445621, 2.0561721, 2.1040354, -0.25346982, 2.461886, 0.88734597, 1.3108077, -0.17338228]
[2.582249, 4.7460065, 4.1688457, 0.89533556, 0.07388088, 2.8017693, 2.1670222, 0.7498251, -0.91014916, 3.4105833]
[3.253525, 1.6181945, 3.720265, 1.1484873, 0.50778514, -0.17496127, 0.40349317, 0.628854, 2.174587, 3.1227183]
[3.1989548, 2.1906483, 4.09599, 3.3706653, 0.81866676, 3.1130807, 1.527791, 3.0768104, -0.05898273, 1.7146013]

 

Average Error: 0.1666667