Final Weight Matrix:
[2.6524577, 3.0518832, 2.21954, 3.9283288, 4.221304, 0.0573349, 1.7696407, 0.92500895]
[3.7276611, 1.9127986, 1.7546439, 2.495707, 3.925737, 2.764354, 3.8802812, 0.18804371]
[3.174491, 1.827296, 1.2354383, 2.154702, 1.0819966, 1.7512542, 3.0433419, 1.8845806]
[0.99499017, 4.9531097, 4.8112683, 4.7170215, 1.2653754, 4.17517, 4.5295315, 0.7544324]
[2.068907, 4.617911, 3.401799, 2.6001353, 4.9321647, 2.6354077, 4.629852, 3.7442887]
[1.5627182, 1.4026461, 3.180057, 0.6132269, 0.6727502, 1.9182658, 3.5825417, 4.6390033]
[1.1650717, 2.710503, 1.4668689, 1.9395626, 4.8173194, 4.2003956, 3.2326488, 0.709506]
[2.7882085, 1.6425812, 4.45578, 1.481328, 4.290102, 0.22367805, 2.0098398, 3.4423149]
[0.36417544, 3.3304386, 2.5596352, 1.7886388, 1.1754146, 2.2993069, 1.8852365, 4.111904]
[0.7601544, 2.4860492, 3.198295, 3.3813539, 2.9324458, 4.124756, 4.199534, 0.6847292]
[1.6389859, 4.8212967, 2.5315657, 2.3904762, 1.575568, 2.3045275, 3.6423225, 0.3025058]

[2.2989314, 2.1619358, 1.9817408, 4.0940657, 3.4206429, 0.14999445, 2.2004187, 1.3738683, 3.1300335, 1.5209938]
[2.3909366, 1.1134714, 3.2099564, 0.8357266, 2.6415808, 1.1922053, 0.43325892, 2.2451959, 3.2973428, 4.709939]
[2.4579926, 4.1281853, 3.7884693, 3.6164756, 0.46762866, 1.9702854, 2.1607168, 1.950158, 2.0005684, 4.155278]
[3.1828363, 2.6974492, 1.0336195, 3.2002702, 3.2670438, 0.15139565, 2.4847434, 4.241754, 0.49564293, 0.47276205]
[3.386412, 4.939577, 3.7495222, 3.468823, 4.446666, 4.5928454, 3.7115226, 2.582579, 4.5120893, 1.4265528]
[4.3644032, 4.206922, 1.3478135, 3.9598513, 3.3540604, 2.0023997, 2.5670803, 4.7981405, 0.64135593, 3.8736398]
[4.5380945, 2.551874, 3.8678062, 0.47906685, 2.7986608, 2.0090203, 0.62121826, 0.8915314, 3.6507144, 0.38249984]
[4.8519464, 3.0135746, 2.1403046, 3.0474095, 3.5457513, 3.1917038, 4.3973117, 3.0022926, 3.945296, 4.014898]

 

Average Error: 0.0032028884