Final Weight Matrix:
[3.4279563, 1.2308404, 3.4896917, 4.864012, 2.081873, 4.724986, 3.5152507, 3.9014778]
[4.7765164, 2.4310873, 4.4152164, 2.7667828, 4.155241, 2.928336, 3.9287028, 0.8792615]
[3.4569848, 0.5934122, 1.7905617, 0.42596072, 4.8326473, 0.54184616, 3.6958578, 3.4468818]
[4.7777615, 2.5061307, 0.6438464, 1.4449642, 0.1605919, 2.9957068, 3.0658588, 4.785184]
[0.079576075, 2.7904978, 0.629704, 2.0943167, 4.8604093, 1.0487356, 2.1500561, 0.34115016]
[4.218407, 0.15613735, 1.4449844, 1.7125096, 1.111635, 1.2674117, 2.041639, 4.140312]
[0.3182268, 2.1685674, 2.3305738, 2.856486, 1.8391663, 4.261165, 3.5328107, 0.52422106]
[1.9853733, 2.7947328, 1.8142706, 4.8243465, 1.4132988, 4.873907, 1.1493927, 4.2641783]
[1.4624903, 2.6809082, 1.3935977, 3.962894, 1.2859848, 3.9858823, 2.2198021, 2.1830904]
[4.3923483, 3.5870864, 4.5576344, 0.9939465, 4.107171, 0.31527698, 0.34867495, 4.129234]
[2.9605007, 0.652923, 0.40338695, 4.445862, 2.291822, 2.625619, 4.9749737, 0.38886666]
[4.190608, 4.202545, 4.11492, 0.16052723, 0.8412531, 3.0428622, 3.6602404, 1.3990563]

[4.0773873, 1.6088861, 4.7420573, 4.760402, 4.46049, 0.76340765, 1.3723078, 3.924508, 1.0554788, 4.3287463]
[4.043272, 0.909972, 0.66225606, 2.2969317, 1.3082417, 0.6961717, 4.018757, 0.58012974, 3.5618162, 4.0946913]
[3.6143808, 4.5713277, 4.8139825, 3.0037751, 0.9184564, 0.54776555, 1.2596663, 0.25587904, 2.7675116, 0.3418284]
[3.2011666, 2.1171465, 2.7886486, 1.9896258, 1.2608142, 2.8167157, 2.0451458, 3.3094132, 3.2238126, 2.8491187]
[2.8272924, 3.5464463, 1.7582936, 3.67411, 0.07512349, 1.9600163, 3.0487802, 2.449274, 1.1658278, 4.9518557]
[3.0485873, 0.4038271, 0.39571345, 0.45997113, 4.6899886, 4.1511173, 2.874128, 3.24113, 2.4811182, 4.4245534]
[4.8366756, 4.204553, 4.788246, 4.4695325, 1.7676047, 4.1737056, 3.2664106, 0.21913387, 4.4400754, 3.303532]
[4.791554, 3.2065053, 1.9405079, 4.145165, 2.8434849, 0.73011345, 2.7453907, 2.3148818, 2.7209623, 3.7096322]

 

Average Error: 4.1057696