Final Weight Matrix:
[1.3004556, 2.088807, 0.3493014, 1.6372313, 4.359862, 1.5752146, 0.29564738, 1.3982584]
[4.243829, 0.58148354, 4.2591767, 4.957817, 2.2553575, 2.0054393, 0.24570942, 4.1111174]
[2.65221, 0.5540627, 2.0450816, 1.9580731, 0.4750365, 4.0981393, 2.3192012, 0.45712054]
[4.142007, 2.876922, 3.8815455, 4.359428, 2.445502, 2.2803462, 0.4463929, 2.9055643]
[0.11160344, 4.9274178, 2.6922975, 1.928693, 0.037285388, 0.9820092, 3.378469, 2.234774]
[3.239554, 4.0398674, 0.2687639, 1.3611283, 0.29951304, 0.18731058, 1.0029811, 1.4806964]
[4.104863, 2.6925712, 3.7593234, 4.39174, 0.25716275, 4.230369, 2.478496, 1.1734325]
[0.96393615, 1.0600946, 4.675462, 4.2993913, 4.2571583, 2.4444916, 2.0089066, 4.276786]
[4.223653, 3.0912206, 3.0736785, 3.3521059, 4.6825395, 3.0719826, 0.54368794, 0.52030355]
[3.5611615, 3.5864995, 0.24092793, 4.1569586, 4.5932097, 2.920628, 1.8124545, 0.61895937]
[0.9583634, 0.84401846, 4.036584, 0.32426625, 4.997277, 4.6133227, 3.8804958, 1.2125427]

[2.1426973, 2.3180022, 2.0253356, 1.3332516, 0.0086446265, 0.9187315, 2.8462818, 1.2246206, 2.0552506, 4.391487]
[3.673247, 2.9955578, 0.105069585, 1.5742991, 3.393222, 4.7406197, 2.003243, 1.8021988, 4.1656446, 3.4425476]
[2.0645726, 2.2186873, 1.6604207, 4.4459324, 2.113921, 2.5066087, 3.9132867, 0.20910424, 3.925683, 2.522278]
[4.270997, 3.074705, 2.4747057, 4.652256, 4.220725, 1.3322852, 4.5073996, 1.410183, 3.4853935, 3.4314663]
[0.27932155, 4.3654113, 1.7474124, 3.5225844, 4.5771813, 1.2525059, 2.069356, 4.915102, 2.7223759, 0.28982276]
[0.8248144, 1.5088092, 0.7902753, 0.30800614, 2.9171484, 1.6610966, 2.155398, 4.439952, 0.14925905, 1.8390881]
[3.869224, 3.240076, 2.4520636, 3.928498, 0.36204687, 2.8813574, 2.4137995, 4.9112864, 4.3252387, 3.462402]
[3.5442705, 0.53106755, 3.2919266, 4.7974424, 2.9155684, 1.8742748, 2.2836337, 3.306336, 2.9757652, 0.6737583]

 

Average Error: 0.0026776546