Final Weight Matrix:
[1.1261481, 2.5770168, 1.4163905, 1.7536793, 0.47666013, 1.5143182, 1.5249014, 2.350465]
[1.8511679, 0.35798043, 0.24232209, 4.451124, 4.2692127, 3.9647472, 0.53724885, 0.9165451]
[2.4145212, 2.6308725, 4.060355, 3.8284447, 4.006934, 3.132609, 2.3577085, 0.58151215]
[1.366685, 4.6007786, 3.6750782, 1.4039326, 4.6896505, 3.3601139, 4.967312, 4.079511]
[1.0509267, 4.8807163, 2.861858, 1.0606148, 2.924609, 4.5994625, 0.77966243, 1.0835419]
[0.32048494, 2.558824, 3.0932858, 2.7886524, 3.8420982, 3.0803537, 0.20764261, 1.8091807]
[0.7420847, 3.306595, 4.342784, 0.81824183, 3.6446972, 2.69068, 3.8433638, 1.2469902]
[2.1050284, 0.93517095, 0.25165796, 0.83251864, 0.7407373, 4.544306, 1.5791557, 1.9870231]
[0.7943675, 1.8858129, 1.0679537, 1.7555994, 3.7299619, 4.304573, 2.822577, 1.0451183]
[3.7321641, 4.5010104, 0.5437881, 2.94783, 3.732983, 4.70814, 2.939879, 0.5782324]
[1.142607, 2.5643, 3.4124062, 2.5084648, 1.6860324, 4.3909874, 2.2000434, 3.8848255]
[3.3547642, 3.51971, 3.1570303, 1.7854152, 3.2586226, 3.556914, 4.7854705, 1.6263717]
[0.22099972, 0.98585397, 0.5306363, 0.1223734, 4.9941325, 2.2485528, 1.8855792, 3.7773504]
[1.4995992, 3.6650467, 1.6891134, 2.335527, 0.121950805, 2.9819312, 4.496032, 0.41360646]
[2.7269003, 3.5144103, 0.859839, 4.40525, 1.2446985, 1.2878156, 3.3089912, 4.0827665]
[3.68724, 0.0938043, 1.1835134, 0.39256334, 4.765191, 0.26655942, 4.998758, 3.1654336]
[0.5782759, 0.33449978, 3.7391732, 0.64582527, 3.4851696, 3.6079059, 1.2823405, 4.3321686]
[3.364763, 3.5828807, 3.790623, 2.950028, 4.2814775, 0.653162, 4.365947, 2.92881]
[1.615608, 0.66504896, 4.977091, 4.389238, 2.1452327, 1.9844005, 4.7760854, 2.8814697]

[0.32704383, 2.8910685, 1.511744, 2.342131, 0.15568078, 4.7138066, 0.117909886, 2.5025878, 1.8490207, 2.3716772]
[0.44875324, 3.2112396, 2.152801, 3.1160364, 1.0036359, 4.4007044, 1.0524151, 3.7556581, 0.73293686, 2.1984434]
[0.9713611, 2.4973977, 3.250302, 1.5491652, 3.301418, 4.512649, 3.0555677, 1.6823969, 0.1040107, 2.2279289]
[3.4588478, 2.4527497, 3.6284769, 1.1840308, 4.505755, 4.5280023, 0.5721265, 2.675893, 3.255415, 1.2662554]
[0.7484096, 2.6036391, 4.628882, 1.9637036, 2.600512, 0.3789538, 0.80099314, 3.6653697, 1.1938355, 2.9503822]
[4.7819004, 3.4992816, 3.41568, 1.1622661, 1.6569545, 1.2476808, 1.9058082, 2.6364632, 0.60985625, 3.72501]
[3.1173406, 2.0709472, 4.7317324, 1.2504888, 4.071554, 3.4577487, 3.0588288, 2.732428, 0.1088348, 4.92286]
[2.8278418, 4.4121013, 1.8654785, 1.1369312, 1.5875572, 3.3276682, 1.0146505, 2.0073824, 1.2586238, 1.8745973]

 

Average Error: 0.07142899