Final Weight Matrix:
[2.496978, 2.0331454, 4.605984, 1.0288324, 3.607659, 1.5265107, 2.9168773, 3.4479043]
[1.3223562, 4.9217014, 0.7984683, 1.9045057, 2.2004647, 2.6254597, 3.480801, 0.440166]
[4.5390053, 4.588366, 3.4940648, 1.4912632, 1.3651385, 0.9817204, 4.649595, 3.7532492]
[3.0316093, 2.69177, 3.3060775, 4.3660107, 4.1075664, 2.4842083, 4.7768297, 0.96438646]
[2.9443498, 4.1520767, 3.9963894, 0.5945575, 1.5350583, 4.0640297, 2.0749142, 4.1896334]
[3.0828643, 0.3095883, 2.13966, 3.110043, 3.8791676, 4.391364, 3.8600228, 1.9607317]
[3.5798712, 2.9547727, 4.4451103, 2.4127092, 3.9956222, 0.9525633, 2.3127174, 4.386832]
[3.897114, 2.5092702, 1.3810751, 3.649149, 2.7250748, 3.4398785, 4.3081365, 1.456579]
[1.2099288, 0.26344, 0.4789287, 4.356713, 4.8001194, 4.7778096, 2.0541751, 2.9542131]
[2.100604, 1.983214, 2.580707, 1.4175314, 4.6920385, 0.78294426, 3.11692, 1.6127765]
[1.2728534, 3.3875117, 4.338679, 3.0566602, 3.90501, 2.4082365, 2.9096532, 3.8081596]
[0.69208294, 1.9671935, 0.47531933, 1.0401406, 4.7459903, 0.75804085, 4.8750796, 4.309642]

[1.150688, 4.3284793, 4.559002, 4.365522, 0.16766474, 4.041741, 2.6518228, 2.3488553, -0.48594797, 2.4869452]
[3.4366457, 0.814587, 3.3834686, 2.530634, 1.6664481, 0.06839904, 0.8196265, -0.26989534, 2.0145385, 1.0264845]
[4.417424, 0.12928969, 4.1639557, 0.88795, 4.080081, 2.777758, 0.5065408, 4.0558815, 2.235824, 0.3041413]
[3.007198, 3.972136, 3.7881703, 3.354935, -0.410352, 1.7906951, 1.6044415, -0.9320352, 2.499041, -1.0131022]
[3.425273, 4.162053, 3.5280366, 4.9491434, 4.6499314, 3.3712807, 2.9758036, 1.3001913, 4.265112, 2.6143367]
[3.8997633, 2.2150877, 2.3117032, 0.71240115, 1.6087807, 2.2713857, 2.775044, -0.36782598, -0.89227855, -2.0048618]
[3.7027462, 0.04234043, 4.788344, 0.7370776, 3.710827, 3.0968688, 2.5981724, 3.9678738, 3.3786325, 0.57816887]
[4.6377206, 0.091355965, 1.2201405, 4.491486, 2.09249, 2.9010653, -0.035157055, -0.75753176, 1.8565196, -1.3806695]

 

Average Error: 0.009396293