Final Weight Matrix:
[0.98421484, 3.4513526, 1.0135629, 2.654278, 1.7380211, 3.8476799, 1.2293568, 1.831217]
[3.7639437, 3.578435, 2.3040721, 3.72013, 2.5737407, 1.8456644, 3.3258173, 3.190539]
[0.061641037, 0.44068784, 4.9531837, 2.6161468, 3.2793217, 0.6135702, 0.8542681, 1.4356568]
[2.354865, 0.9339759, 3.3201475, 3.8318448, 2.5336676, 0.13082385, 1.846351, 3.5116596]
[2.6667025, 1.5162132, 4.379998, 1.6622016, 1.9042331, 0.9798902, 4.0685463, 3.9951863]
[4.9071784, 3.122567, 1.0125375, 3.9159262, 1.928075, 4.0837603, 4.466363, 0.19269317]
[4.581381, 0.23226231, 2.5981097, 4.6298037, 0.7891959, 1.6101921, 2.715324, 1.6248038]
[3.1020107, 3.8558075, 1.3944411, 4.7193046, 4.5315323, 3.0424843, 2.277335, 3.3274448]
[3.9489331, 1.2437063, 1.1815097, 0.3794676, 1.5799644, 0.71442336, 2.3268473, 1.174869]
[1.8294516, 3.931182, 2.830367, 1.9650823, 4.580971, 2.6861448, 1.5332935, 0.7353395]
[3.8104053, 0.3281772, 4.7770133, 1.0254982, 4.2200646, 2.6979969, 4.964601, 4.007168]

[3.1168082, 4.439852, 4.8637896, 0.14666268, 2.7244036, 2.0802703, 3.3099194, 0.74921954, 1.9194431, 3.4571843]
[3.6491864, 4.263839, 4.220786, 1.92568, 4.2194633, 3.0317066, 3.985611, 3.9157217, 3.074186, 3.1359625]
[4.9709573, 0.5161105, 3.7790859, 3.0272062, 1.4636614, 3.7826607, 3.3595119, 2.7978125, 3.7952993, 1.0081173]
[2.085327, 0.08138263, 2.4912074, 1.4200339, 0.009507392, 3.7654715, 1.680422, 2.6587055, 0.4020694, 3.5419443]
[2.5147915, 1.586408, 2.2406948, 1.1386151, 4.559706, 0.30050054, 3.6434479, 2.9079068, 2.3858275, 3.7194803]
[3.3850567, 0.66934276, 4.9257913, 1.839198, 0.6908535, 1.2741407, 0.3772637, 3.6043794, 3.505596, 1.2083353]
[0.64178336, 1.4237337, 1.8004811, 2.4243312, 3.2259424, 1.1399207, 4.189852, 2.1560476, 3.7108605, 2.4282472]
[1.2531927, 0.15991518, 3.1716335, 4.30111, 0.2450268, 4.6439023, 2.4865198, 4.0996046, 0.43831417, 1.8716477]

 

Average Error: 0.003056132