Final Weight Matrix:
[4.3682995, 1.033797, 0.027109385, 2.219347, 4.378552, 1.865471, 1.0162201, 1.6081756]
[1.9833586, 3.6539383, 2.4623756, 1.0566411, 0.8364707, 0.3240618, 2.1421237, 4.5582542]
[1.112858, 0.79450786, 3.0984685, 0.6562686, 1.1497098, 2.2009706, 3.5053926, 0.8515465]
[3.5317693, 4.975912, 3.643255, 4.204433, 3.3876858, 2.3027558, 0.7050666, 0.95292985]
[0.18856376, 2.8491383, 4.930603, 3.4224331, 4.9545364, 2.8654792, 3.589172, 1.5847349]
[3.3442335, 3.4158344, 0.849663, 4.76654, 0.067861974, 3.4075654, 0.53846866, 3.2817066]
[3.6977398, 4.190039, 1.0953033, 0.12870312, 0.59921294, 0.30142397, 1.8003064, 3.4579225]
[1.0466158, 1.7232275, 0.122653544, 0.765658, 0.8782786, 0.036773086, 1.0939298, 2.846538]
[3.3644822, 0.71217865, 2.1545534, 4.458424, 3.4738758, 1.4620652, 0.3775236, 3.5882678]
[1.9164648, 1.9882867, 2.2127523, 1.7098302, 3.2822042, 4.3851514, 3.4924855, 4.6908007]
[4.1790338, 4.047275, 0.92204124, 2.1246397, 1.4764855, 4.790297, 0.3818512, 0.0588876]
[1.8825243, 0.4198873, 1.2710631, 1.9849958, 4.001966, 0.5858797, 4.7174997, 0.8036265]

[3.452076, 1.1017754, 3.5897803, 3.404605, 1.2888201, 1.1643744, 3.965131, 1.9468287, 3.3208072, 0.29334253]
[0.8670534, 4.6027966, 2.1710064, 4.830667, 3.137956, 0.23188521, 1.6564801, 1.6758415, 4.4398265, 3.4076245]
[3.566512, 2.191045, 2.2526326, 3.4362693, 4.0606833, 1.8514366, 0.92831475, -0.8027381, 0.77992654, 0.94952464]
[1.1792661, 1.5991057, 3.0424278, 1.1156574, 0.27616483, 4.3603687, 1.3063171, 2.8185809, 4.300235, 0.49412224]
[0.1276085, 3.0730805, 4.0694995, 2.3209798, 2.2996194, 2.1647966, -0.38663214, 1.3132156, 0.9038844, -3.8664017]
[1.3891338, 0.50000465, 1.346099, 0.4765835, 0.32555985, 1.7907256, -1.6492496, 1.7076671, 1.1532944, -0.27241218]
[4.935918, 3.1798701, -0.24826846, 1.9051962, -2.0284965, -3.1958404, -5.0984154, -8.177553, -11.02781, -12.72452]
[4.628155, 4.574512, 1.5881798, 3.5351658, 4.1505694, -0.009589497, 2.9671874, -0.12732838, 4.169354, -0.33929878]

 

Average Error: 4.355769