Final Weight Matrix:
[2.4460506, 4.7270236, 0.72897494, 3.5666213, 3.4826612, 3.8886623, 2.56635, 4.145075]
[2.7824166, 2.689463, 4.7332673, 3.103964, 3.7705922, 0.34776717, 3.2576423, 0.69594234]
[0.8382529, 2.9114234, 0.059570372, 0.41964173, 2.27252, 2.1239471, 2.1422067, 0.5293685]
[2.029805, 4.0688014, 0.25429368, 2.835487, 0.16127169, 4.8407745, 1.2190944, 4.8012633]
[3.4426787, 1.1214131, 2.8942742, 4.547377, 4.181656, 2.0385323, 2.472415, 4.0184164]
[1.0449481, 2.5532951, 0.955756, 1.7083433, 0.9147927, 3.8432035, 0.7478085, 0.5866957]
[1.424192, 3.502194, 0.45827955, 2.2073662, 3.6902297, 4.6421022, 2.9789844, 4.0509133]
[1.4458337, 2.2008846, 3.372904, 1.4739645, 3.9245605, 4.505673, 4.0452347, 4.880408]
[4.469405, 0.73206127, 2.406228, 3.9443552, 1.4826479, 3.6897225, 2.8660405, 2.6006534]

[3.2727623, 1.6249545, 0.78230834, -4.774007, -11.923935, -13.530365, -24.995686, -33.402786, -40.404453, -52.828564]
[3.2027392, 1.6702894, 1.2704072, 3.3718739, 1.5404116, 0.028680086, -2.76188, -1.5689676, -1.6315494, -3.3377402]
[0.41190392, 0.38957524, -7.058872, -16.72431, -33.61847, -49.032364, -70.67087, -93.83715, -120.369156, -151.62111]
[2.4330692, 3.9834766, 0.14961642, 0.49947786, -2.1863563, -0.387717, -6.8012676, -5.7046113, -8.543913, -11.314166]
[1.6990321, 1.453217, -1.1953609, -0.9351027, -1.3108377, -6.941959, -8.956772, -11.760685, -12.695847, -17.918488]
[1.1472396, 4.3814907, 4.108894, 1.0479842, 4.2505074, 1.5914178, 1.3454086, -1.4365591, -0.80527663, 1.6857364]
[2.2686744, 0.14663899, -1.4013526, -4.639078, -7.350837, -12.0983095, -14.063104, -20.280876, -26.339043, -37.302597]
[2.547745, 1.535211, 0.410617, -0.18119138, 0.025676012, -1.7348635, 0.8997266, 0.24118638, -2.0652483, -5.917717]

 

Average Error: 2.9754598