Final Weight Matrix:
[2.466347, 2.5779524, 3.1967053, 4.823466, 1.475853, 2.4520037, 1.7879214, 3.6454377]
[3.0209515, 2.8299456, 2.1793504, 2.4758883, 0.10880917, 1.1204073, 1.3484921, 2.0581279]
[4.06821, 2.5011609, 0.34838706, 4.8711643, 3.5212064, 0.2765724, 2.220889, 0.6144434]
[2.2793105, 0.19222587, 1.791451, 1.1539779, 3.1717248, 1.7139361, 4.7946105, 1.6649053]
[2.4208255, 2.6144986, 3.4228034, 0.47706872, 3.8975742, 4.471526, 2.3322108, 3.066425]
[0.593369, 1.6302333, 4.43768, 3.729036, 0.69004446, 1.6082543, 1.2470164, 1.3599524]
[0.27924776, 4.863362, 1.7389715, 0.96078366, 1.7373774, 3.8727942, 3.7979505, 1.6823044]
[4.9919834, 2.913888, 4.3539696, 2.4276378, 4.9873137, 4.134554, 0.7138312, 0.9937531]
[2.9660943, 3.0692291, 0.13722599, 4.001073, 2.2052968, 1.8172243, 4.7409453, 3.1804872]
[2.3772743, 4.5474463, 0.9901476, 0.07214248, 0.13419628, 2.7336278, 4.745397, 3.5998428]
[0.041127205, 3.730166, 3.4187703, 3.9681354, 2.8975508, 1.6590378, 3.7956789, 1.6762516]
[2.402856, 4.547079, 4.498222, 2.3346317, 3.2307148, 2.6999002, 3.6011062, 3.2271302]
[4.9008303, 4.159272, 4.215706, 0.897055, 2.4729168, 1.0158417, 1.788199, 4.3004804]
[4.463703, 2.3552341, 3.7234128, 4.5089746, 0.5081311, 3.7350817, 2.7597961, 0.43976218]
[4.983758, 4.6212435, 0.24857461, 4.418832, 2.0037892, 2.966848, 2.3006237, 4.456632]
[2.0984302, 3.676934, 3.279964, 0.2424261, 4.363747, 4.659116, 0.66824496, 1.9884338]
[1.5074418, 2.3771954, 3.1784453, 3.2154026, 0.7855472, 3.6759615, 3.6397572, 2.3448691]
[4.354767, 2.2731638, 2.5437632, 0.91816753, 3.691912, 2.8760705, 0.8722946, 2.4070559]
[3.9126298, 1.7979064, 2.510575, 1.8150475, 4.5925193, 2.162385, 0.9793535, 3.6322377]

[4.919012, 0.9965107, 0.6437993, 0.6301892, 1.1245131, 2.4426281, 2.9251342, 1.5386766, 0.4406485, 0.9556386]
[4.256675, 2.794604, 0.6188205, 4.1914077, 3.6955547, 3.397815, 1.0602436, 0.60420483, 2.7844965, 2.9419289]
[2.0442328, 0.83682954, 2.717277, 3.2445784, 2.5196586, 1.3546922, 0.3128144, 3.704882, 4.5923495, 3.5080256]
[4.1650367, 3.7317238, 0.6900677, 1.1337239, 4.4809475, 1.8700686, 1.4838526, 0.7747358, 4.1227593, 1.8004391]
[1.8855941, 3.7108479, 0.7599935, 4.285691, 1.800222, 4.886051, 0.5453948, 4.6169224, 2.0886931, 1.8761135]
[1.5390799, 0.7848945, 1.2748861, 4.672654, 0.10609418, 3.7334785, 0.61356306, 3.939854, 2.544416, 0.7868862]
[0.013922453, 4.715374, 2.3072987, 3.972682, 2.0981045, 2.232185, 4.8627944, 4.16863, 1.0588229, 0.6025922]
[2.6845102, 4.1044855, 0.48548818, 4.765118, 4.24449, 0.46183974, 3.5524573, 1.1000206, 3.5379486, 3.9886415]

 

Average Error: 0.16666667