Final Weight Matrix:
[2.6104105, 0.12946934, 0.9970537, 4.8157964, 4.4053364, 3.1069427, 4.445941, 0.9415221]
[2.6258469, 2.8445172, 1.7351983, 4.26656, 0.3951013, 3.1721463, 0.8512035, 1.8384507]
[3.6110635, 2.068492, 3.0852602, 0.7745606, 2.6432962, 4.75823, 2.2057116, 4.215294]
[3.7781315, 0.2663195, 1.0226634, 3.674482, 3.6845055, 3.7841368, 3.4892428, 1.107204]
[2.9782395, 0.8436826, 2.1409166, 3.0803432, 2.4168067, 2.6190634, 1.231183, 0.2311346]
[4.1613445, 3.5707653, 2.0625832, 3.8520117, 0.27782142, 3.0250607, 1.1240783, 0.7049924]
[4.422773, 3.3111138, 3.0702674, 2.695053, 3.7570584, 4.450421, 1.8586156, 4.609496]
[1.1679318, 4.5612564, 1.4948732, 0.9398556, 0.047683418, 2.5745132, 0.5244288, 3.665719]
[1.1967919, 4.292086, 1.3017243, 1.507859, 4.9894757, 1.5057147, 4.0275636, 1.4038382]
[4.1865687, 3.8495967, 3.8746915, 4.06591, 3.7096188, 2.3162987, 0.23813576, 3.332393]
[2.1340334, 2.2204304, 0.21430641, 2.3941505, 4.529109, 0.66163063, 2.0006528, 1.7824063]
[2.8081474, 2.796783, 0.63789904, 2.5485387, 0.76993674, 2.0757425, 1.7146816, 3.2969964]
[3.1592064, 3.8855734, 3.5981264, 4.4859867, 3.0718417, 0.16132921, 3.9249694, 4.6646624]
[2.9324656, 4.5983844, 4.420827, 3.4382935, 1.707319, 0.29944927, 3.2478366, 3.9532032]
[4.442195, 2.431524, 1.6039491, 0.4704365, 4.169686, 4.6926723, 0.0045982003, 0.1912719]
[1.5763905, 1.7996752, 2.8163857, 4.339476, 3.0013993, 3.5251591, 1.1329657, 4.6658616]
[4.622878, 4.021936, 4.888855, 3.9822178, 2.4284604, 1.7741245, 4.3038325, 3.1565526]
[2.4342785, 3.7756667, 1.8985432, 2.7029583, 4.8716035, 1.7393625, 3.683529, 1.8111384]
[4.7823496, 4.8314033, 2.9150453, 1.4070454, 4.8161206, 2.6709943, 1.4505959, 4.7822957]

[0.4914382, 3.9612045, 1.0972097, 4.0316544, 2.8395414, 0.9703246, 0.0013032556, 4.1912403, 1.0863171, 1.2731466]
[3.6088114, 3.6620858, 1.8200284, 2.3146596, 0.7595992, 2.4618616, 0.24141341, 2.866283, 2.2555528, 2.6900651]
[0.47822595, 0.71418226, 1.6448607, 3.5776114, 1.2764627, 2.6232424, 2.8367052, 4.7699347, 1.4414403, 3.947444]
[1.5447702, 3.3534584, 3.3078659, 4.1617293, 1.9517806, 0.25928766, 1.9614011, 0.04176259, 1.5908303, 4.3865185]
[1.4355454, 1.4515555, 3.4059408, 0.29251665, 0.26549786, 0.4657963, 4.640482, 3.9515054, 2.521844, 2.3704216]
[2.41742, 2.6289055, 4.2762623, 2.4837852, 1.1324778, 2.7409248, 0.70202947, 3.5195284, 4.546059, 4.941314]
[2.0949974, 0.6844285, 1.4011163, 4.0149984, 0.75521463, 1.9491907, 2.6341224, 3.2671616, 0.2128479, 1.0421001]
[1.6101327, 1.4225644, 2.860017, 0.054986477, 4.078883, 4.930337, 0.8862245, 4.994069, 2.6984887, 4.4817677]

 

Average Error: 0.0714286