Final Weight Matrix:
[3.1561456, 2.691127, 0.87979287, 0.7932073, 2.6680696, 0.78902483, 2.258892, 2.2462914]
[4.3916492, 0.6524056, 1.3722342, 4.2461705, 4.760214, 2.3551736, 4.660305, 1.1731479]
[3.428236, 4.171786, 2.5104184, 1.252051, 1.1865749, 4.7720046, 4.039339, 1.8795326]
[4.351815, 3.9029443, 3.296873, 2.2013516, 2.7579117, 1.6124964, 1.0988543, 4.535535]
[4.2971783, 1.5973055, 3.8151171, 1.3356946, 1.2318254, 1.3931427, 1.1517358, 3.2239938]
[0.43484896, 3.0385313, 3.617786, 1.8448064, 4.6061687, 3.2223809, 4.499144, 3.687965]
[3.9608002, 2.2272227, 2.7724223, 2.785347, 0.09289682, 2.6711736, 0.18124104, 3.1177]
[1.7032197, 0.86933255, 2.31802, 0.39193034, 1.736624, 2.8298843, 2.863705, 1.41516]
[4.6372337, 0.4883936, 4.444964, 1.843842, 0.89702755, 4.79782, 1.8860867, 0.50786465]
[2.6815274, 1.0295007, 3.9268444, 4.575375, 2.975384, 1.9152796, 0.9169704, 2.448935]
[1.6400504, 4.652113, 1.2046933, 3.7733688, 2.8328981, 2.892685, 1.2361133, 3.236454]

[1.0475061, 1.5190612, 4.0524507, 4.792336, 4.321901, 0.61698896, 1.3946717, 2.512115, 0.9781418, 0.77961653]
[3.9373944, 0.8365374, 1.2319486, 0.8238897, 0.89322615, 4.5584097, 1.5852295, 4.6161585, 0.015026508, 4.387533]
[2.738241, 3.0166278, 0.57241094, 3.325158, 1.2874795, 1.2291425, 3.3080504, 3.6820688, 1.1245296, 4.952539]
[2.5507276, 3.4327855, 2.879392, 3.6428711, 0.38220075, 2.2579565, 3.1778822, 1.8451319, 3.0340614, 0.6795659]
[2.127539, 1.2372962, 1.4225651, 2.3292656, 4.1262174, 1.8700204, 1.7041433, 3.7253432, 4.2600875, 3.01846]
[4.08543, 2.7461157, 4.382115, 0.88934696, 2.0252948, 4.054259, 1.9702336, 3.3928397, 0.45742992, 4.1842985]
[4.780701, 1.5269934, 2.89267, 4.0523577, 2.242107, 4.9346404, 1.7683021, 3.9400141, 0.07240233, 4.4188952]
[2.7199597, 2.1595995, 0.41167498, 1.0142308, 1.1079427, 2.7917435, 3.6953664, 3.2729754, 3.3426049, 0.70166445]

 

Average Error: 0.003122619