Final Weight Matrix:
[1.7251766, 3.452272, 2.5697758, 1.6506374, 1.3642619, 1.3680384, 3.3126879, 1.186414]
[0.8601129, 3.9747975, 3.8863442, 2.492757, 4.213151, 2.5559497, 4.2865915, 2.1575854]
[2.8593674, 4.200754, 3.065581, 2.5713203, 4.8276362, 0.3299886, 0.17817944, 2.721767]
[0.84252805, 0.8281046, 0.0875929, 1.3917043, 0.45150787, 1.2351805, 2.7985773, 3.3157537]
[1.8889287, 3.758502, 3.9346557, 0.7352075, 3.436211, 3.6984997, 0.11112809, 2.8079154]
[4.7840633, 1.9355357, 0.22227913, 3.275046, 3.9628694, 1.8467512, 3.856165, 2.8382912]
[0.973784, 1.885601, 2.5738258, 3.6810808, 4.346189, 1.7961311, 2.895125, 4.1875935]
[2.5655458, 3.3005333, 4.3770304, 1.0263002, 1.0861709, 2.108568, 4.4616575, 2.6136267]
[2.4708467, 0.2833742, 1.8234375, 3.4418561, 0.91656446, 1.6577945, 1.7232019, 1.6180456]

[1.6858329, -0.5224934, -3.3694186, -13.486483, -19.020466, -30.817669, -42.3684, -58.739906, -76.08445, -99.36375]
[1.6683617, 0.9680106, -1.0449114, -3.761122, -5.069825, -10.532609, -20.058517, -25.252274, -31.242485, -43.99507]
[4.581899, 1.9644293, -2.608339, -5.0048084, -13.464587, -19.540922, -28.870739, -42.88541, -54.55897, -65.02114]
[0.44452804, 0.768668, -3.658038, -11.811573, -17.582817, -26.01167, -39.788647, -52.725426, -72.41643, -89.26324]
[0.789462, 2.5612178, -1.1719463, -4.0272574, -4.358339, -7.255701, -12.105584, -19.15077, -24.527548, -31.15803]
[4.0469103, -0.22096254, -9.863808, -22.952816, -41.04338, -66.40552, -91.65639, -125.26011, -161.13173, -200.38788]
[2.6505976, -0.051024113, -0.5261952, -4.992804, -5.7530265, -13.551846, -17.458357, -27.204704, -34.003914, -42.94795]
[2.5178201, -1.4824582, -3.2231002, -3.8060653, -13.938371, -17.723219, -26.839933, -38.76493, -47.610588, -59.060154]

 

Average Error: 0.047618907