Final Weight Matrix:
[2.1250212, 1.9138203, 0.84111094, 1.7217374, 1.7152724, 4.302387, 2.4037318, 3.582462]
[2.87784, 1.1090457, 2.5021195, 1.8099803, 2.4325075, 0.38538814, 4.0483193, 2.701087]
[1.8302703, 2.4375744, 4.3915896, 4.877283, 4.435811, 3.4307468, 1.271984, 3.863869]
[3.0333626, 4.6010838, 2.0641675, 4.6311283, 2.509797, 2.7786791, 0.8039987, 3.5686839]
[2.83818, 0.16740292, 3.9191241, 3.918537, 4.9691715, 3.8483026, 0.84439605, 0.530456]
[3.9945781, 4.1937404, 2.8841875, 0.32472342, 2.0131686, 0.73884547, 4.080582, 2.5917957]
[0.8678457, 3.2590694, 2.206018, 2.156828, 3.2777653, 0.06741524, 2.7714846, 4.0606]
[4.6295686, 2.35759, 2.5300932, 4.219011, 1.6671178, 3.7809033, 2.967257, 4.1235723]
[4.7058144, 4.12182, 4.7623444, 2.0283504, 0.55056006, 1.7118317, 2.9452567, 2.868413]
[1.5987732, 0.14169008, 3.1707022, 1.8954041, 0.32262802, 3.4614275, 4.1119657, 4.3624587]
[1.4372208, 2.72514, 0.8067867, 2.5989566, 3.1409593, 3.787932, 0.9457043, 1.1818427]

[4.256681, 2.3060439, 4.606203, 2.221152, 1.3800968, 1.0533732, 0.035331186, 1.761229, 1.0599068, 0.8442915]
[0.46113157, 1.0792305, 0.97246414, 4.4444866, 1.9152211, 0.95289785, 4.1789002, 0.0015003416, 4.1403666, 3.5739176]
[0.33346477, 2.6073096, 3.171804, 0.20070536, 1.2966346, 4.5480833, 2.2399106, 3.2904394, 4.0260644, 4.0724664]
[0.26651356, 1.8221015, 0.76735973, 1.4448394, 3.0500805, 1.3842715, 2.6638303, 3.3553174, 0.6334719, 2.0241451]
[4.6143713, 3.411145, 1.1717279, 4.279089, 1.775668, 0.8371175, 0.8340592, 4.334579, 0.5258067, 2.133209]
[0.46193168, 1.1283578, 2.5897582, 4.7105885, 1.0096688, 4.369561, 0.8171409, 1.317724, 4.118141, 1.4999154]
[1.6697873, 3.9872932, 4.4283223, 3.0156496, 4.0834103, 2.716736, 2.0860147, 2.643011, 4.38293, 3.2913501]
[0.67025244, 3.3624282, 4.708692, 4.826974, 0.16032755, 4.307454, 4.0489206, 2.553608, 0.8531226, 1.930527]

 

Average Error: 0.0030794076