Final Weight Matrix:
[3.0731392, 0.44384837, 1.4230573, 0.9002748, 4.0105276, 1.8644577, 0.3615558, 4.3927317]
[0.23773521, 0.09147763, 4.612389, 0.44953197, 0.91878146, 2.95113, 4.1602645, 1.6562333]
[3.6937222, 2.119187, 1.2003529, 2.2525988, 2.2628093, 1.8712924, 3.6764421, 3.272278]
[4.1083374, 2.7268596, 1.2168195, 0.16814113, 2.3820565, 4.203393, 0.2755797, 3.2993999]
[1.9797077, 1.5812984, 3.4213934, 2.4682126, 2.8055134, 4.380708, 2.83037, 2.5749042]
[3.671985, 3.29751, 2.3659997, 4.13981, 4.9859324, 1.5272254, 2.8518047, 1.0341945]
[1.7199636, 0.6298691, 3.6489675, 1.0315475, 3.3680677, 2.5293097, 4.7826643, 3.3831642]
[2.9201934, 3.5853612, 0.16105235, 1.3283875, 1.9783413, 4.3800426, 0.8969155, 1.4508343]
[1.1679578, 1.3908112, 1.0740421, 2.9086568, 4.993855, 2.8184834, 1.151856, 2.5113308]
[4.3481383, 2.7469974, 4.429028, 0.24012148, 0.4254189, 2.5527043, 1.8993926, 3.3574545]
[0.84285736, 4.0847626, 3.444127, 1.6056726, 1.132282, 0.90329677, 3.5786943, 4.9325213]
[1.3799319, 0.6017199, 1.0803783, 1.6142243, 3.875502, 1.5331519, 1.3845005, 1.882801]
[1.0135493, 0.70287764, 1.9797382, 0.14870971, 0.0124028325, 3.0396686, 4.4337015, 0.47980875]
[4.0022097, 1.0944757, 0.6205419, 2.1305938, 0.7363245, 3.577144, 3.1373785, 1.9798615]
[1.2288656, 2.1875618, 4.42349, 2.7391272, 0.47387958, 2.3499556, 1.3263011, 1.6377258]
[0.59431434, 1.6563094, 0.58517545, 0.013586879, 4.1661873, 1.7712369, 4.174965, 1.2718469]
[0.50729334, 2.9658027, 0.6163475, 1.0880464, 2.6810603, 0.31711668, 0.122554004, 0.49057066]
[0.19335061, 0.4349938, 1.9185627, 4.660762, 0.52988917, 0.6231713, 4.798802, 3.43192]
[3.0494497, 2.9327633, 1.245572, 0.6840366, 1.3959565, 0.16761214, 2.428532, 4.143916]

[0.68239987, 4.6184826, 0.56465805, 3.675309, 4.719866, 2.9642842, 0.30994692, 4.536996, 0.58516276, 3.2314389]
[1.6588849, 3.4978569, 0.7357924, 0.05291646, 4.7458463, 4.1849008, 4.638962, 4.3222313, 1.7885503, 1.929457]
[1.8956296, 4.2028475, 2.223533, 1.0946027, 3.7284458, 3.4388027, 3.889194, 4.87798, 0.5912581, 0.19120036]
[2.7599294, 2.0034473, 0.8399768, 2.773532, 1.0099877, 3.550689, 1.4303821, 1.1953723, 3.0394669, 4.649983]
[0.9239841, 3.9683902, 1.285813, 3.6424675, 1.1316524, 4.376959, 0.45714056, 3.0234153, 0.63855, 4.7373714]
[1.1385754, 3.9294891, 0.16196309, 4.3379025, 4.9921684, 4.2833796, 4.896685, 3.848017, 1.3919042, 0.61515766]
[3.0690682, 2.519188, 0.04762497, 4.1909146, 4.7385654, 1.447508, 2.712153, 0.15035936, 3.1329434, 2.499499]
[4.1439657, 4.1592155, 2.6725307, 0.16397618, 3.9737165, 2.1237903, 2.6145728, 2.121673, 4.8765354, 0.24977465]

 

Average Error: 0.26190478