Final Weight Matrix:
[3.9209824, 3.3910623, 3.3304155, 3.2755933, 1.6205492, 2.4541018, 0.6534362, 3.5681057]
[4.2475553, 2.8024344, 3.409391, 1.8495452, 4.9561605, 1.5202814, 3.6030335, 3.0166612]
[0.12592733, 4.694418, 1.7868636, 2.6076672, 0.17641276, 1.259762, 3.1391835, 0.518755]
[2.0650313, 1.0800252, 4.9217777, 2.2524037, 2.708204, 0.13035208, 2.4655364, 0.5716899]
[1.0845089, 4.997283, 3.156722, 3.9007525, 1.2789911, 0.73930234, 1.586034, 4.2869043]
[1.0898751, 2.8659704, 3.9647956, 2.4833035, 1.7506382, 0.4679951, 2.9483628, 3.872104]
[4.6078997, 1.5530536, 0.18011063, 3.8165476, 2.3531113, 1.3668654, 2.6771984, 2.287289]
[0.3259647, 3.8756073, 0.8219567, 4.5745664, 1.0103104, 1.8896812, 2.3534546, 4.7856483]
[0.72778463, 2.270988, 3.729075, 2.9887369, 1.6270866, 3.8029025, 2.3553138, 2.0434532]

[1.7059833, 0.5565671, -3.521993, -4.1343865, -10.873788, -20.218092, -29.272575, -38.85154, -52.575806, -61.769913]
[-0.014033897, -0.16831827, 3.3993278, 2.696838, 1.0429811, -4.0236797, -4.8602314, -6.7541823, -10.344972, -10.847765]
[4.473705, -0.16867653, 2.9874792, 1.3984841, -2.3371458, -3.0946808, -5.440056, -8.426046, -11.440044, -17.082954]
[0.44513604, 0.7453201, 1.8264576, 0.13887733, 2.0428429, -1.3242733, -1.6282982, -4.7980585, -4.1134844, -5.440138]
[0.5301928, -1.5442243, -1.3194994, -5.7035966, -13.494021, -24.532444, -31.801878, -42.72122, -56.753998, -74.40538]
[3.6845195, -2.069339, -11.764162, -27.981344, -49.294346, -75.56909, -103.05219, -139.40706, -180.37775, -226.40163]
[0.5391569, -0.10003758, -1.7792153, -3.911748, -7.9257607, -10.978216, -13.427149, -21.48086, -28.332115, -33.990654]
[0.6026508, -0.051597606, 3.2953205, -0.45890716, -0.8898973, -0.61118037, -2.2454271, -6.952833, -6.4276085, -13.54609]

 

Average Error: 0.5751779