Final Weight Matrix:
[1.359936, 4.9081535, 0.59286803, 3.808034, 1.6632566, 4.406385, 4.4022393, 3.14818]
[1.9130423, 2.4608822, 4.273839, 0.11663854, 4.803502, 1.2793154, 2.1774766, 1.4713988]
[3.504752, 0.6081131, 4.2765255, 0.69975704, 1.2545488, 3.620452, 1.8335023, 3.4909985]
[2.9507995, 3.9473555, 4.6508617, 0.6803149, 2.3301096, 3.3974483, 4.2742233, 0.058810413]
[2.7274408, 0.14066279, 1.3265026, 0.7019216, 0.93632936, 3.317038, 3.7931008, 3.7744699]
[2.3329177, 0.20596504, 3.8529775, 3.0086231, 0.023343563, 1.5516096, 4.914056, 4.995733]
[0.23387104, 3.2003179, 1.0327888, 1.9993172, 0.72586447, 1.4446342, 0.49904734, 1.4900985]
[1.5006199, 4.980902, 2.3738708, 1.9712188, 4.107752, 0.03359884, 4.4574394, 1.7394874]
[4.2088466, 2.355561, 2.0192828, 2.9943025, 4.7272625, 0.620701, 1.5768411, 0.527882]

[4.498453, 0.6855875, -0.16001722, -2.5697205, -1.1741569, -4.873005, -8.989935, -13.500968, -20.49105, -26.039207]
[4.225772, 0.6985975, -0.9413381, -0.65700966, -4.44189, -8.930126, -12.428731, -16.290249, -18.480219, -27.54118]
[0.56669647, -0.10079592, 3.4374082, 3.5417213, -1.1880968, 2.6357658, -2.3499427, -3.8552268, -4.747067, -5.5956817]
[3.8525496, -0.7303452, -5.7454453, -8.2312765, -19.916424, -26.66813, -39.325176, -54.50112, -68.43028, -88.31505]
[4.5540457, -0.1769838, -4.855352, -9.446808, -12.065629, -24.695599, -34.60742, -46.875477, -58.40126, -72.37075]
[3.3589091, 4.4790893, 3.2880187, 1.353644, 0.11249806, -4.018182, -4.538443, -6.711474, -8.700075, -11.597576]
[2.3909886, 0.4670398, 0.7837186, 3.0045478, 3.2996738, 0.23179376, 1.8722874, -0.36858365, 1.5212786, 2.7128983]
[3.644627, 3.4201365, 0.15028258, 2.2000952, -2.260797, -3.1404152, -4.4418325, -7.7707314, -10.219448, -11.791282]

 

Average Error: 0.9760871