Final Weight Matrix:
[3.9986691, 3.8890047, 2.7510533, 3.1277518, 2.7407029, 1.2887311, 1.9935942, 1.6135511]
[2.1160686, 4.1702776, 2.8887324, 4.1769867, 3.7084284, 3.7179937, 0.7613617, 2.9764986]
[0.8138856, 1.135175, 4.60498, 4.733407, 4.4666, 1.6709584, 2.560984, 4.0468864]
[3.5184655, 0.2717176, 4.446294, 4.583891, 0.24277002, 1.3162279, 1.1620846, 4.6106534]
[3.3056169, 3.4863467, 2.1517162, 2.2704637, 3.5652332, 0.8178821, 4.6542435, 2.1541924]
[4.3199053, 3.7612965, 1.5057468, 1.6736197, 3.2099981, 2.0661483, 2.5618103, 3.791861]
[3.6964204, 4.159563, 0.2916363, 4.9394283, 0.6730139, 3.6060266, 2.7714632, 0.7388374]
[4.438059, 0.16748786, 1.6792059, 0.15573531, 4.642666, 4.89891, 4.1637726, 0.2116692]
[4.4718523, 1.8503332, 2.784645, 0.6446728, 3.7961702, 3.0532095, 2.4464836, 2.2414157]
[3.2846508, 3.0628183, 2.1993124, 0.73186517, 1.9983962, 4.94224, 3.4499242, 3.5180638]
[0.121460855, 4.0044456, 2.0003972, 0.37712306, 2.642764, 0.1910758, 0.06388843, 2.0499399]
[1.7190075, 0.7385412, 1.1283467, 3.1070857, 0.4412651, 3.8588252, 1.0705445, 0.11812717]

[2.859446, 0.11773201, -1.1625694, -1.0687548, -2.757601, -9.004788, -12.704465, -16.336067, -25.293917, -28.491106]
[1.2213261, 4.3915563, -0.7191801, -0.9578061, -0.41983786, -1.1485363, -4.9022775, -5.90857, -11.954352, -12.892137]
[4.205104, 1.038495, 3.051228, -2.5288403, -3.3101804, -5.895617, -8.201767, -11.285476, -11.0983305, -17.690483]
[2.0019512, 3.2340007, 0.6546181, -3.0685923, -8.711381, -15.724701, -20.54948, -30.765575, -41.08566, -50.408623]
[0.3365503, -0.40826842, 0.09331128, 2.4152145, -2.1071298, -5.641268, -6.454197, -6.228981, -11.121858, -17.24144]
[0.94165426, 0.07211098, -3.8610148, -3.9453027, -11.751059, -17.359928, -25.795874, -39.9154, -47.582333, -63.776123]
[4.455405, -0.665488, -5.2176933, -11.553544, -15.947438, -25.919556, -38.21372, -50.537357, -70.57115, -83.598946]
[4.471081, -0.051768385, 0.4552494, 2.167517, -1.0190091, -4.758007, -6.5043974, -7.3217354, -8.681326, -13.4915]

 

Average Error: 0.009615805