Final Weight Matrix:
[1.6870403, 2.6682134, 4.4130383, 4.564048, 0.9184927, 4.787977, 0.3143832, 2.465598]
[0.3050971, 2.1011007, 4.276899, 1.9556115, 2.2996185, 0.86504877, 2.9199586, 1.9323081]
[4.4631944, 1.3342872, 4.315128, 3.7159758, 1.1832911, 3.02802, 3.0861454, 0.10610521]
[3.6726162, 3.387105, 4.7275834, 2.6924162, 1.9539946, 2.9060056, 0.48539758, 3.7303681]
[1.0201206, 1.9444144, 3.7515428, 0.43570638, 1.1723652, 4.1289372, 1.6077679, 0.38523406]
[2.6630745, 0.17393172, 0.6421858, 0.059765577, 1.4928043, 0.47385603, 3.640705, 3.048365]
[3.4275794, 2.3545117, 3.1116562, 0.3092146, 2.7095475, 3.0902483, 0.6767762, 0.30125946]
[1.3234562, 0.88695824, 3.1990342, 4.0521564, 1.1654689, 0.9506938, 1.6146982, 1.9926661]
[4.732343, 1.478646, 1.9937289, 4.986791, 3.5284126, 1.158447, 2.522387, 3.6325672]
[0.8738029, 0.29422402, 0.2412501, 3.9529967, 2.1166027, 1.5101781, 2.2903059, 0.7833609]
[2.9091997, 3.6468923, 3.623023, 0.87382555, 1.5376854, 1.7599475, 4.119201, 2.2392926]
[0.70426434, 3.3682249, 3.420842, 0.016871989, 0.3952232, 2.359591, 1.7584074, 2.8408418]
[1.838623, 4.339229, 0.3517604, 4.9617844, 2.2119555, 0.06104499, 3.439194, 3.357693]
[4.9242153, 4.791324, 1.5906641, 0.3877145, 1.5209141, 3.6577394, 3.1322293, 0.9920731]
[1.6744039, 4.8931274, 3.3854601, 0.5532956, 4.283477, 0.3150457, 3.0990267, 4.703665]
[2.4517128, 4.827434, 4.2137675, 4.1317782, 1.4077079, 3.3938541, 3.704332, 4.737956]
[2.2145092, 0.0324893, 1.1301887, 1.8852401, 0.16083568, 1.4067254, 1.1097167, 0.45180947]
[4.881583, 3.532627, 4.80968, 2.514326, 0.69648325, 4.7626443, 0.7782188, 4.7731967]
[4.138461, 3.3155947, 1.8052504, 2.903764, 3.750268, 2.2542691, 4.685693, 2.4064543]

[2.6203804, 1.5253495, 0.69815594, 1.8816701, 0.76755697, 2.774014, 2.6923149, 2.1055696, 4.0991564, 1.6947635]
[2.2158148, 1.6929487, 4.5955935, 4.9599915, 4.288504, 1.8800962, 0.9565311, 1.6995478, 1.4859349, 2.7291555]
[1.1878635, 1.4573565, 3.310232, 1.1120203, 1.8836944, 2.8279846, 0.77235615, 3.2410367, 3.4682982, -0.13758041]
[1.58454, 4.4498615, 4.5337806, 3.2633712, 0.8004203, 1.5993297, 3.7050915, 2.86418, 2.6145296, 4.4098153]
[0.80739105, 1.0260799, 4.536033, 0.060256504, 1.3532132, 3.3770196, 0.21371813, 4.3947864, 2.7899218, 2.7788842]
[3.975712, 0.3817746, 1.3854494, 3.7692208, 1.8260806, -0.05460748, -0.07002362, 1.3399456, 4.6415563, 4.201378]
[2.9311068, 3.739785, 2.4294522, 1.3171552, 0.99827796, 0.89269656, 1.6243382, 0.44103548, 3.5105453, 0.91585666]
[4.8365474, 1.6118134, 1.5099429, 0.22529966, 0.09600771, 1.1049773, 0.6680777, 4.5282784, 4.646436, 3.378402]

 

Average Error: 0.21428572