Final Weight Matrix:
[2.1617863, 1.7311096, 1.8495796, 4.0958443, 3.647344, 2.8798687, 4.620866, 0.6393489]
[2.2607553, 4.3538947, 0.81751704, 1.6086075, 4.430185, 4.8583555, 3.0626633, 3.3419368]
[0.16490847, 4.584972, 0.42128354, 0.2183795, 4.1173344, 3.2233634, 0.28819144, 3.4048176]
[4.204253, 4.1371865, 3.5715547, 2.3658133, 4.5426397, 3.5480855, 3.6374269, 3.2786562]
[0.70445, 1.9395468, 3.3417237, 2.103372, 4.727852, 3.2755895, 3.4276617, 0.26292413]
[3.303491, 0.22984535, 0.35597116, 1.6231909, 1.0260847, 0.6588197, 3.7123969, 1.2968069]
[1.3343952, 4.5142303, 1.1054182, 3.191533, 0.60504645, 2.2743464, 3.5332105, 1.7850196]
[1.994525, 1.5497503, 2.6222003, 2.3267856, 3.7938795, 4.5671635, 4.6828237, 2.1787727]
[4.855155, 4.8037724, 3.9071245, 1.8323517, 4.7285733, 3.6973267, 0.16652942, 3.9471703]
[2.5041566, 0.42325705, 2.128643, 4.6014643, 2.548299, 2.5539317, 0.87434083, 1.5206206]
[2.7601924, 3.6072307, 1.8891871, 0.9478554, 2.1186523, 4.177924, 1.4576662, 3.7653656]

[0.9485244, 0.41699928, 3.7871108, 3.578528, 3.8767757, 1.9747468, 0.016784325, 2.5217218, 0.14081633, 3.4257014]
[4.1123257, 0.2710023, 2.0158117, 4.17603, 0.1975911, 2.0553808, 3.484555, 1.7622213, 0.67924625, 0.56592935]
[3.369766, 2.24818, 2.5645134, 0.39031503, 3.7793767, 4.5231514, 0.9156711, 4.168243, 2.2216616, 2.293217]
[2.5671163, 0.48644137, 1.62057, 2.97586, 1.6243249, 3.754929, 2.38199, 2.3732638, -0.01910056, 3.9131758]
[0.2645664, 4.273796, 0.9116757, 4.7637744, 1.5990478, 2.0891266, 0.6941536, 1.1834189, 4.818594, 3.250186]
[2.6887052, 0.77066165, 1.0230927, 1.0597023, 4.851885, 1.9444835, 4.2889547, 4.159992, 3.952724, 4.720963]
[0.923159, 3.924171, 1.7034454, 3.7324162, 0.23504008, 2.0148036, 0.78219086, 2.0193512, 4.0689864, 1.065489]
[4.7239323, 1.0257739, 1.3346865, 2.5507805, -0.007043776, 3.53257, 2.6338694, 0.7919837, 1.8061978, 0.14638884]

 

Average Error: 0.0010339478