Final Weight Matrix:
[4.9988594, 2.5110445, 1.0786271, 4.856182, 2.3382974, 2.9740381, 0.045793653, 4.621172]
[4.024606, 1.318613, 3.397069, 0.17443001, 0.046285093, 0.34632146, 3.1521869, 3.013446]
[3.110127, 1.3850826, 3.0825794, 2.91215, 1.5804288, 2.1826422, 1.2729758, 1.094814]
[4.991352, 0.8145413, 0.58821976, 3.1669526, 1.2001002, 1.8360295, 4.8861513, 0.74804485]
[3.5057995, 0.13001502, 4.3119373, 4.1399693, 4.051866, 4.781142, 4.029003, 3.2204943]
[2.5005283, 0.059143603, 3.736898, 0.64425886, 1.0876733, 0.70808023, 3.7002969, 3.8263521]
[3.5827994, 0.2129358, 3.3724103, 2.6783946, 2.5694659, 4.317893, 2.0998745, 1.6570753]
[0.58101714, 4.583665, 4.607415, 2.0042253, 3.557599, 2.2424128, 0.695073, 0.6301236]
[2.4946785, 3.6014352, 0.7574564, 2.5828433, 0.019685626, 2.0901618, 2.725453, 1.511756]
[4.5294228, 2.0836768, 3.9112356, 0.66908777, 0.84199756, 1.4804137, 2.03563, 2.3865871]
[3.536916, 2.787809, 0.66431314, 2.3424397, 4.07733, 0.06911218, 2.0605903, 2.4147506]

[4.80919, 1.4345096, 2.4650967, 0.26070204, 0.22073409, 0.992411, 0.37753165, 0.61538005, 1.7111201, 1.0050191]
[0.092965126, 2.4643319, 1.1688573, 4.8542376, 2.4767423, 2.8296154, 3.0513244, 0.79868305, 0.659632, 4.0301666]
[0.8060031, 4.4251785, 4.416713, 1.1620029, 0.71820647, 4.6212926, 0.24183196, 3.2502217, 1.7461344, 1.2454181]
[2.1601655, 4.99038, 0.3143738, 0.32192668, 2.4104939, 3.4674516, 3.0964768, 2.4514334, 2.47075, 4.073259]
[4.8439937, 0.90962714, 1.5074115, 1.1779239, 0.14923908, 0.08097156, 3.1625202, 2.2349007, 2.7415164, 4.4572186]
[3.9289205, 0.61672604, 0.35719934, 4.208988, 2.5264037, 0.158284, 2.468049, 0.6398272, 4.4667106, 3.388739]
[3.6598992, 1.6618189, 1.732285, 3.9308343, 4.1024876, 4.3144755, 2.9640408, 0.01660804, 1.6045251, 2.8704982]
[1.6313939, 0.3534296, 4.372095, 1.4831095, 1.0286258, 1.5583646, 1.3093853, 1.4190769, 3.2154567, 0.3682592]

 

Average Error: 0.001044158