Final Weight Matrix:
[0.93464464, 4.960136, 0.36850035, 3.8830175, 3.3129544, 2.6267884, 2.6811602, 3.6900396]
[2.345549, 4.3909636, 2.0119169, 4.791461, 3.1836913, 2.5076756, 4.588757, 1.1034348]
[2.561549, 1.671767, 0.5065042, 2.4679523, 1.3074249, 2.1535664, 4.928418, 3.1246877]
[3.4304264, 1.3095188, 0.8111465, 3.0772862, 1.6566944, 1.144767, 0.17264754, 4.0039515]
[4.2182217, 1.2604904, 1.4761796, 4.13997, 2.6558018, 4.370007, 0.1463446, 0.008103251]
[0.7812819, 1.2245703, 1.5939019, 3.5784388, 1.226654, 2.3784175, 3.6359966, 2.129861]
[4.9903913, 4.6345606, 4.5421853, 0.8790043, 0.4546842, 0.15526205, 1.5018815, 3.098075]
[4.698881, 3.2669945, 1.4363849, 4.6097946, 4.860594, 4.627359, 4.312491, 4.0158777]
[0.41088164, 0.10512322, 0.45180202, 1.9656253, 0.7060522, 3.92386, 0.47055483, 4.0246816]
[2.076373, 1.0700667, 4.082289, 1.9726326, 1.110116, 4.91903, 4.9065065, 1.4945295]
[3.1164732, 4.5027266, 4.960144, 4.4786882, 2.0080137, 4.8658886, 2.6779242, 2.3751202]

[3.8653615, 3.8268003, 2.0775445, 2.0782642, 0.14174809, 2.9876661, 1.2246225, 0.49598354, 3.090295, 3.6349092]
[3.127632, 1.6899189, 3.3653598, 3.7804713, 4.6637855, 0.88285905, 4.254454, 2.6844568, 0.17914802, 1.527846]
[1.4329337, 0.26633534, 3.0403445, 0.10533866, 2.1175396, 3.210133, 0.16653286, 2.970394, 2.385404, 2.9802582]
[4.7335696, 3.5072956, 1.7821754, 1.6981795, 3.5644727, 0.035782296, 1.0491836, 4.3827004, 4.727051, 0.6056929]
[3.118734, 2.3959002, 3.3023932, 0.6802366, 3.158974, 3.9711902, 2.1957996, 0.26133132, 3.6064193, 3.484143]
[0.3260912, 4.511828, 2.880306, 1.337851, 0.8886307, 2.8137894, 1.4106826, 3.3750112, 3.8286035, 3.6532562]
[1.6738718, 0.49244183, 0.9806178, 4.548887, 1.2922082, 2.1218116, 4.5732937, 4.042972, 4.122926, 3.314343]
[3.0422726, 1.9904009, 1.5745344, 2.4532475, 2.907284, 2.3777356, 3.102166, 2.2512393, 3.6770878, 3.3113163]

 

Average Error: 0.0010121106