Final Weight Matrix:
[2.0642734, 1.3331246, 2.7809677, 4.811378, 1.5420017, 0.3985259, 0.22952378, 0.17516464]
[0.054295957, 0.772371, 4.452344, 0.32343924, 2.450948, 0.8334854, 4.55625, 0.68225354]
[0.8072233, 0.57044655, 4.967698, 2.938571, 4.431637, 4.9879246, 1.6577095, 2.2290862]
[1.6003981, 2.456397, 0.40565252, 4.5086074, 4.049736, 1.4440284, 2.7744741, 0.9824708]
[4.2026367, 0.23369431, 4.778626, 4.0494976, 2.641049, 2.0808654, 2.6789174, 1.7167511]
[0.5569032, 0.060288608, 2.7923112, 3.767326, 1.2521732, 3.5977774, 4.968837, 2.330799]
[1.2145263, 0.4201126, 0.47498852, 2.8065176, 3.7038732, 3.6789408, 4.3990784, 2.0971014]
[0.057493746, 3.127136, 3.5279093, 2.7383375, 1.2966135, 0.027408004, 0.55796266, 2.0677767]
[2.912734, 2.547786, 2.8231647, 0.0040641427, 0.57319105, 3.6072798, 3.723628, 0.1492706]
[0.6359312, 1.8535385, 1.2069148, 3.7547603, 4.855178, 3.8242612, 2.9199643, 1.9756463]
[4.1222982, 2.5227003, 0.65353185, 2.7883596, 0.97788453, 3.047714, 3.0326536, 1.8597913]
[4.487878, 1.4988842, 3.8601735, 2.5748196, 4.762817, 0.8314055, 2.3428857, 0.78253835]

[1.2428471, 3.2976313, 1.5256637, -3.314847, -7.6474924, -10.430592, -16.781055, -27.079063, -34.766342, -41.646675]
[0.95949143, -1.7828057, -4.60767, -15.132414, -23.192482, -41.357018, -56.38169, -73.135124, -95.33504, -123.05568]
[4.5415735, 0.14809178, 0.98689765, 0.957427, 1.1016535, -0.6724563, 0.08922529, -2.5295107, -4.52096, -3.3101578]
[2.2857888, 2.686597, -0.19902933, 2.1227164, 1.54609, 1.0832345, -1.7251236, -2.9890418, 0.464604, -4.9628234]
[1.8035151, 1.0512514, -1.8507642, -1.4642973, -6.808725, -11.778325, -17.556581, -20.694948, -26.704235, -34.535786]
[1.1530404, 3.0733438, 3.3102098, 3.470259, 2.1486223, -2.5911112, -2.7711368, -0.8963429, -6.6465893, -8.220101]
[1.1229459, 2.4206893, 0.8529174, 4.141514, 1.5925205, 2.6945753, 0.7219678, 2.454459, 2.3881211, -0.5978939]
[3.6980548, 0.7748414, -10.065002, -16.170284, -30.541338, -50.929237, -69.42522, -95.291504, -122.42002, -150.19005]

 

Average Error: 4.394189