Final Weight Matrix:
[4.79448, 3.9154181, 3.4066505, 0.009215176, 4.3940682, 1.9573317, 3.8832836, 3.352586]
[0.82431674, 0.6946555, 1.9231766, 0.19969404, 4.749513, 1.850552, 3.96148, 2.8437371]
[0.031752586, 3.179409, 0.3614962, 2.4718454, 4.5352254, 1.9060129, 4.1770997, 1.8186134]
[2.8618317, 3.2479427, 4.8848166, 3.1940963, 4.951356, 4.2382545, 1.6198015, 2.8825462]
[1.7856417, 0.41166574, 1.5594318, 0.35576582, 1.2154287, 0.78511715, 0.64993113, 3.1110752]
[2.1698978, 2.2819366, 2.2373772, 2.2842004, 0.7800114, 1.6625065, 1.4198837, 4.198164]
[2.6428428, 1.7437758, 3.1109433, 0.277417, 2.048967, 3.3410826, 2.1263573, 3.0095541]
[3.2903469, 3.8401806, 0.763419, 4.9930973, 0.54190695, 2.5123205, 0.71875185, 4.3279223]
[4.4741178, 3.7935889, 1.131252, 3.3342104, 3.9925983, 3.4498904, 0.582906, 3.6165168]
[4.928172, 4.295134, 0.039892793, 4.002178, 1.3094449, 4.392018, 3.6695633, 0.6992686]
[0.060237944, 0.17769098, 4.878902, 0.85043937, 2.6748185, 1.9714713, 3.6434054, 0.35788]

[0.061475016, 1.855257, 0.54104847, 3.663227, 4.312551, 1.9982042, 0.88551724, 2.972313, 2.5007148, 0.4460286]
[3.969345, 1.0182549, 1.6325233, 4.9934506, 0.64567846, 2.558102, 0.6497424, 2.4293265, 0.51285017, 4.4103684]
[3.464532, 0.6144251, 0.06258583, 0.53659475, 1.4003048, 4.4361353, 1.8603957, 1.9859387, 3.1753266, 1.9151602]
[4.8042026, 2.2271252, 1.5022058, 0.8972148, 4.460534, 3.7605193, 4.3254786, 2.7250807, 0.57039475, 2.7372417]
[0.81824225, 0.97288215, 4.1380053, 3.3094292, 3.9955244, 4.256759, 0.22274806, 1.9124501, 4.075586, 0.036980055]
[2.3096378, 3.8503206, 2.2779825, 1.84177, 1.7381129, 1.2585932, 0.6821314, 1.6459635, 1.0899109, 3.5283759]
[4.369998, 1.67057, 3.8045619, 3.7909017, 2.3021407, 0.6870042, 4.572671, 1.6421808, 4.4529, 3.1673656]
[4.8623986, 4.147351, 4.1411977, 1.1226798, 0.9165018, 3.725011, 2.095747, 4.207158, 3.2937095, 3.3233752]

 

Average Error: 0.0016342348