Final Weight Matrix:
[2.7688184, 3.6952114, 4.9312344, 3.8430676, 2.8831573, 4.18526, 2.4593167, 1.3115296]
[0.65582156, 4.4589734, 1.200009, 1.7582679, 4.6591716, 1.0395732, 1.673603, 3.5097976]
[3.2463078, 2.551416, 4.4988394, 4.6291695, 1.5167155, 3.4100783, 1.6785228, 1.7460408]
[0.87171704, 0.31658888, 2.687925, 0.53483933, 4.715447, 3.2813647, 3.8562045, 3.9468598]
[4.263892, 0.7134068, 3.7020814, 2.9557805, 4.163683, 0.11373609, 1.7325908, 3.6951375]
[1.4330819, 3.187992, 3.8599653, 0.25641263, 3.4373305, 3.836307, 4.8617687, 1.5238452]
[0.34474164, 3.8493645, 4.9816284, 3.5837865, 4.002233, 2.1139205, 4.82376, 0.9399435]
[3.971221, 1.3506049, 0.5684659, 4.8593283, 0.7067439, 0.5287868, 1.3657135, 2.1759655]
[2.5024188, 2.0504794, 0.6404269, 2.1898088, 3.897457, 0.0062167645, 4.260377, 1.4569161]
[2.1137571, 3.4846, 1.8224531, 0.20441234, 0.7034111, 2.283552, 4.1559315, 0.39140016]
[0.71032614, 3.9105659, 3.9253988, 2.536676, 4.1327305, 1.4723772, 3.5477078, 3.9484382]
[3.4928079, 2.7081118, 1.5762839, 2.9132528, 3.630518, 2.7963116, 2.0150094, 1.3652128]

[-0.02659691, 1.2339883, 3.0731258, -2.5630772, 0.26782346, -3.1685262, -6.1494727, -9.99193, -11.016563, -18.513239]
[2.0119655, 0.025070589, 2.323958, 4.0393643, 1.882737, -1.6311905, 1.9172214, -2.5128663, 0.8969192, -2.440014]
[3.590967, 1.2664453, 1.5807052, 2.0988579, 3.6335876, 0.76335275, 0.8349163, 3.4916966, 2.841642, 1.1087018]
[1.3199047, 4.622836, 1.7192906, -0.5123819, 0.7211009, 0.595029, -0.7361397, -5.956701, -7.3663855, -10.183281]
[1.1250489, 4.8079524, 4.197661, 0.58924395, 0.15332505, 3.9031806, 4.0501447, 0.11581393, 4.6017575, 4.6679077]
[4.559561, 3.8037035, 4.666381, 3.7976837, 0.9375964, 1.4556863, -1.8959708, -0.6065723, -1.0541508, 0.026245236]
[1.7960103, 2.04184, 3.8949068, 2.572888, 4.290944, 1.1029295, 1.7791201, 3.5677896, 2.0792756, 3.4534948]
[0.08565824, 4.058319, 2.6711442, -0.5985836, -1.4447725, 0.15480937, -2.0938098, -0.79194146, -2.9622943, -5.460455]

 

Average Error: 0.009599404