Final Weight Matrix:
[2.7413847, 0.52369744, 3.5365338, 0.29439002, 1.9412738, 4.8862605, 2.013824, 1.6763141]
[1.8504617, 3.785365, 0.08114576, 0.42615205, 1.6966444, 2.6137674, 0.027715564, 3.1507766]
[4.4168205, 1.7983556, 2.2285833, 4.865756, 4.836346, 3.6720805, 1.5744793, 0.7280287]
[1.2561097, 3.9493418, 2.0095541, 2.0663085, 3.7899792, 1.4958456, 3.5143104, 0.78072757]
[0.86354226, 4.4634805, 4.4008675, 2.605138, 2.2947588, 0.24912238, 2.3759391, 4.732907]
[0.05111754, 1.5094769, 3.9550118, 3.8775108, 4.1679816, 0.76369435, 1.4137286, 4.3409214]
[2.048911, 3.0987713, 3.1771448, 1.104455, 3.9088707, 3.5825422, 2.9651074, 2.237856]
[0.0014966726, 0.12383193, 3.9264846, 4.0829525, 2.3562744, 0.40318936, 4.6534133, 3.1388912]
[3.482942, 0.8502987, 3.319322, 3.4280345, 4.1491942, 1.4509811, 0.1345405, 3.3170378]
[4.252457, 0.92867017, 0.96729577, 1.4088628, 3.6638813, 0.82895786, 4.89536, 2.7017996]
[4.977652, 3.5234694, 4.8972707, 0.86467385, 2.434245, 4.6888347, 0.077693164, 0.22775501]

[1.06346, 0.47038776, 4.1630454, 1.0918083, 3.780379, 3.1175082, 2.3781393, 3.805434, 0.96200156, 2.373658]
[2.024801, 2.1151292, 4.6758976, 1.2098848, 1.1784532, 2.053046, 0.12239645, 4.0991783, 4.266405, 2.795182]
[4.916481, 1.7625166, 3.5230694, 3.523348, 0.2614292, 3.8694901, 4.7688584, 1.6300571, 1.4730029, 4.0111513]
[2.1605942, 0.5162938, -0.0037519613, 1.2772946, 2.5892088, 2.3363023, 3.7725902, 1.5346649, 1.3322427, 1.8704342]
[2.3880146, 3.3415735, 3.8881881, 1.415825, 4.6468477, 3.7728333, 4.476471, 3.9038405, 4.2406135, 2.5703988]
[4.529281, 1.1971847, 4.6229515, 3.6423354, 1.2847265, 3.25074, 2.612458, 0.5594755, 3.1962667, 0.5039808]
[3.7749555, 1.6591625, 1.3656622, 0.39408487, 4.5533934, 0.22088654, 3.0169134, 1.9761463, 3.2277353, 2.5811827]
[0.33993414, 0.1933438, 0.0064088097, 1.2859163, 3.192202, 0.7835678, 3.3969934, 2.1956027, 4.025205, 4.10488]

 

Average Error: 0.0030727081