Final Weight Matrix:
[2.1811733, 1.4330924, 0.7672873, 0.0850144, 0.76809704, 3.1512926, 0.09757072, 1.816445]
[4.404707, 3.2919292, 1.9694215, 4.2314873, 1.7016137, 1.7026424, 2.5567718, 3.7605202]
[2.2479105, 2.1060526, 3.1730938, 2.0441651, 2.841922, 4.690996, 4.4642677, 4.6049924]
[2.5166168, 0.10839492, 3.8471577, 3.9766028, 1.6189477, 2.2157435, 4.64071, 1.4842775]
[3.1638358, 4.584722, 2.5869026, 3.8499238, 2.366938, 3.6220798, 1.7990851, 2.7643836]
[1.8893886, 2.0306563, 3.5865476, 2.0097456, 1.4541215, 2.8967857, 3.521141, 2.4914074]
[4.247076, 0.5896321, 0.672124, 2.1629379, 0.8555156, 0.8200577, 1.2299469, 4.695787]
[1.4560556, 3.0699065, 3.062384, 1.4005965, 1.9109824, 3.3712075, 3.8442883, 4.2779202]
[0.30550152, 4.3084807, 4.7255616, 4.734892, 2.031133, 4.621428, 2.4539223, 0.9126848]

[3.576376, 3.2653172, 0.26432228, 0.7963259, -1.3174833, -4.4207306, -11.640356, -14.745569, -16.190624, -23.061651]
[2.5228379, 3.6294703, -1.7502297, -3.7674644, -7.7209754, -10.224396, -12.435615, -21.76305, -27.835535, -34.426426]
[2.8801584, 2.4936666, -0.060325697, -7.332238, -12.716863, -17.153736, -24.338326, -37.346092, -48.680534, -61.129246]
[-0.11337119, 1.0839683, -3.6179671, -5.425179, -12.346715, -17.590834, -26.504278, -36.804317, -49.156063, -65.57361]
[1.6137586, -2.8651266, -8.996574, -20.551775, -33.03707, -50.290802, -69.03991, -96.4827, -121.97068, -152.04324]
[2.9893503, 2.634276, 3.178139, 1.2420596, -0.7370607, -2.2275002, -4.565481, -9.382083, -15.143789, -16.659979]
[2.1297598, 2.0654736, -0.40257052, -2.324641, -11.236436, -15.290916, -21.217329, -27.458702, -37.032715, -47.32802]
[0.08270164, 0.8294362, 0.050420906, 3.0181167, -1.3185842, -1.1524128, -4.00752, -2.9878197, -7.501526, -11.713139]

 

Average Error: 3.0592113