Final Weight Matrix:
[3.0294752, 2.5733294, 4.9340067, 4.4832897, 4.5407343, 2.2980235, 4.2612243, 2.3201382]
[4.9800844, 1.2755662, 3.0848465, 0.7740164, 2.4036279, 1.6450081, 0.7673329, 4.1875553]
[4.43738, 4.296162, 3.7282448, 3.0363348, 0.16743541, 1.7031193, 1.5110594, 2.1830192]
[0.024147332, 4.245303, 4.8663054, 2.0295632, 0.8897799, 2.2383378, 4.8695564, 2.410088]
[3.3048155, 1.68368, 2.9099238, 0.58505327, 0.29214352, 2.32178, 2.8100574, 4.229619]
[0.85629165, 0.048813224, 4.9005227, 1.9424921, 3.6202707, 3.7577744, 2.3012924, 0.7636085]
[1.6372671, 0.5825016, 1.1454946, 1.0979285, 0.038222373, 0.76527387, 3.9032216, 4.5571413]
[4.5572658, 3.6078265, 0.16692191, 2.7006688, 1.901202, 2.3904324, 2.2886448, 1.7720068]
[4.5109663, 1.7082232, 3.6102066, 2.9668431, 2.1946626, 4.347871, 4.9004655, 3.8568437]
[4.9138412, 2.846494, 2.1625712, 1.5393597, 3.275834, 2.9891624, 1.5548038, 3.2412016]
[0.9519157, 2.2282398, 4.590956, 2.2171328, 3.8086863, 0.87927103, 4.562888, 4.2347054]

[0.34144434, 0.7620296, 0.7246587, 4.000861, 3.4444628, 1.0251198, 0.86348015, 1.9774437, 2.3834498, 0.29757777]
[0.58014256, 0.95839965, 1.3673164, 0.14501108, 4.7323027, 0.9829857, 1.491911, 1.4311086, 0.8488033, 0.99303627]
[0.29902482, 0.49672946, 1.8731227, 0.5545825, 3.193977, 3.584005, 1.6925877, 4.767485, 1.932391, 4.676127]
[3.0562036, 2.0691864, 3.7408528, 4.1381807, 0.9944862, 1.5068003, 3.0586648, 3.5146735, 3.0672998, 3.0038185]
[4.2232633, 4.0645833, 0.48783785, 3.9453764, 3.8389785, 3.6449406, 3.3781548, 4.3063006, 0.92167026, 0.95517415]
[2.4840765, 3.9315636, 0.7557022, 3.5513172, 4.801716, 1.581576, 1.220694, 2.6317182, 3.5270708, 4.836679]
[1.8274227, 0.005704073, 4.487618, 1.5369511, 3.0949924, 4.58504, 1.1146035, 0.4884776, 0.5289033, 0.5338594]
[4.6808963, 2.9230614, 1.5801029, 3.3002295, 2.260484, 3.667663, 2.70919, 2.1954095, 4.051556, 1.2249184]

 

Average Error: 0.0031287372