Final Weight Matrix:
[0.6372157, 3.5713184, 4.568798, 2.3099124, 0.83111674, 1.3885405, 2.4689775, 4.104697]
[2.0124512, 4.366538, 1.3499439, 1.6720128, 2.0631056, 4.2949085, 2.0251803, 4.9051704]
[0.74644595, 3.6638842, 1.6118062, 4.1482544, 3.5022542, 4.119144, 3.626667, 0.7730025]
[4.6756573, 1.9549062, 2.6429949, 3.3676033, 1.365315, 1.7258656, 4.7409286, 1.7475305]
[2.1416426, 0.41591257, 4.568812, 3.3753145, 0.19775212, 3.7851577, 1.0689163, 1.0636872]
[1.4183629, 2.7307253, 2.558199, 0.9653884, 0.32753438, 0.96077055, 4.3420477, 1.3944826]
[0.6752303, 3.4805756, 1.7800567, 4.4401336, 2.394053, 4.3253875, 0.3241071, 1.227015]
[3.9777575, 2.4134257, 2.5700264, 1.0400212, 2.7572477, 3.1165168, 2.567507, 3.9985242]
[2.6606772, 4.202855, 3.2346435, 4.0614486, 2.5031548, 0.7600367, 0.6423235, 0.53400695]
[1.6476619, 1.8857489, 0.5418414, 3.9856787, 0.5794844, 0.68315685, 4.881719, 0.2732256]
[1.9372797, 4.0283813, 3.2251132, 0.77914476, 3.3184528, 3.814527, 3.1688035, 3.752472]

[3.5265172, 0.8118368, 1.761652, 1.8895599, 3.2265778, 0.81455386, 3.9100823, 2.7909634, 2.4695368, 2.611507]
[3.2879698, 2.3929708, 4.5165133, 4.112607, 3.2752137, 1.0656499, 1.8885841, 1.6703093, 3.7194927, 0.066990204]
[1.0912257, 2.2148938, 3.2413065, 0.15148254, 3.1299844, 1.3173248, 0.1329673, 4.349141, 0.445626, 2.9022849]
[2.0696437, 2.5645242, 3.7308223, 2.735594, 4.9298854, 3.3716094, 2.7456055, 0.46216357, 1.8648096, 3.7603378]
[1.6790577, 2.9353414, 4.54634, 3.428325, 4.7358265, 2.593238, 3.3348322, 0.66455275, 3.762268, 4.758512]
[4.432388, 4.8598456, 2.3337023, 3.5792398, 1.8085197, 4.6301994, 2.9510126, 1.8879321, 3.3886735, 2.1946373]
[3.355244, 1.4506699, 3.5323813, 0.23877701, 3.5948389, 2.6306293, 4.7309947, 0.32767457, 4.133505, 4.8907337]
[1.3379414, 1.9153866, 0.38663635, 2.7898767, 3.3121667, 1.2131883, 4.2212014, 3.2730646, 3.2893202, 1.8631346]

 

Average Error: 0.0012077476