Final Weight Matrix:
[2.2319343, 0.15413284, 3.5350385, 1.494473, 4.809982, 2.5099707, 4.699589, 2.730026]
[1.6844249, 0.30537367, 3.2529583, 4.418354, 2.846143, 4.5162697, 3.8629663, 1.3859063]
[4.043626, 2.0615063, 4.254955, 2.9073653, 1.6687787, 4.850456, 4.8145676, 3.5485973]
[2.3869529, 3.5805254, 2.0306015, 3.592886, 0.79251975, 0.8240104, 2.9648576, 4.179425]
[0.73031396, 4.6383386, 4.745162, 3.3491316, 2.5843801, 0.021921992, 4.884847, 4.2448096]
[4.803485, 4.051899, 3.049661, 1.6343508, 2.0408452, 1.7777715, 2.687128, 1.4914501]
[3.444612, 2.7198527, 4.8727646, 3.4932065, 3.0850482, 0.712623, 4.4343257, 1.2837026]
[3.0615125, 2.4352586, 3.2146387, 0.15348405, 0.1427263, 4.1451335, 2.50383, 4.2336674]
[0.5810553, 2.2509434, 4.694412, 2.3777957, 3.057418, 1.5718848, 1.0222423, 0.9726408]
[2.1878135, 1.5852559, 1.4905415, 1.9897463, 4.11336, 4.089793, 0.3237936, 2.5620098]
[0.9392902, 2.4444776, 4.3573527, 4.2840676, 3.048804, 4.5865583, 0.88404924, 2.7223313]

[1.0373808, 2.1076753, 4.600111, 3.3487864, 4.457863, 0.75225055, 1.3214399, 0.25450552, 0.11254222, 2.343964]
[3.256111, 3.701557, 1.9453031, 2.5437279, 4.958755, 1.8930222, 3.5414793, 1.9629762, 1.1819714, 4.9136868]
[4.5997787, 3.330945, 1.618388, 1.7251639, 0.7440412, 0.2109779, 4.7139883, 1.760497, 4.3354487, 0.38884047]
[1.9330692, 4.744696, 4.501296, 1.5616229, 1.4875096, 3.640064, 1.5237069, 4.3933034, 3.7576103, 1.8753513]
[2.9275882, 4.6183977, 3.711314, 3.7579947, 2.081991, 0.43866166, 0.9747502, 3.930358, 1.9251015, 1.455946]
[0.19090495, 2.3108077, 1.0299021, 3.9223301, 2.92693, 1.2799348, 3.504851, 3.950316, 1.4204795, 3.6612139]
[0.9713699, 3.8990743, 3.5815883, 0.0015847692, 0.269003, 2.470775, 2.654065, 2.003533, 3.712655, 4.03932]
[2.992072, 3.9092464, 2.7566268, 0.3330231, 1.6020557, 2.721877, 4.3453345, 1.930035, 4.3155756, 4.293434]

 

Average Error: 0.0011866853