Final Weight Matrix:
[3.1497905, 0.57192594, 3.3332481, 1.2418292, 3.1113553, 3.2587516, 3.3278873, 0.23131669]
[3.1154113, 2.7116203, 3.4263878, 3.8268518, 3.2369418, 1.9119042, 3.3923838, 0.7000017]
[3.1937737, 1.9178607, 4.774612, 0.2190426, 3.2536855, 4.960948, 3.0646608, 3.2557936]
[4.8931527, 3.3956246, 0.9393969, 1.1323092, 3.853493, 3.7224765, 1.0405433, 1.0640123]
[3.91188, 3.462784, 1.853595, 4.3050585, 2.1145318, 1.8245417, 0.74160665, 4.5827384]
[0.9590709, 0.506953, 4.5008926, 4.188716, 3.192531, 2.2999132, 1.0730646, 4.7846107]
[2.4686995, 3.2696688, 4.3619094, 3.9773512, 0.119619966, 3.720307, 3.758317, 0.56581676]
[3.105366, 2.9869893, 1.7188964, 4.9852676, 1.7560118, 3.6706889, 3.0242336, 2.4511843]
[2.980606, 4.6509385, 1.5642953, 3.0913515, 0.038498044, 0.113729835, 1.267696, 3.5568376]

[4.924301, 4.6620345, 3.1372495, 1.1512585, 2.5734544, 4.0751495, 2.1343374, 4.3725204, 0.6331646, 2.072205]
[0.29972485, 0.2928719, 0.6397543, 0.7168862, -0.0021371767, -0.356206, -2.2083614, -3.93145, -7.3965282, -8.810481]
[3.271975, 2.3303394, 0.6757566, 0.32560754, 0.5222977, 3.7464833, 4.662585, 3.8107686, 0.6753373, 1.5877512]
[3.992079, 4.4956822, 2.961244, 0.54557073, -0.15528637, -1.5227107, 0.9445236, -1.3169148, -3.9054134, -2.1767108]
[4.020308, 0.90091145, 0.70528454, 1.8688915, 2.152196, 4.0487723, 3.093028, 0.92096585, 1.163166, 1.8417871]
[1.7214806, 4.139116, 4.902017, 4.803942, 1.8533534, 1.4574063, 0.88350606, 3.8261747, 0.2995416, 3.915487]
[0.60420763, 1.0927168, 4.4978423, 2.9736955, 2.8787508, 0.99353975, 4.2055154, 2.053355, 4.150549, 2.327207]
[1.9064541, 1.9619367, 2.8539927, 0.24536361, -2.815814, -6.5030074, -7.9778132, -10.333853, -16.048244, -22.78767]

 

Average Error: 2.3576882