Final Weight Matrix:
[3.948321, 3.8163424, 2.3898802, 0.037175715, 2.8952992, 4.1504292, 0.48431695, 4.128894]
[3.4790397, 2.6609743, 1.7223845, 4.007701, 3.176402, 3.2656405, 0.70103407, 3.8600984]
[2.463013, 3.0951304, 2.4155316, 4.9328384, 4.771788, 3.4343095, 2.6890407, 4.008115]
[2.8526757, 1.0915452, 0.8175981, 1.6687641, 0.85829735, 2.4969997, 2.216891, 4.3141537]
[0.46000063, 3.2223978, 0.06806433, 3.0037358, 1.0914373, 0.57109654, 2.2963727, 0.7517877]
[1.448977, 3.424705, 0.98846346, 2.116802, 1.6548989, 4.6832585, 3.5740879, 0.70613384]
[1.8433797, 2.697904, 3.7319403, 0.32523662, 2.2719717, 2.881689, 3.1960578, 1.8562076]
[2.6317785, 2.774429, 1.0608131, 3.8580508, 1.8452785, 2.8265376, 3.1342676, 0.28734744]
[0.9472215, 2.9144344, 0.6497508, 1.4798212, 2.3648686, 1.4827365, 3.6955202, 1.5881279]
[2.1008122, 0.36741823, 2.9967546, 4.4072537, 2.6046019, 4.946797, 2.820662, 3.9449773]
[2.9563794, 4.716356, 3.3649395, 3.1103053, 3.9128828, 0.62756, 1.8261892, 4.5377536]
[4.2477236, 4.2740493, 0.67519635, 3.2703605, 0.09618461, 2.9706392, 3.440437, 4.86082]
[2.9604099, 3.9367518, 3.4231315, 0.3798625, 1.9924486, 3.6672506, 3.3430007, 1.9466999]
[0.82684517, 3.4167314, 2.5032387, 4.2109756, 4.8363085, 2.8203676, 1.9287324, 0.85318923]
[1.3163918, 2.5732856, 3.2891014, 0.65525264, 2.9292371, 3.8546033, 3.6866047, 4.1898212]
[0.24150759, 1.6408205, 4.4404716, 4.2419677, 1.4450905, 2.0509574, 2.4089227, 1.9058967]
[4.2464304, 3.5129595, 3.6864066, 4.9796624, 4.425153, 4.463539, 1.4278147, 4.0398116]
[1.9966755, 2.8832545, 1.2682066, 3.033644, 1.1466783, 2.632597, 4.213633, 0.6382042]
[4.845616, 2.9659116, 4.8167224, 4.151564, 0.085048676, 3.9466786, 1.9638231, 1.5934942]

[2.1186745, 4.72402, 0.18543397, 2.6792877, 0.63091266, 2.7246032, 1.2583226, 4.7159014, 0.9212645, 1.0120746]
[1.1659054, 2.4759853, 2.5813687, 3.1035275, 1.4853708, 2.9881241, 1.5920173, 3.8547263, 2.0636744, 4.0117583]
[2.1477299, 2.5512936, 3.4308703, 1.4834373, 2.373354, 1.9642555, 0.85234714, 3.5026255, 0.9427971, 2.4797754]
[2.4868498, 1.2905893, 1.1197101, 3.2565475, 1.9481248, 1.9129454, 0.9228244, 0.68766284, 1.8340155, 1.2423574]
[1.9419975, 2.3315275, 1.7345586, 3.330245, 3.7205281, 4.487272, 3.3264565, 4.1695385, 1.7318107, 2.0891807]
[1.6157372, 3.2915556, 2.3033392, 3.4245126, 1.1277429, 2.0676224, 4.657961, 0.74365056, 2.7058742, 3.2574205]
[0.9809019, 0.9251464, 0.6534966, 4.297802, 2.134691, 0.6931863, 3.3089466, 2.704377, 2.1879938, 0.97099906]
[3.2462196, 0.008670382, 2.2737114, 0.063721865, 4.932639, 4.9021225, 4.407776, 2.9136457, 4.5997415, 4.443064]

 

Average Error: 0.02381089