Final Weight Matrix:
[0.7794234, 3.9586046, 2.5989904, 0.34132957, 3.8908646, 3.9941516, 1.7725116, 0.0786373]
[1.8934264, 2.824123, 4.3682327, 1.417777, 0.3609857, 4.2024474, 1.6157308, 0.52817285]
[1.7265958, 2.421722, 3.6817393, 3.0478663, 4.819027, 3.2075226, 4.2634406, 1.558702]
[1.2513909, 3.829169, 3.9619832, 3.4919481, 2.824948, 2.6611714, 4.5837536, 1.2083793]
[0.62274843, 3.5308673, 4.810262, 0.85778356, 3.1749206, 4.5800786, 2.2919285, 2.2030964]
[3.5319867, 2.6936448, 3.5911539, 2.7620525, 1.4143767, 1.4626064, 2.663554, 2.8832057]
[3.7733862, 4.077489, 3.8138893, 3.132776, 2.1373036, 1.9260457, 2.5890346, 0.16411483]
[1.3905511, 4.20407, 3.621347, 1.00326, 3.0858502, 3.7571821, 4.4622126, 3.9834146]
[1.7901518, 2.1412263, 2.350678, 0.8600968, 0.16294569, 3.5200074, 3.2523978, 1.5397499]
[3.637411, 3.2782083, 0.43916434, 3.350913, 2.475522, 4.896633, 0.121772885, 0.5124229]
[0.18069953, 1.764312, 2.9147112, 3.9319792, 0.43704718, 1.7509351, 4.1190915, 3.3657744]

[3.8918471, 3.8616488, 4.3270254, 0.32814154, 2.752612, 1.4627502, 1.7512418, 4.713997, 0.85803396, 1.205767]
[3.2973135, 2.6207795, 0.015597536, 4.7461286, 3.1488724, 1.2919451, 0.17645851, 4.0742683, 2.6338174, 1.7593096]
[2.640651, 3.316445, 0.6768761, 1.0328798, 0.41640756, 4.8067155, 1.9499489, 0.05445679, 1.6366174, 0.6791371]
[2.6089709, 2.8546212, 1.2982781, 4.9285374, 2.278245, 2.3144846, 2.6881664, 1.6798513, 4.6748767, 1.7016625]
[4.6013026, 1.286821, 4.011785, 3.8235655, 2.5029514, 1.7888464, -0.06950338, 3.2616847, 1.8007686, 0.8729304]
[1.9872645, 0.23044147, 1.8113505, 0.11331282, 3.3562644, 0.5945449, 4.930261, 4.3815603, 3.8040159, 0.8949428]
[0.45467326, 1.3445098, 0.20473969, 3.0319343, 4.975074, 3.343219, 0.63771796, 1.0204222, 3.3135478, 1.9549803]
[4.8364277, 1.8843503, 3.2140064, 4.5850005, 1.1809183, 1.4127927, 3.7979865, 2.1533127, 0.48980516, 3.945147]

 

Average Error: 9.931079E-4