Final Weight Matrix:
[3.3949122, 3.0832913, 4.5047474, 1.3037899, 0.27420133, 2.3273895, 1.0396745, 0.7846737]
[0.6326881, 1.4889187, 4.0871353, 4.1392794, 2.3747015, 0.7137817, 0.74875414, 3.576187]
[4.376301, 4.7390933, 0.014123321, 2.5944238, 0.6200126, 2.5579822, 2.0269024, 2.8973057]
[3.8263345, 1.3884938, 1.6862446, 2.845725, 1.9589728, 3.1174932, 3.7379718, 0.36536217]
[1.6284114, 2.78962, 2.369466, 2.0202994, 3.110235, 0.40258765, 2.1093323, 2.0853636]
[4.3106394, 1.6606226, 3.4352493, 1.1500001, 1.2596688, 0.10046989, 2.7518187, 1.2169933]
[1.3791335, 0.3276518, 2.3586626, 0.70994496, 4.9710894, 2.9386094, 1.184511, 0.9547663]
[4.7966104, 0.02675414, 1.6158158, 4.873804, 1.7838469, 2.2126315, 3.8518066, 1.0385582]
[0.4177025, 3.6513505, 2.228324, 3.2207391, 0.1475811, 4.9707303, 2.6798134, 3.9048898]
[1.7095071, 1.1135256, 2.4652088, 3.262682, 0.927445, 4.394435, 4.934906, 4.113764]
[3.7470272, 4.050855, 4.13159, 3.8256683, 2.7023623, 3.2446508, 1.5193698, 1.7415124]
[2.0405421, 4.955215, 0.94871163, 3.0152442, 0.47439396, 3.8522637, 0.8673686, 2.0170345]

[1.2248359, 4.9189506, 0.7415095, 0.18452786, 4.1444716, 3.9275596, 2.153959, 4.4169536, 2.7946823, 3.868269]
[0.67651534, 4.2094955, 1.3162961, -0.6114324, 0.2611054, -1.0044758, -2.3491943, 0.24573234, -4.118189, -7.0173397]
[0.93828005, 1.2937006, 1.6167474, 2.971285, 3.0559404, 3.2531667, 3.0533547, 2.8325443, 3.687415, 3.7901177]
[0.4292676, 0.56718576, 0.2155334, 4.186181, 1.9735397, 0.529724, 2.4878697, 3.7276897, -0.16005109, 3.0869825]
[0.11361106, 2.1751692, 2.902966, -1.7285569, -3.543106, -4.180417, -6.440671, -8.220491, -7.7497053, -13.863374]
[0.46932268, 1.1751678, 2.9318213, 3.4344056, 1.8797466, 2.1176457, 4.086166, 0.43882972, 0.41997802, 0.04314243]
[1.5223767, 2.7760105, 2.4595006, 3.0740125, 1.5419518, 4.218395, 4.6677647, 0.34813812, 0.5936965, 2.3901324]
[4.4935856, 0.61236775, 0.5815984, 2.1333153, -0.05905337, 1.9196781, -2.0272624, -2.0525334, -2.937456, -8.879906]

 

Average Error: 4.644231