Final Weight Matrix:
[0.5842155, 2.071056, 3.6629553, 0.57117075, 1.6400912, 4.218775, 1.2095752, 4.2703905]
[1.0928986, 4.9734745, 0.7105553, 2.389877, 4.503947, 3.051447, 4.158573, 4.8740187]
[1.9076238, 0.008009076, 2.3866963, 2.0548055, 1.8798206, 1.1247951, 1.3599414, 3.2501283]
[1.775111, 2.198794, 3.6591053, 4.619844, 4.5911136, 3.1416037, 4.3793135, 4.843047]
[2.7677321, 2.4275017, 3.9495888, 3.978469, 0.72404623, 4.421421, 4.7552185, 0.8730754]
[3.5813913, 0.005018711, 4.4244976, 1.0755295, 0.6506431, 2.498549, 3.6913183, 1.6656077]
[0.28603405, 1.9617095, 1.5340891, 2.1430173, 0.36623538, 2.6271071, 4.941589, 2.3349333]
[1.2733155, 2.5702062, 0.992834, 1.6273203, 4.947058, 1.1099511, 2.7391872, 4.0376]
[3.6196077, 0.74065477, 3.6241624, 0.20302474, 0.7352659, 4.2598224, 3.3043072, 0.12837082]
[2.462389, 2.8355603, 1.8808359, 1.0270915, 3.06671, 2.9739668, 2.8071575, 2.2012296]
[3.2742083, 4.139864, 3.3960774, 2.1772954, 0.9710711, 3.3575492, 1.6592607, 1.1785543]

[4.110748, 3.6911964, 0.6186097, 0.034755956, 1.284236, 2.5504875, 4.6354294, 3.2903981, 0.96467966, 4.373711]
[3.458522, 2.2643723, 2.1147912, 1.0416483, 3.801311, 0.2462241, 4.639515, 3.5479097, 4.693768, 4.626337]
[4.205457, 2.72866, 0.75286776, 1.1278862, 0.8153326, 2.5437274, 2.206954, 0.34311083, 4.349951, 3.0063581]
[2.8037076, 2.3712397, 3.2547264, 3.3101356, 1.6954458, 0.801333, 1.3556901, 1.8259072, 2.9520013, 0.2562078]
[2.7345393, 2.4686952, 4.345453, 2.8092606, 3.2697244, 3.7130256, 1.2463138, 2.0315962, 2.3457053, 0.33026892]
[3.2811387, 4.6658125, 3.5423732, 4.74515, 4.7359757, 2.8337135, 2.4314241, 3.888719, 4.2367992, 4.5285378]
[1.0465173, 4.9493885, 4.639564, 0.77739066, 4.2209506, 1.6945883, 0.44510627, 1.7806796, 4.170713, 1.9219991]
[1.0146307, 3.3156853, 0.90059865, 0.24101822, 2.3253098, 4.261361, 4.503971, 1.9130582, 1.9325333, 2.368621]

 

Average Error: 0.0051051765