Final Weight Matrix:
[4.467651, 3.3351197, 4.569706, 4.129137, 3.2869194, 3.158248, 0.7046285, 2.5986214]
[0.96113414, 0.22109985, 0.8856234, 2.5348449, 4.207634, 2.9714236, 3.2539544, 0.391241]
[2.3978405, 1.72932, 3.0666199, 4.75174, 1.576793, 2.9647424, 3.068377, 1.7136383]
[3.5117416, 3.8610182, 1.7734987, 3.6197445, 3.4030535, 2.5266757, 4.7748656, 4.1112537]
[2.1581542, 0.30818582, 2.0192065, 3.2178533, 2.6714323, 3.15972, 3.9352903, 2.9832602]
[0.9373215, 2.287372, 3.451822, 0.6390828, 2.4456847, 0.9148842, 3.3220365, 4.174459]
[2.6417775, 3.141692, 1.0139463, 0.030921102, 4.079208, 1.3736913, 3.4134789, 0.69951624]
[1.633355, 0.60975194, 3.1099927, 3.9691725, 3.9826202, 3.135491, 1.4307585, 1.1210418]
[2.7918408, 1.5986812, 3.2068253, 3.273144, 0.2604249, 2.4719822, 1.4843756, 3.5336983]
[3.1196537, 2.0181837, 4.7433834, 4.4413967, 2.799675, 1.796186, 4.3024273, 0.06842643]
[3.4355674, 2.733502, 3.3313813, 3.989837, 4.070312, 2.8597226, 3.5718954, 2.3240516]
[3.8453631, 1.9774129, 4.4918623, 1.1076996, 2.9798625, 2.140093, 2.1402087, 3.1579325]

[1.8383528, 4.6238785, 4.5886016, 4.206647, 0.6055138, 0.69542676, 0.17771693, 4.7981477, 0.8949496, 4.5385575]
[2.2148104, 3.1623077, 4.550711, 3.8971138, 3.939865, 2.3168616, 0.42515472, 2.7509208, 1.4579188, 1.6220663]
[3.0672402, 3.1414893, 3.5446835, 1.0941244, 1.1800779, 3.6422856, 2.4542794, 3.8746305, 0.08818936, 4.6995597]
[2.1684399, 0.612022, 4.695819, 0.8418506, 0.63463527, 1.1061246, 1.249225, 2.6506848, 0.033310685, 4.4966273]
[4.073538, 2.4427595, 4.1741066, 0.25249657, 1.8493664, 3.7587726, 0.098949894, 0.8674834, 3.437462, 0.007865608]
[4.7397447, 2.2401655, 0.04232294, 1.3194205, 4.219291, 4.4607363, 1.3603207, 2.0028, 4.789739, 3.9916115]
[3.4973545, 0.28122938, 2.715977, 3.2603724, 2.038841, 3.092103, 2.3747058, 2.8371043, 0.8489126, 2.551633]
[0.6796515, 3.6062648, 0.0062946007, -0.029229676, 1.1522027, 0.6826092, 3.8364348, 1.5419066, 3.0597477, 4.593554]

 

Average Error: 1.0480915