Final Weight Matrix:
[2.725872, 1.7881384, 2.890527, 0.7865071, 0.24701685, 3.0457737, 0.3994593, 0.034543574]
[4.356056, 0.8793616, 0.008729696, 1.8771648, 3.9256825, 0.65095186, 2.4536762, 1.9850919]
[1.7100984, 0.89081496, 3.4241388, 2.18327, 0.9936875, 0.9121254, 1.0619936, 0.52276313]
[3.347416, 1.4636621, 3.508154, 1.2694621, 4.9323735, 1.0285413, 0.06346464, 2.6551223]
[3.044973, 3.5855484, 4.3294153, 1.0511746, 0.6017515, 0.39732456, 1.8543196, 2.8048801]
[1.9090116, 1.786823, 4.8568606, 3.4076679, 1.3273444, 1.5360603, 2.263131, 1.1744545]
[1.6250947, 2.8808548, 3.7600884, 2.8185084, 2.7980258, 3.489184, 1.725381, 1.4678532]
[0.6227347, 1.9718709, 1.5815833, 1.9356368, 2.994974, 3.5709991, 4.386009, 0.71844786]
[3.2951415, 0.65783113, 4.8024554, 1.9338205, 3.31425, 3.5178602, 3.208697, 4.54249]

[2.1563187, 4.558712, 3.9260402, 1.3707601, -1.7233274, -1.7850611, -4.7084274, -3.557001, -5.1436305, -11.374979]
[-0.0446001, 0.78600633, -4.9891105, -8.387972, -17.058405, -26.000708, -35.73533, -50.355305, -67.4113, -85.8504]
[0.21268082, -0.36152697, 1.6848713, -1.4886796, -5.1107793, -8.834182, -12.944073, -18.605902, -23.274347, -26.831148]
[1.6264806, 0.6358173, -2.6571343, -10.706167, -19.335367, -25.518684, -36.776432, -51.41122, -69.51913, -87.08661]
[0.051298976, -0.9409516, -0.6619465, -7.365019, -11.200258, -16.931288, -25.704487, -36.890667, -47.83869, -56.901924]
[-0.009150445, 0.71609473, 0.46201634, -7.283707, -9.0461235, -16.928848, -27.237837, -36.28353, -42.653305, -59.150543]
[1.2649016, -0.43249828, -5.2850647, -8.220426, -18.645498, -32.621555, -41.31283, -60.466873, -76.54189, -94.965866]
[1.9247366, -4.4275055, -11.941425, -25.723478, -39.666183, -63.438507, -86.10575, -114.912056, -151.00719, -190.14384]

 

Average Error: 0.9531045