Final Weight Matrix:
[3.9742556, 4.8651247, 2.2765074, 4.7335443, 2.679761, 1.2270594, 0.055362582, 2.0752833]
[3.5560584, 4.9691167, 0.41406453, 0.9575331, 1.5159953, 0.42876035, 1.9417876, 3.0901613]
[1.1048853, 1.1512238, 2.1924973, 1.5902895, 3.85005, 0.40675163, 3.7666156, 1.5292907]
[4.76374, 4.401922, 4.633098, 1.2989914, 3.747414, 3.5044503, 3.526522, 3.5008044]
[3.6310742, 4.431737, 3.2424972, 0.31193048, 1.4590061, 3.6708794, 3.574863, 4.2807856]
[1.8452108, 2.121604, 0.43993175, 4.320731, 3.0385325, 3.0690262, 4.319834, 4.2689486]
[0.10766238, 3.601178, 3.635213, 2.858399, 4.056533, 1.7535639, 0.58669865, 4.8084645]
[1.9660499, 2.2717664, 2.6474771, 0.107806325, 1.5115988, 4.481205, 3.4616306, 2.4656656]
[3.5884686, 1.4040496, 1.8237641, 2.5102875, 0.77852994, 4.796051, 0.55677146, 1.1710236]
[1.0785192, 2.0354688, 3.0416565, 4.9902806, 3.5786757, 0.8926505, 0.414429, 1.9597167]
[3.603871, 3.7681398, 1.7616584, 2.08951, 3.5094886, 0.4010871, 2.2029157, 4.91826]
[3.7410905, 4.7253866, 4.432692, 1.8129871, 2.6283123, 2.1612659, 4.9473405, 2.3430886]

[3.4654713, 1.2671098, 1.5775255, 2.996569, 0.06723446, 0.9373572, -0.5602546, -1.4120326, -2.9230442, 0.1041255]
[4.4965644, 1.812822, 0.4161787, 3.933799, 3.9166298, -0.12415686, 1.7308495, -0.2750921, 1.7661616, -0.09784454]
[1.613358, 2.6393173, 0.13337362, 2.9153733, -1.2621709, 1.5070713, -4.3755765, -2.3913095, -5.2878885, -4.9930468]
[2.3805163, 2.027937, 1.091981, -0.07685655, 3.0664747, -1.2638993, 1.8719525, -2.9562414, -0.28423834, -1.5251694]
[3.4643643, 0.28989178, 3.4026835, 4.091208, -0.13742393, 2.9589725, -0.7024509, 1.8714068, 0.31466508, -4.1612206]
[1.7132401, 1.0417272, 2.8952923, 0.8025367, -3.82541, -3.319346, -9.810204, -12.817974, -18.78861, -23.617636]
[0.4984764, 2.3882265, 1.413116, -2.1096952, -7.705178, -16.042837, -21.667435, -29.709305, -39.5334, -49.60994]
[2.45184, 0.5376475, 2.2077947, 1.9583291, 1.2657243, 3.1328487, 0.5068821, 1.8950903, 1.4404353, 0.34427357]

 

Average Error: 0.009509237