Final Weight Matrix:
[0.98627776, 1.2154224, 4.333567, 1.5747347, 3.883898, 4.978779, 0.31761557, 0.09769142]
[1.2529192, 0.47533154, 1.141614, 0.10747254, 4.8233624, 1.3281012, 0.83300173, 0.9451428]
[1.8065393, 0.18355489, 3.7761707, 3.3647325, 0.6286046, 3.8377402, 2.623966, 2.4706209]
[4.8789434, 4.0027184, 4.222753, 3.1425805, 2.62491, 2.5460722, 4.8239274, 4.7948103]
[0.8176854, 4.1447835, 3.5960073, 1.5325916, 4.9733305, 3.4512215, 2.5089374, 0.6745985]
[2.5071084, 4.0743065, 2.6423736, 4.8029013, 0.20456761, 3.6997204, 2.9321198, 2.9794722]
[1.0846279, 0.29158562, 4.076211, 0.1613602, 0.9309912, 2.5821238, 1.490207, 2.6810136]
[2.6997304, 1.5289634, 3.7490525, 3.598578, 1.8421707, 0.43105245, 3.252406, 1.8350214]
[3.8805368, 3.288307, 0.97684056, 1.9549277, 2.7348046, 4.3775196, 1.1601454, 3.87269]
[4.796412, 1.0236433, 1.8314598, 4.333126, 1.3796916, 0.0629729, 4.9408255, 0.88545084]
[0.33498585, 1.4301652, 2.8405604, 1.9867887, 4.486391, 1.8273554, 0.36950737, 4.4874907]

[3.4480827, 3.239289, 1.3335687, 1.8552811, 0.8902579, 0.5972008, 1.7590169, 3.2698665, 3.6624582, 1.6379577]
[2.6223335, 1.9873127, 3.3580537, 3.6840434, 1.462719, 0.8218112, 0.9985333, 3.928499, 3.293237, 2.1742418]
[4.0851736, 3.976176, 3.7495947, 3.8171072, 1.8414012, 3.3949134, 4.287672, 0.42408252, 4.030347, 2.5171096]
[1.5489722, 4.554353, 3.266423, 3.1170342, 1.3909609, 4.4655375, 2.7537153, 3.3846886, 3.6109993, 2.1909833]
[1.8367059, 2.9474595, 1.2744507, 4.8777566, 3.2751637, 2.771205, 0.9323539, 0.62152046, 0.26815537, 3.659071]
[4.777218, 3.1513503, 0.8028547, 0.65071124, 0.6375027, 4.8418818, 2.7604773, 0.40729666, 4.958191, 4.466042]
[4.8879457, 3.0615814, 2.3097837, 0.70246464, 0.220653, 0.34890515, 2.02839, 1.6696984, 1.6631231, 0.9823638]
[1.2459955, 0.6294035, 1.5640777, 3.5782025, 2.5384216, 1.3411571, 1.3574932, 3.0264943, 0.2590342, 0.09382151]

 

Average Error: 0.003073201