Final Weight Matrix:
[2.1908996, 3.8627286, 1.8618014, 1.6677663, 1.0061729, 3.3196533, 3.4942338, 3.3348656]
[3.8165424, 2.9261656, 2.1084852, 0.78799725, 0.13197213, 4.899215, 3.0400226, 3.395107]
[3.6034334, 2.1302972, 3.158565, 3.1556854, 0.49875408, 3.8858662, 3.1055079, 2.3244774]
[2.073468, 3.6136565, 2.663168, 1.8424505, 4.975109, 0.42648613, 0.7299468, 1.374295]
[0.6202671, 1.8458345, 0.67100704, 0.22717834, 2.0466015, 2.427511, 1.9033587, 0.13973653]
[4.681181, 1.4152408, 1.4543587, 1.0640516, 2.974343, 4.044683, 2.6037736, 1.437909]
[3.9452772, 4.285614, 1.2350416, 4.771871, 2.470341, 3.914764, 2.0376658, 3.5081854]
[4.0444884, 0.87263286, 3.529306, 3.2894282, 3.7650168, 1.9068251, 1.0158527, 1.8878537]
[4.258098, 0.83982676, 0.046355724, 0.8660951, 4.1034265, 3.23421, 2.8160813, 2.4811826]
[2.2500136, 4.342091, 3.9472928, 2.7124703, 0.774093, 4.612993, 3.458733, 3.536283]
[4.753759, 2.5554535, 3.7996042, 1.5228286, 0.7479951, 3.7787266, 3.0535057, 2.4716997]

[2.4219053, 2.7233515, 0.7468289, 0.4991879, 3.8849494, 1.0801871, 4.762156, 3.7527628, 2.7637627, 2.6214147]
[3.254165, 4.657004, 0.45212445, 0.059373964, 2.9692206, 1.3115321, 2.2140858, 2.3024445, 3.2823772, 4.864783]
[3.3876352, 2.891435, 2.444776, 3.313353, 1.8783294, 2.1936467, 4.9030104, 1.2904607, 4.2916226, 1.2438885]
[0.6580677, 3.468223, 1.5060934, 1.2649343, 1.2892104, 4.835177, 0.06435737, 4.2022114, 0.849488, 1.310793]
[2.3130348, 1.3396419, 2.9145622, 0.60608685, 2.031222, 4.327302, 4.3730206, 4.750444, 2.5358236, 0.58165723]
[1.1951174, 0.067989446, 2.6016707, 3.6610692, 1.0637772, 4.6957874, 3.2180598, 2.622479, 2.9185612, 1.5464149]
[0.25750265, 4.976084, 3.254475, 2.2994215, 2.2387009, 0.56323975, 2.5694838, 0.45985794, 4.452937, 0.6118316]
[4.417605, 4.874424, 2.5070705, 2.1622126, 2.1469731, 4.2045984, 2.8376172, 4.0864267, 4.9904494, 0.34762162]

 

Average Error: 0.0030982567