Final Weight Matrix:
[1.1993172, 1.6469836, 4.55481, 2.8869965, 3.146745, 3.9831927, 1.126162, 3.7215712]
[2.997829, 0.8298519, 2.227211, 2.9282677, 2.0524514, 0.7074198, 1.493479, 3.667444]
[0.23352087, 2.012029, 2.1127615, 1.3676226, 3.0192056, 1.530444, 2.6546173, 2.563198]
[2.7680402, 1.7609924, 0.3850156, 2.7479315, 2.1991124, 0.15383571, 0.84088176, 2.8528879]
[2.2335272, 4.8392596, 0.66945225, 2.4014804, 4.758763, 4.6834965, 2.9497228, 4.1210585]
[1.8992887, 3.3801105, 2.1706133, 4.4338264, 4.647892, 1.7990961, 3.45854, 4.334198]
[2.8936872, 2.5389698, 4.444875, 2.3500464, 4.9640536, 2.8884492, 4.713314, 2.6373105]
[4.3460956, 0.54846555, 4.1436987, 0.46744436, 4.6641884, 1.1026663, 1.7006189, 1.0220468]
[1.7373958, 1.4811414, 2.5336819, 1.2363338, 0.425736, 3.4295263, 0.3461367, 4.5510015]

[3.3381896, -0.2172044, 0.10568869, 0.36109167, -1.801866, -5.269576, -3.8298738, -8.682358, -8.917292, -15.960719]
[2.3370368, -0.41436076, 1.8414996, -3.4808564, -8.286703, -10.639103, -17.455559, -22.628365, -29.009892, -40.684036]
[1.4829414, 0.748558, 0.81963766, 0.48170847, 1.6114556, 0.53047967, -1.4168521, -0.80876946, -1.6634588, -4.438678]
[2.5498786, 4.4957585, 0.40083843, 0.8048594, 0.27216256, -1.2023121, -6.671851, -7.142043, -9.614351, -12.218996]
[4.800254, 4.1777935, 4.7203126, 0.73033416, 1.5146309, 0.58507663, 4.023769, 2.7133594, 1.7893431, -0.4396576]
[0.55460304, 3.698843, 1.3948195, -3.2610595, -2.9982886, -9.306618, -11.180579, -20.898956, -27.505371, -32.214737]
[0.5783, 3.7139297, 0.05412191, 0.14703381, -3.21178, -4.335378, -8.438702, -9.104412, -12.771054, -20.667976]
[4.476203, 4.326622, 4.2282405, 2.2467973, -0.12671492, 3.2066057, 0.33707762, -0.72618335, -1.9828321, -3.1460304]

 

Average Error: 1.833887