Final Weight Matrix:
[1.6529629, 0.35979122, 2.4425318, 0.75543463, 0.5716768, 4.137825, 1.3822458, 4.5229335]
[4.0758724, 2.8960466, 0.6676915, 3.0325637, 2.0782685, 3.2135434, 4.34557, 3.2009287]
[0.8857864, 3.7957954, 3.4119992, 4.013716, 3.513123, 2.4241667, 0.8865735, 1.9835073]
[4.499865, 3.199574, 1.7952925, 4.190219, 3.5879114, 3.8428102, 1.3462541, 3.3981838]
[2.3337064, 2.0760224, 2.3363903, 3.0477996, 3.160703, 0.07897079, 1.2487063, 2.6245513]
[2.8346171, 4.487749, 4.053322, 2.2884345, 3.2784967, 2.6961408, 3.0809941, 0.11740863]
[4.775689, 0.40978342, 0.61685026, 1.6852069, 0.25382906, 2.5855799, 3.8899434, 2.402822]
[3.6475053, 4.423632, 2.6892772, 3.4412858, 4.5248775, 3.8424258, 0.90060055, 1.5984249]
[0.7860628, 4.501585, 2.2650979, 2.0423274, 4.428368, 2.5975416, 4.748792, 1.9680417]
[4.0834856, 2.2687376, 0.17087221, 2.2409928, 4.3007183, 2.9469678, 2.4641714, 1.6107669]
[3.7423902, 1.5843248, 4.878772, 2.992952, 3.5152352, 3.5905972, 0.040326416, 4.205914]

[2.5552368, 1.019279, 0.44146442, 4.8753715, 4.1612706, 1.0417353, 2.2836359, 4.58592, 2.6143553, 2.820454]
[3.666357, 2.764261, 0.08005185, 3.3073986, 0.653538, 2.804034, 4.2050157, 1.2666068, 0.5993729, 4.2997155]
[3.871258, 1.7375021, 2.9568872, 4.2558336, 2.8469398, 1.870467, 0.0919208, 3.0851772, 1.297927, 3.3228304]
[2.0982869, 3.3726683, 2.1050305, 4.7482243, 2.279843, 3.116785, 4.395678, 1.3190782, 4.56966, 0.382725]
[2.8709443, 0.6536796, 3.0549777, 3.6940615, 4.671356, 2.497508, 3.0890958, 4.7816315, 4.239979, 1.5736496]
[0.99422896, 0.73710513, 3.3259282, 2.5683053, 1.1863917, 4.6280265, 2.0240552, 4.526317, 1.4362487, 1.8015428]
[2.7679088, 2.6386542, 2.2886775, 4.917177, 2.972353, 1.8876293, 3.433712, 3.2354872, 1.7577062, 3.974802]
[4.0673714, 2.2444978, 2.0260017, 0.5934182, 3.7652411, 3.2746162, 2.5480487, 2.3268392, 3.6276784, 0.7772744]

 

Average Error: 0.0032563098