Final Weight Matrix:
[4.347554, 1.4462903, 4.734092, 0.76892644, 2.6018577, 0.4466504, 2.8917956, 0.58357984]
[1.0308967, 0.16980112, 4.557029, 0.9088218, 3.8449583, 1.0334897, 3.0822184, 2.1722703]
[1.0764184, 1.7669282, 0.7334691, 4.977166, 2.5085986, 2.8241944, 2.4064116, 2.663883]
[3.0252445, 2.0179749, 0.76829404, 2.1796231, 3.1011624, 1.311979, 0.5458319, 1.4004928]
[4.4747477, 1.5487367, 3.0366805, 0.3401035, 0.9818351, 4.6097665, 3.5012233, 3.2242248]
[2.154815, 0.95201075, 3.4659388, 4.408125, 0.39686382, 2.748308, 3.668203, 2.6489723]
[4.302012, 0.60650647, 1.126466, 3.5475829, 0.30940503, 1.4432025, 4.813861, 2.6600556]
[4.234394, 3.951251, 3.5351925, 2.1092157, 4.017978, 0.89799315, 3.6976876, 4.647707]
[1.0658286, 2.4120448, 3.768838, 3.3290756, 1.9228146, 4.414602, 0.82722336, 4.9109383]
[4.4410954, 0.39626688, 2.9344943, 0.1666063, 1.5698907, 4.0677366, 1.2421262, 1.6302583]
[0.021640658, 4.7732897, 3.1515002, 0.29848427, 0.27919322, 1.4664805, 2.2799466, 4.200874]

[1.2067415, 0.039915044, 2.960668, 1.9166502, 3.2438517, 0.66954064, 3.9856975, 4.3327045, 0.22319146, 2.9180055]
[4.000331, 3.6552699, 3.9945142, 2.674106, 4.2308397, 0.41798174, 3.3280873, 3.5230234, 4.740044, 0.492956]
[4.476188, 1.4794551, 4.635644, 3.2925568, 0.45089853, 4.56613, 0.19039923, 4.3686657, 3.8040142, 0.5151664]
[4.781197, 2.0973852, 3.0700715, 3.602753, 0.8414231, 2.1191268, 3.1092434, 0.8568346, 2.4013703, 1.0542411]
[4.7480445, 2.3917928, 2.6471639, 0.75054723, 3.0976915, 2.2098222, 2.9877813, 1.0848807, 2.5782816, 4.1534595]
[0.14416444, 2.5263, 2.6205099, 2.5475202, 3.0190454, 1.7524955, 2.2072275, 1.3442925, 3.4678636, 3.4567742]
[3.1592276, 3.01745, 2.3927057, 1.7593335, 0.9515596, 0.42432162, 0.35762575, 1.4494362, 3.8635585, 1.3981973]
[2.8520708, 1.8468336, 1.1656089, 3.6599681, 2.7392228, 3.490589, 1.2584058, 4.7674627, 0.18165101, 4.9147034]

 

Average Error: 0.002873078