Final Weight Matrix:
[1.1673069, 1.9970844, 2.7556844, 3.1702747, 2.7380145, 1.9300187, 1.3475698, 4.725881]
[2.5702477, 1.3943694, 2.4360454, 3.3040783, 4.4395075, 2.1592727, 2.163673, 1.6582513]
[0.85250527, 3.7672842, 4.363128, 4.203687, 4.784212, 3.412027, 1.0762599, 0.39872438]
[2.2987676, 3.2513497, 1.5210364, 2.347272, 0.5026409, 0.023219883, 1.9816267, 0.2796921]
[4.8802037, 0.32821894, 2.799747, 3.1329558, 3.2088714, 2.837665, 0.37834704, 2.0135412]
[1.5886897, 2.8403723, 2.1500955, 4.724569, 3.3733366, 0.32988608, 4.294339, 1.7497697]
[2.0077384, 0.39927483, 3.5418725, 0.479196, 4.5917172, 0.20947754, 4.3246174, 4.043874]
[3.8573363, 3.6526039, 1.3980407, 0.79835147, 1.7059996, 4.981985, 4.6817346, 1.2912524]
[3.3641682, 2.8302574, 0.6751403, 2.9252622, 1.0261351, 3.905035, 2.361124, 1.5006757]
[1.8291996, 1.2242001, 2.913283, 4.422676, 4.499384, 3.5304167, 1.8799818, 2.634397]
[0.69136053, 3.7738094, 4.3886967, 2.808758, 2.1793032, 4.5550537, 3.56104, 0.12577862]
[3.719072, 3.7262359, 4.9676056, 0.10305971, 3.7574623, 4.017261, 4.001517, 4.600341]
[2.7006168, 1.42039, 1.3823066, 1.8402097, 0.23837268, 3.9694328, 3.1927302, 4.272433]
[2.1498632, 3.6035225, 1.4286101, 0.44588596, 1.0617325, 0.63426524, 3.737302, 0.96726567]
[4.0956182, 4.3309693, 1.0183988, 2.7377996, 0.10597497, 1.7088542, 3.7485816, 0.22682637]
[0.9808716, 4.42247, 4.111866, 0.71382344, 1.0432494, 3.919478, 1.3108566, 4.4982486]
[3.0624766, 0.65259844, 1.3010734, 3.7200758, 3.458339, 3.1496122, 4.8291173, 3.9744875]
[1.4723029, 3.3381538, 1.2197858, 3.553673, 0.9926504, 0.46468467, 0.20358801, 2.259696]
[4.2776628, 1.7520108, 0.014107227, 2.0480351, 1.5293024, 4.1393223, 2.5269275, 3.665483]

[0.46181226, 0.84073526, 2.8242674, 3.2130387, 2.0964594, 0.35629317, 1.9209406, 0.60925716, 0.73457736, 0.052369677]
[2.599987, 4.057993, 2.733489, 3.5911639, 0.2049426, 3.2823007, 4.478837, 0.6913827, 0.6001081, 4.8122272]
[4.0379915, 1.8223966, 2.3189912, 4.48224, 3.9397001, 2.1085234, 4.611934, 0.3765445, 2.4918256, 1.614179]
[3.8136206, 0.2643904, 4.97259, 4.207961, 0.26635748, 0.48790598, 0.95098597, 3.8084288, 3.260713, 1.8550727]
[3.278731, 4.2055187, 2.8214233, 1.2596871, 3.873511, 2.028303, 1.1414223, 1.0930347, 1.0791763, 4.310226]
[1.4422613, 0.47451693, 2.9646218, 3.4546213, 4.622115, 0.5154643, 1.6038442, 4.015754, 0.31180888, 3.2455547]
[3.915241, 4.358726, 0.6435694, 0.09111938, 2.6044981, 0.985811, 0.87539136, 3.4404662, 3.8275123, 1.6969537]
[2.9166374, 0.5169274, 0.3429428, 3.100408, 2.1424942, 4.5654244, 1.7349699, 1.6621653, 1.7426069, 2.9402983]

 

Average Error: 0.21428572