Final Weight Matrix:
[2.0497754, 2.5942569, 2.4008079, 1.3113811, 3.0518737, 0.93909085, 0.30760884, 0.6824288, 0.9842172, 2.7046294]
[0.6253487, 1.1101031, 4.3752284, 1.3270766, 1.0271126, 4.04575, 4.937605, 4.797306, 0.613105, 3.3397589]
[2.3986123, 1.8586972, 2.5145128, 3.6348567, 0.46727926, 2.1621327, 1.8084925, 0.6922081, 1.1621001, 2.1867805]
[2.157737, 1.1244633, 1.8676484, 3.0159237, 0.46533287, 1.924718, 2.351376, 4.0770636, 3.3923604, 3.3799264]
[2.713958, 3.7782817, 2.2408972, 1.6066155, 4.357093, 3.4275005, 2.3308024, 3.6015174, 3.599081, 0.75255483]
[4.170102, 4.5562134, 4.446265, 1.858252, 2.964253, 3.330004, 1.2111735, 2.18779, 0.06053984, 0.6364915]
[2.457718, 4.3916698, 3.9648337, 4.2950153, 2.0299444, 1.3547733, 4.4867215, 2.0868113, 1.3916075, 0.66444814]
[3.2063088, 3.4870749, 0.9554079, 0.70771605, 1.8558464, 4.107986, 3.6273112, 1.318213, 1.8687296, 3.764865]
[1.1253798, 2.4228833, 3.46762, 4.9893003, 1.2744653, 3.700172, 3.3957222, 0.7711771, 1.0265996, 1.6064239]
[2.0970788, 4.668631, 0.33870667, 1.7720437, 3.6326983, 4.924198, 3.7592573, 0.24590284, 0.39207906, 0.25060117]
[0.9666726, 4.1733513, 2.1900811, 4.775161, 0.9758222, 2.543501, 1.2960517, 3.6727333, 0.024074912, 1.7142475]
[1.4477208, 0.07907808, 0.5824712, 0.61358213, 0.7818189, 0.40587097, 2.6561704, 1.1834059, 3.6449828, 4.512188]

[2.7650232, 3.6532953, 0.41371673, 3.8026645, 1.281707, 1.2481076, 3.1855721]
[4.0878897, 3.2811952, 3.60212, 4.6429605, 2.4667094, 3.6794343, 3.3965027]
[0.62697023, 2.972376, 1.2471089, 0.99472135, 0.2851379, 2.8049657, 1.4405265]
[1.3261312, 1.8214339, 3.5818336, 0.83836704, 1.1812264, 3.3289015, 0.74737936]
[1.0807667, 0.9181398, 0.3288272, 2.554984, 2.4246545, 3.3399951, 1.0813966]
[0.47015697, 2.533109, 4.9532275, 3.5311272, 3.4379163, 3.6616926, 2.7401943]
[0.6686294, 3.8429415, 3.5742366, 2.0232105, 2.8442595, 0.69256365, 4.9755206]
[0.5249557, 3.0779517, 2.2351737, 3.9779904, 2.6711977, 1.0450008, 2.9458537]
[1.6914469, 4.8806314, 0.2550131, 2.2632113, 4.834055, 2.653709, 0.008993745]
[1.2334645, 1.7836583, 2.833624, 1.2489909, 4.0373225, 1.5220475, 3.359694]

[-11.606295, 0.29987404, 3.7987025, 3.019332, 1.9856836, 4.422682, 3.2336564, 2.7909727, 2.9132478, 3.2988997, 4.4126983, 2.086608, 2.4128413, 4.231538, 3.1911168, 2.5909386, 2.9523206, 0.7246415, 2.4048197, 3.9766793, 2.559942, 0.3105159, 4.7969623, 0.42122522, 3.1024837, 1.3278844, 0.008887327, 1.7234591, 0.20091678, 0.06455724, 4.6158953, 2.35451, 4.8012238, 3.4890454, 2.386869, 3.8192306, 4.8148494, 2.3049154, 1.1615074, 4.032361, 2.6141071, 3.8518825, 0.7488089, 3.3115454, 3.5438144, 1.3571217, 1.2396799, 1.2554812, 3.5751677, 1.5348542, 1.4496611, 3.3813696, 3.791459, 0.658318, 2.7648582, 2.3845487, 1.3650006, 4.2411485, 2.3910587, -0.007442416, 1.8236964, 1.4966958, 3.029129, 2.0891404, 2.3105354, 1.4031748, 3.546948, 3.5303824, 1.9253526, 0.69702977, 1.1960675, 0.32327512, 3.7095158, 2.8493538, 1.3421088, 1.8645753, 0.21822235, 2.0911088, 1.6618842, 3.4757698, 2.2058904, 3.8436801, 4.211329, 3.3826957, 3.124291, 0.94712925, 3.043593, 0.8872498, 0.63260454, 4.8934608, 2.0772126, 0.42510507, 0.08057499, 2.3557162, 2.614618, 4.2427297, 2.013545, 1.1870086, 2.7277067, 3.180882, 1.1972091, 2.4880493, 2.3300624, 0.7549113, 2.0894988, 2.987157, 2.7863803, 0.51421446, 0.90497756, 2.3411357, 0.31722432, 0.6247126, 0.66332775, 3.972151, 2.1307378, 1.4678932, 4.618339, 0.9567993, 0.7929482, 1.6028802, 2.4085498, -0.009513524, 4.3728304, 3.923799, 1.1790496, 4.4495096, 1.0452689, 1.6244507, 4.85642, 0.44871926, 4.497153, 0.2686991, 0.75322306, 3.999856, 1.0028613, 1.6858559, 2.149761, 3.9694417, 1.5084981, 0.63743716, 2.2490652, 4.1053576, 4.204905, 0.46861082, 2.4896286, 3.9858432, 0.07054619, 1.7554846, 3.9954052, 3.2561755, 3.9102645, 3.0958064, 0.9654804, 3.2762747, 4.860241, 4.559951, 4.3151155, 1.722352, 4.177685, 0.7760224, 0.5215983, 4.478249, 0.14425899, 1.0666566, 3.2769213, 0.8164347, 3.2903843, 1.4728231, 2.4993222, 1.1938592, 4.852901, 1.9556102, 2.332371, 4.3302484, 0.97941154, 1.4663965, 4.831808, 1.2887043, 4.7200737, 2.801244, 1.0649474, 2.1977806, 1.2351232, 0.21721086, 3.8246908, 0.58868164, 3.8898737, 2.1247497, 2.846099, 1.4281925, 4.2966495, 2.1233275, 4.644064, 1.3505906, 2.452182, 2.6732352, 2.1017096, 2.9966795, 4.681899, 0.0401056, 1.8275731, 0.43285215, 4.874838, 0.97721756, 1.3678126, 1.395232, 1.6059875, 0.8813887, 0.55945945, 2.3912067, 1.3534975, 3.10018, 0.3652155, 3.6492698, 4.511737, 2.5427058, 3.0297081, 2.295054, 0.320559, 4.565221, 0.10637485, 4.3277025, 2.8165014, 3.347611, 1.6401491, 2.4818573, -11.567877, -7.499833, -10.119951, -9.387582, -6.829212, -11.2164545, -10.670515, -10.713131, -9.040267, -11.092771, -9.408897, -9.983626, -7.9376125, -9.288349, -8.731171, -8.431206, -10.071292, -6.6823044, -10.16688, -8.828392, -10.137117, -9.5017, -6.9705267, -11.339074, -9.947562]
[-8.399082, 0.55993944, 0.43032318, 4.8433046, 4.639863, 1.8219877, 1.0427685, 4.8481197, 2.7549696, 4.176149, 4.248013, 0.083265156, 0.20076428, 0.73594254, 0.20296566, 4.9032106, 3.5836687, 3.5248349, 3.7012894, 3.2152505, 1.5846311, 0.8751216, 4.2512407, 0.0728334, 0.925717, 3.8392322, 2.9587533, 3.581818, 2.156161, 4.3922772, 3.1064873, 4.1905246, 1.1356051, 4.86395, 4.7078953, 3.130614, 2.8112893, 4.8255863, 0.816994, 1.9629143, 2.677244, 1.8179237, 1.0394709, 0.35889062, 4.3912826, 0.5561243, 0.6890949, 2.0468247, 1.7117307, 1.9474456, 2.3632636, 0.6999125, 2.136431, 0.9393139, 0.63643557, 0.7234548, 4.5872865, 0.0053267065, 2.2935724, 2.8420246, 2.2545002, 0.95782125, 3.8487957, 2.4041662, 3.4118426, 1.0071265, 3.2768795, 3.9409597, 2.028792, 2.03722, 3.004253, 4.8500133, 0.6906953, 3.7115738, 0.49059874, 4.452106, 4.0078597, 2.5612955, 4.7151775, 2.7538671, 4.358817, 2.8519282, 0.86174065, 2.746973, 4.0201335, 0.74174494, 3.7428489, 3.3439298, 2.4188206, 3.8996882, 1.381335, 0.31853083, 2.3477445, 0.53817457, 3.0264277, 0.51498467, 1.3409144, 4.068095, 3.8757372, 2.317112, 3.3552456, 0.38134983, 3.2522674, 2.780612, 3.3519776, 3.973315, 0.79828054, 4.66549, 0.83745915, 2.3042994, 1.2616571, 4.650064, 2.7018003, 0.008296202, 2.5944963, 1.8768693, 2.6944537, 4.1234994, 2.633713, 4.7760878, 0.69013685, 3.2955203, 4.0886364, 3.703907, 2.8025124, 4.917578, 4.1813955, 3.5584774, 3.8535807, 2.065566, 2.4421084, 4.1450157, 1.11388, 0.06532796, 1.9469501, 1.6896702, 0.98480105, 0.45448956, 0.17729752, 4.251357, 2.2982147, 4.1111264, 4.4671135, 2.9193459, 2.8413959, 3.017032, 0.7119062, 1.1749234, 0.4990844, 1.7763209, 0.3927701, 3.9716494, 3.8762703, 0.6752638, 4.1337624, 4.537088, 1.5727303, 4.7239294, 2.6462448, 2.7505095, 1.335186, 0.44606927, 3.7511673, 2.9820225, 2.8885295, 3.763283, 4.521539, 4.2400284, 3.9452777, 3.0639322, 3.4777966, 4.794918, 3.2900648, 3.4987557, 0.54811615, 3.453419, 0.06492474, 4.5177894, 2.7947707, 3.610104, 3.5759742, 4.6366143, 2.0547974, 3.34654, 2.403872, 4.5709605, 4.764978, 1.6108111, 3.8210082, 1.3779085, 3.8874102, 3.2681124, 3.1685367, 2.6513228, 3.23329, 2.9625132, 1.2881591, 4.6461296, 4.944154, 2.3580234, 0.06825073, 3.7677708, 3.202886, 1.1821154, 2.7133932, 4.1461, 0.73483354, 4.8648696, 1.8303515, 4.781329, 3.0633485, 0.22114015, 1.7045345, 2.4239573, 1.5988255, 2.6333892, 2.3147647, 3.9051998, 4.256052, 3.014663, 3.440685, 0.009733265, 4.1827335, 0.3432598, 4.5303965, 4.346268, -8.69072, -9.220854, -6.7735443, -10.429489, -6.862194, -6.971775, -7.007833, -10.581862, -8.726467, -9.89054, -9.221392, -9.433585, -8.528241, -11.230684, -9.483469, -10.277439, -6.6753116, -8.182268, -8.707963, -6.6696877, -10.745418, -11.422694, -7.2511663, -8.658155, -6.818929]
[-7.1300325, 2.183779, 4.911578, 1.0600725, 2.295436, 0.8222493, 3.7115626, 2.5976272, 1.9967922, 4.00413, 4.5703926, 3.5532382, 4.3702984, 0.14350063, 4.8432183, 2.9411533, 4.548694, 3.9945774, 3.3528693, 3.754634, 1.092472, 3.2513344, 4.8432913, 0.007023554, 2.3565106, 0.47705737, 2.070181, 1.4597297, 0.5548705, 3.4048803, 3.2017157, 0.9465424, 2.1297483, 0.0162136, 1.8505682, 1.046664, 2.5310566, 2.0973394, 0.38691542, 2.5696957, 1.4874349, 4.871416, 0.4878316, 3.5991757, 1.2125424, 2.9072592, 3.853397, 3.3784997, 2.2611673, 2.086837, 1.4297549, 0.2678146, 3.9055145, 2.0189157, 2.6399388, 0.0187212, 3.3838596, 2.7985742, 0.7816025, 1.187504, 1.2975326, 1.3589723, 3.5167825, 4.205708, 4.639783, 3.7000635, 2.8572237, 2.1552196, 3.1660402, 4.8604255, 0.5331292, 4.1025157, 3.3685334, 4.0959744, 1.0413884, 2.3826442, 4.889517, 4.3874273, 0.41860664, 4.5125523, 4.76927, 1.5028386, 0.5928737, 1.7321988, 1.4105674, 0.31243193, 0.9130955, 2.522831, 2.052128, 1.8407449, 1.2208177, 0.83999443, 4.4302473, 0.85570186, 4.52084, 4.3962355, 1.6794533, 1.3813372, 2.1964357, 3.7136319, 2.6915994, 3.8514132, 0.40810385, 1.438098, 4.091463, 2.2300906, 0.91462463, 4.3107214, 2.4248714, 0.26942858, 2.762046, 4.4246836, 0.39478293, 0.830042, 4.027978, -0.011058291, 1.5808756, 0.11663748, 4.518216, 4.642717, 0.8850959, 0.14509536, 0.07789785, 0.4624467, 1.5887593, 3.30595, 1.2863683, 2.463746, 1.9920717, 0.46934423, 0.51423615, 0.8832114, 0.3020509, 1.2351147, 1.2246239, 4.150994, 1.5974966, 1.4508862, 1.2932229, 3.8242395, 1.1189263, 3.1281567, 2.7128549, 4.2982974, 3.2057009, 3.9265764, 0.41953257, 1.646599, 3.4237392, 0.8797513, 3.061782, 3.117872, 3.2129254, 4.262984, 2.509094, 3.685305, 1.8088378, 1.3162628, 2.9073355, 2.0979443, 0.2489362, 1.4285575, 4.8349447, 1.801777, 4.2097774, 0.7790376, 2.4914432, 3.3683915, 1.7184571, 2.8155978, 0.49085444, 4.163072, 1.390203, 3.5085294, 2.8803017, 0.25593486, 0.56215423, 3.8294811, 2.794652, 2.8368075, 3.2959027, 3.3435428, 2.0319932, 0.013665469, 3.014715, 3.617628, 1.7093436, 3.9004006, 4.6987915, 1.0382527, 2.7091398, 0.770054, 1.081506, 4.9332027, 1.835256, 3.7118037, 1.5696412, 4.394638, 1.5077775, 4.5066504, 2.072868, -0.022586005, 3.3928483, 4.0528245, 1.8910991, 1.59773, 0.5497449, 0.7059551, 3.2242098, 1.298303, 1.8384967, 0.89799684, 4.310896, 2.0689285, 1.283742, 0.22271721, 2.8946302, 2.1945748, 3.8473573, 4.564663, 3.0971348, 1.5485923, 1.4868613, 0.7119206, 1.0855594, 4.9251733, -9.927081, -9.370288, -9.270007, -8.137466, -10.320724, -7.99938, -7.217692, -9.948718, -9.28563, -7.016936, -7.4348607, -9.810182, -10.8580675, -6.859015, -11.398751, -11.370711, -10.482356, -8.104252, -11.486106, -7.6858716, -8.462649, -11.756955, -9.071361, -11.430148, -11.215356]
[-10.312859, 0.91081184, 2.7337158, 1.2076255, 3.474729, 2.4436681, 0.018914951, 1.6627808, 0.80518174, 0.8258276, 4.073143, 0.7281945, 1.0170432, 0.69099265, 2.0814996, 2.3768659, 0.30217806, 0.50262374, 3.7421718, 1.9901834, 1.1864033, 2.5054033, 4.2334304, 3.2802162, 0.35711598, 3.8384387, 1.1783112, 4.3485126, 2.9466934, 1.238577, 4.8418784, 2.0962594, 2.515435, 4.7249074, 1.1126543, 1.7061124, 0.10025282, 0.22063392, 0.8098694, 1.861237, 4.748008, 3.5660338, 3.3423038, 0.5480512, 1.3922738, 0.74298286, 1.7532008, 1.6547976, 2.4115942, 3.9188843, 4.1525393, 3.3156538, 2.4256513, 3.5618498, 1.4918054, 4.5717797, 1.5335816, 3.2662065, 3.8241947, 4.1808147, 4.851845, 3.9527097, 3.0091033, 1.9502337, 3.2456167, 1.2967266, 4.1057262, 2.8642392, 4.5838337, 0.97128755, 0.5886934, 4.1724114, 4.2511196, 2.1719139, 3.380387, 4.1333585, 3.5265644, 4.8039856, 4.645078, 2.559066, 4.319239, 3.8427777, 2.2803123, 2.6139226, 0.49628025, 1.5922601, 4.402504, 3.904316, 3.6602721, 3.6106691, 2.9747496, 4.8655214, 3.133391, 2.9222305, 1.179146, 3.20751, 1.0354661, 3.547322, 1.5385547, 4.806236, 2.9357972, 0.08757573, 1.7888677, 3.2674012, 1.0213323, 3.1237688, 1.2918049, 4.1465964, 1.3186564, 3.4768405, 0.6928891, 2.769726, 4.259479, 3.8627453, 1.1231562, 0.086540684, 3.187575, 3.7004209, 2.4577298, 0.25695604, 3.4544024, 2.2535355, 3.7424772, 3.1350958, 4.7969937, 3.6688051, 2.2044747, 1.6702127, 0.330023, 2.4715416, 1.2745101, 3.4809968, 0.6806082, 0.4229792, 1.0798327, 2.5460176, 1.8028527, 4.6671834, 3.14498, 1.3971974, 2.2518435, 0.28174686, 1.2777488, 1.2052534, 2.1554554, 2.7514527, 0.120307624, 0.8463379, 0.22424485, 3.7357917, 1.313283, 1.0022005, 2.7449665, 2.596089, 2.62608, 0.6382122, 2.9003859, 4.138065, 1.234926, 3.89463, 4.6551313, 2.5294018, 1.7974322, 4.5895433, 0.82897687, 4.7077293, 0.061947353, 0.4003993, 3.2387936, 2.8760276, 2.688778, 2.11171, 4.4541645, 3.514763, 3.4638565, 4.477788, 1.6645187, 0.0077812877, 0.80011034, 0.61419255, 1.4262295, 0.06135579, 3.7607496, 2.4538825, 1.9445808, 3.048663, 0.72925884, 4.012841, 2.255556, 4.752708, 1.6229743, 3.8200085, 1.5605422, 2.9722197, 4.0142198, 2.1998205, 0.23737863, 4.169907, 4.5134873, -0.026467944, 2.1238248, 4.2440305, 2.4417768, 1.365913, 0.15975128, 0.005343091, 0.7209296, 3.3033786, 0.15621972, 3.6173441, 2.9263377, 3.930401, 4.5485578, 0.8433691, 0.26909935, 4.039212, 4.6023936, 3.8790364, 0.8220327, 2.2250807, 3.7475739, 1.7910393, 3.6193945, 3.8047175, 0.9901888, 2.6556213, -6.7010026, -10.177854, -9.94059, -10.595438, -7.1152577, -6.902972, -9.422961, -9.259755, -6.698583, -11.522418, -8.526474, -8.273556, -8.811604, -6.932467, -7.5249615, -9.115833, -7.8429527, -10.771452, -7.22465, -7.3410535, -9.922541, -10.88405, -11.126429, -7.2800584, -11.0612755]
[-7.4382596, 2.9822533, 0.63627654, 3.3045452, 3.6869986, 0.5779473, 0.77714026, 0.6090717, 0.61201096, 3.8887131, 2.177734, 2.5978613, 1.8059069, 1.2550782, 1.1810855, 0.45082638, 3.123445, 1.7249415, 3.4902296, 1.7253518, 2.6977468, 2.2061815, 1.2404414, 2.9652524, 0.38593003, 2.260749, 0.9416129, 1.6294606, 4.1511116, 4.3021283, 2.686529, 4.413756, 1.7902528, 1.8534486, 3.2396932, 4.286639, 4.9047937, 0.07987177, 1.0963802, 0.96213603, 2.277158, 3.0944526, 1.6195308, 3.6841972, 2.3907075, 1.0190824, 2.3345053, 1.9289756, 1.1147274, 2.4936743, 2.0423937, 2.23653, 2.2234838, 4.4240108, 4.3351197, 0.30072945, -0.0052707796, 1.9406482, 2.711849, 0.81819445, 0.9446724, 4.2609053, 1.4486614, 1.7360924, 2.5189557, 0.11734151, 0.3783672, 4.6248465, 2.3798802, 2.4688792, 2.1324608, 3.8865662, 4.1009955, 1.4457726, 4.2618146, 2.1940196, 3.9136608, 0.3898802, 4.0858374, 4.466438, 3.214131, 2.9276407, 2.7536306, 3.689788, 4.4318185, 3.233936, 2.921204, 4.246389, 3.7041588, 0.026595324, 1.7882808, 1.2960142, 0.8961354, 4.492298, 0.6345804, 3.5437071, 3.1301658, 4.618943, 2.5148437, 1.5617766, 1.4133264, 4.171005, 0.6662981, 1.0823623, 2.7311563, 2.5536242, 3.430015, 0.93147296, 4.0274267, 2.300402, 4.3165293, 1.71547, 3.6282117, 4.6774, 2.6454153, 0.36259395, 0.5152656, 0.84021115, 0.9827518, 3.458414, 1.9731039, 3.5619347, 1.7438082, 2.5718706, 1.8376135, 3.2020166, 1.1684947, 0.73382944, 3.1728535, 3.5723093, 1.0345887, 1.3855014, 2.546996, 1.9724354, 1.5170847, 3.4691505, 3.7570632, 4.377051, 4.6068015, 3.0020504, 2.5784862, 4.7380967, 0.115753815, 4.334384, 4.184915, 2.4894397, 4.536176, 4.2122173, 3.3507323, 3.9893553, 3.8497825, 3.7732866, 2.2741585, 1.9060884, 0.2795623, 2.464771, 4.4989595, 0.45376396, 1.245297, 0.27298158, 3.2535686, 3.467179, 2.8487818, 2.424368, 1.2559185, 4.1073375, 0.41286227, 3.0575871, 3.9746425, 3.1483195, 3.0294495, 4.6357555, 4.3701773, 4.1836853, 1.4475982, 2.6693704, 0.51268065, 2.0756004, 4.0838103, 0.78769845, 0.9415512, 4.369005, 1.4523098, 3.6841695, 4.0508714, 0.66434765, 2.0317357, 0.13522734, 3.62556, 0.007079136, 2.9444988, 3.5638578, 4.4578757, 1.0386976, 0.4750989, 2.4730089, 0.5597516, 2.9159367, 3.0661433, 4.420571, 4.751879, 0.45950556, 2.4752905, 1.4576718, 0.26456282, 3.841212, 1.3818213, 2.909582, 4.3663325, 4.3506055, 3.6512, 2.3708258, 3.9420729, 1.914889, 3.6802735, 4.4284263, 0.5155719, 0.11161171, 3.987205, 3.6027954, 4.6729417, 2.3581696, 1.7260586, 2.7368748, 4.4496565, 2.8850136, -11.067672, -11.339965, -7.664278, -9.580865, -8.7608185, -8.477699, -8.794183, -10.334162, -8.39552, -10.839585, -7.247042, -7.1972303, -10.861781, -8.874694, -6.85936, -7.922023, -10.784321, -7.010579, -7.487684, -8.020317, -10.891173, -6.9760222, -6.812033, -10.893167, -10.520502]
[-6.9485655, 1.7795032, 0.5494912, 1.2351332, 3.4911737, 3.6257648, 0.1316482, 1.7914934, 1.2180138E-4, 4.585732, 3.890123, 2.997861, 1.9436095, 0.9429852, 4.0159125, 4.232962, 0.9705569, 2.8628516, 3.0105906, 2.8003452, 2.9274924, 3.8733404, 1.4129757, 2.6464167, 3.4621296, 1.4442071, 3.6009152, 4.404158, 3.3313825, 1.3272601, 2.045513, 3.2237604, 2.7103512, 0.61918783, 3.074535, 0.95682806, 1.4992493, 3.6773574, 0.7267369, 3.999259, 2.427894, 3.3767867, 4.351819, 0.8897774, 2.6876602, 4.9174333, 4.224385, 4.068907, 0.075281054, 2.683491, 3.4802265, 0.40522376, 3.288399, -0.02798839, 0.9329458, 2.1176953, 0.8757572, 0.057038035, 3.3708389, 2.1870317, 4.3505597, 0.66070247, 1.4664423, 0.06345551, 2.1957102, 3.1987164, 4.492597, 4.1655083, 0.07974735, 0.9763741, 1.850755, 3.8759415, 1.7001439, 4.460505, 0.19428745, 3.4596686, 2.3939607, 0.81906646, 2.6517537, 1.5602716, 3.2975943, 3.1470919, 1.0256996, 0.75167453, 0.07192376, 1.8873862, 0.50955683, 2.7449222, -0.008098495, 4.1880546, 3.2892632, 4.4512925, 2.4271219, -0.032622296, 3.5425696, 4.599653, 2.7535808, 2.2792943, 2.4743776, 3.7663548, 1.4582394, 2.3291976, 4.7962523, 1.7982005, 2.819252, 0.2331503, 3.5856454, 4.681154, -0.044450257, 4.447422, 1.9128954, -0.00832569, 4.7541885, 2.3795812, 3.2175565, 1.5469944, 2.929606, 0.54985726, 2.6373868, 0.41726527, 4.760202, 3.6973972, 4.5638776, 4.408125, 0.13855895, 2.8725452, 4.2208123, 4.827293, 3.1693983, 2.7932281, 3.214524, 3.3508549, 4.389531, 0.58880055, 0.18941964, 3.2428973, 3.846685, 1.9713305, 2.0503724, 2.56944, 0.69338053, 4.477185, 0.22592942, 1.0169686, 1.2502217, 0.45445618, 4.140753, 3.5787086, 2.2919285, 0.19083616, 3.6674063, 0.8849494, 3.8689156, 2.19621, 2.241369, 4.053411, 4.5802326, 3.4891376, 3.3966122, 1.074356, 3.6585433, 2.840068, 2.9957454, 1.4479952, 0.2741126, 2.657248, 0.5565657, 3.3262568, 0.34588122, 1.1472205, 2.858473, 4.8604813, 2.9027226, 3.923736, 1.0631493, 1.8439673, 2.1452866, 3.5850608, 1.141023, 1.6504287, 2.131005, 3.4941392, 2.5008538, 2.249071, 4.035584, 1.8311273, 3.7021508, 0.06926704, 1.5375557, 0.3752596, 4.5901017, 4.5328298, 1.3726604, 1.7089368, 3.2007055, 0.30002952, 0.5907288, 2.2800863, 3.140745, 2.1784377, 0.6857825, 3.3670952, 3.997259, 0.6889725, 3.7693617, 2.1041348, 1.0074575, 4.7210307, 2.6290293, 1.6307535, 1.2832925, 2.8832023, 0.37280187, 2.8479557, 0.56536293, 3.423934, 4.8473697, 2.030428, 0.21728449, 1.8344957, 1.244694, 2.4119523, 4.135406, 2.5398068, 4.797247, 2.4867551, -10.2299, -8.0589485, -8.597889, -11.314057, -11.312711, -8.174544, -8.27026, -9.142126, -7.11917, -10.927142, -9.448351, -6.9646845, -8.139826, -7.086647, -8.762474, -10.24219, -11.458508, -8.287424, -8.07618, -11.467988, -10.944955, -8.433948, -9.021935, -7.0130672, -7.7471657]
[-7.44886, 1.4384505, 3.1403089, 2.3213856, 4.229042, 0.5434444, 1.6772635, 1.0070134, 3.284603, 3.5550895, 4.7947855, 4.7984905, 3.034163, 0.07343748, 2.4157455, 0.606692, 3.0076597, 0.36161473, 3.5514133, 0.2944152, 2.37421, 0.3924168, 3.224804, 0.50978345, 1.2456826, 4.7620897, 2.3520706, 2.284999, 0.27729172, 0.22972551, 2.9005535, 2.481429, 2.6856833, 1.3118038, 2.9148474, 4.0217485, 3.5970008, 4.7562766, 3.4034433, 1.8424838, 0.6729105, 2.9572875, 3.2830555, 3.229077, 1.9957016, 2.1077104, 4.0548487, 3.0453038, 2.9377434, 3.4860747, 1.3254426, 4.4040337, 4.3307247, 3.7716749, 3.4137163, 2.966938, 1.0873191, 1.1405808, 2.0439525, 0.4401711, 3.0625517, 2.598739, 2.1412044, 4.7038136, 2.6866446, 3.4144435, 4.456035, 1.265897, 2.6295571, 1.6263484, 0.6721368, 4.415779, 1.4953902, 3.1912785, 0.27645114, 3.8186312, 3.799833, 0.45078492, -0.025740135, 3.4108694, 3.2908592, 2.088973, 4.1819468, 0.80538267, 4.512985, 4.0959387, 4.917566, 1.7813078, 1.2029246, 3.6377976, 1.9803329, 1.290706, 1.3273661, 1.0591056, 3.9988441, 3.2996488, 1.8122244, 1.2108829, 0.536151, 0.32949397, 1.8910825, 1.5497024, 1.0789431, 0.07150875, 4.305389, 3.8994215, 1.8164996, 2.3684824, 0.62216276, 0.08253338, 4.216696, 1.5359113, 3.389999, 2.4293804, 4.2755284, 2.536637, 3.4452205, 2.7913704, 3.8390713, 2.740443, 2.9500222, 2.0283446, 4.8797073, 1.2627044, 2.192405, 4.2094555, 2.3560686, 3.8842857, 1.4949962, 4.6382756, 0.7581319, 0.700628, 1.2457048, 1.3938262, 4.7564373, 4.8259315, 4.665533, 4.177206, -0.0039580087, 3.0801628, 0.006940954, 3.8537192, 4.792102, 4.1087074, 3.9519503, 0.7152732, 2.0117457, 0.9450687, 1.9934767, 2.5808918, 4.240153, 0.79726434, 0.42724577, 2.2254333, 3.8844526, 2.672838, 3.3025985, 3.8246152, 3.1063025, 0.9328881, 0.34157205, 1.2591023, 0.14244159, 3.86049, 2.9647255, 4.430232, 1.7042131, 4.0683517, 1.4816272, 3.3624537, 4.890704, 2.0035079, 4.631356, 4.2516494, 1.3476602, 1.783862, 0.42958286, 4.217298, 1.4403684, 0.6949396, 4.2177544, 4.422459, 3.7550588, 0.36389828, 4.461323, 3.529631, 1.4201106, 3.1936176, 4.6397676, 0.236793, 0.33220863, 0.18113504, 3.161105, 0.46508148, 1.9170997, 3.2430317, 4.9175777, 2.3281665, 1.24738, 0.9479117, 4.265831, 2.9698129, 1.26526, 0.6020612, 2.7810209, 0.4374552, 0.4952169, 3.9830468, 2.339184, 1.7036419, 1.0673329, 3.8535726, 1.746541, 2.8382068, 2.4892073, 4.540175, 3.17257, 3.3756437, 4.352561, 1.6130317, 3.2558186, 4.4242153, 1.4419259, 3.1620061, 1.4280082, 3.2680633, -9.75625, -7.0477586, -10.465987, -9.950294, -10.726978, -11.000166, -9.302491, -9.496909, -8.94293, -9.878981, -9.762996, -8.695421, -10.326133, -9.614881, -10.781654, -11.127055, -9.06919, -7.932106, -10.604037, -9.715751, -9.0844555, -9.089902, -10.118952, -9.845678, -9.09363]

 

Accuracy: 44.230766%