Final Weight Matrix:
[4.9249463, 2.4970255, 3.776951, 2.4453492, 4.0163817, 4.985121, 1.2882898, 4.756878, 1.540443, 2.7107475]
[3.5466359, 4.7647214, 1.5618088, 3.1542506, 0.81089824, 0.4027772, 1.386885, 1.1760161, 2.15945, 3.9098272]
[2.0832012, 2.425008, 0.6577799, 0.96658945, 1.7855678, 3.5700643, 3.1954887, 1.0688949, 4.522483, 4.1528482]
[2.266962, 0.71790487, 3.1608727, 0.69261104, 1.0812483, 1.2671626, 1.4008882, 3.5999074, 2.5299072, 3.7366467]
[1.4819171, 0.9957957, 1.526449, 0.32901794, 3.8911355, 1.2170076, 4.570137, 0.14670879, 4.2297544, 0.4139781]
[2.5462306, 0.9848252, 1.900819, 4.5309668, 3.423096, 0.47903895, 3.1751838, 2.1748338, 0.7661325, 4.125408]
[2.7865586, 3.526153, 2.6843069, 2.206688, 2.647748, 4.883521, 1.7356029, 2.7940578, 2.79208, 1.5352148]
[0.4243064, 3.2218623, 3.7782457, 1.0632982, 4.6603436, 2.6241076, 4.6832705, 3.561127, 0.0565511, 4.78383]
[3.4050956, 0.50883055, 1.3046181, 3.0795238, 3.3394053, 4.641189, 4.3884263, 1.2565532, 0.9491548, 3.2625065]
[0.81172615, 4.036632, 3.252106, 2.3333216, 3.7856839, 0.7762119, 2.5820837, 0.7594636, 1.8441603, 1.9570067]
[2.982237, 4.655991, 2.2370882, 4.8413343, 4.440133, 0.70359796, 0.7545373, 4.1447215, 1.6298213, 2.8453217]
[3.1187325, 0.70201725, 0.46820968, 1.5347028, 4.4642143, 3.3555648, 1.2831944, 2.1064255, 4.6264453, 3.3397813]
[0.71835786, 0.925971, 4.348571, 3.3314993, 2.2309952, 3.1307073, 3.169892, 3.775878, 2.5722833, 4.611456]
[2.706255, 3.670546, 4.444228, 2.5268831, 1.503434, 2.4234138, 0.4093194, 1.9846835, 1.3242695, 4.810447]
[4.4655104, 1.4706757, 2.0064828, 0.20744354, 3.6992333, 3.3324528, 2.2415857, 0.80387354, 1.3787496, 3.8166177]
[4.32006, 1.2172204, 4.3635283, 0.27198225, 4.061049, 3.9936004, 3.9748936, 2.6351402, 0.49644142, 3.7260866]
[1.5194124, 0.9448898, 3.0626578, 1.6580031, 3.5780022, 2.6390762, 4.9252305, 1.5170205, 0.39735675, 4.7881074]
[1.9308689, 0.19036978, 3.250798, 0.24595708, 0.56188375, 4.585648, 2.306172, 3.2496867, 0.12440145, 2.3999622]
[4.259972, 3.0859404, 2.4036753, 2.4575706, 4.0087976, 2.6465356, 3.7890835, 3.0784001, 4.748906, 1.6099441]

[3.7332618, 4.553133, 2.7674956, 3.4715044, 4.642603, 2.0618773, 3.5391073]
[2.0785336, 0.38147599, 0.26032388, 2.6189134, 1.8488133, 1.4445994, 2.6378655]
[3.8615372, 2.619339, 3.1486511, 1.6352568, 3.1474652, 3.5096855, 4.506351]
[1.2943902, 2.6051352, 2.229248, 3.567743, 3.939744, 4.1397686, 3.6141422]
[3.1913753, 2.490613, 0.36224276, 1.5673604, 3.3926985, 3.546755, 3.0233488]
[1.980269, 3.5115967, 4.3393793, 1.1492481, 4.1356506, 3.551969, 4.0970845]
[1.9196143, 2.798865, 2.7332914, 2.8355563, 3.1856606, 1.9765246, 3.8197641]
[0.17435849, 2.4740827, 0.70923954, 0.37284344, 3.5383809, 3.525956, 1.329926]
[0.12658805, 3.1805348, 4.3661184, 1.1910164, 0.08442342, 0.42173177, 4.655924]
[0.78737557, 2.2557833, 1.5403408, 2.545939, 2.587167, 4.7200093, 1.9431255]

[-0.45690697, 0.96502846, -0.69631547, 0.43517715, 2.5468001, 3.3645873, 0.98329246]
[3.5275545, 0.1425161, 3.1570826, 0.83065206, 2.7692454, -1.1580731, 3.6546206]
[2.8133874, -0.53944474, 2.4400845, -0.69443685, -0.001035876, 0.9104675, -0.96238965]
[1.0444666, 1.5699487, 0.5984811, 0.04835875, 0.9021075, 1.7350264, 2.521843]
[3.3542995, 2.4772243, 1.4042697, -1.1074859, 3.7215102, 3.1851604, 3.5030768]
[-0.17704575, 1.4376818, 0.3222029, -0.18886931, 1.748695, 3.366244, -1.1647601]
[3.1021576, 1.5572029, 2.7917469, -0.31441727, 3.6793892, 0.53414947, -0.92245156]

 

Accuracy: 9.523809%