Final Weight Matrix:
[3.5584805, 1.5882164, 3.1886687, 2.4870179, 2.2191823, 4.606476, 2.8487673, 3.867991, 4.258316, 3.6154237]
[3.6761925, 2.944543, 3.9026575, 2.3509831, 4.5300665, 4.41796, 0.35034746, 1.094465, 0.12847006, 0.7731104]
[4.4390836, 2.9790547, 1.0275831, 2.092711, 4.103064, 2.9119067, 1.088983, 2.5790715, 4.984513, 1.7591792]
[4.8839717, 1.3911963, 4.9508977, 3.3091223, 4.236301, 3.0965745, 1.6574595, 4.2174993, 3.4780617, 4.626431]
[2.4100342, 3.0260863, 0.46926022, 3.0882196, 3.477169, 3.570416, 2.9442935, 4.4978476, 2.3030279, 1.8144789]
[0.93583614, 1.4553338, 0.24161518, 1.7906749, 1.4793992, 4.9007506, 0.00451982, 2.8213506, 0.3139618, 2.3923635]
[1.8529556, 3.2578971, 0.11265814, 4.2766128, 4.1127605, 3.3143263, 4.852755, 2.7411847, 4.118665, 1.1798606]
[1.1693746, 3.019865, 2.5502574, 0.97030044, 4.0390434, 1.053659, 0.98334193, 1.4874492, 4.466787, 3.2000084]
[0.60176104, 0.4818061, 0.266788, 3.2545514, 4.479173, 1.7040265, 3.7474475, 0.13226867, 1.80893, 1.5487182]
[1.5559433, 0.21197528, 1.4223197, 3.3691022, 0.9771776, 1.1357048, 2.9583988, 1.4176676, 3.1924846, 4.968814]
[0.027973354, 0.95650554, 3.913025, 2.154573, 3.6236076, 3.0075338, 0.14278919, 1.8660969, 0.16860843, 2.8688862]
[2.7812173, 2.7869263, 3.8506367, 3.3166, 3.2332394, 1.2981194, 2.9579532, 1.0132072, 4.9959316, 4.6638412]
[0.61440945, 1.245434, 3.3798733, 2.3791122, 3.707461, 4.666004, 2.5967624, 2.0533214, 4.6140347, 4.189286]
[4.603099, 1.3725716, 2.0725787, 1.8225336, 0.4861042, 2.0248482, 3.824663, 3.7547734, 3.1689281, 1.3368893]
[4.382853, 1.9905305, 4.6072125, 4.503712, 3.978139, 2.737837, 1.9608915, 3.0747185, 0.7329431, 3.4371545]
[2.919556, 0.06866872, 3.8058476, 3.0634499, 1.1057363, 4.138546, 3.4008381, 0.22679925, 3.4001157, 0.4021278]
[4.444547, 2.7322671, 2.9511995, 1.3412323, 3.5551214, 4.997795, 2.3276286, 2.889006, 2.8796017, 3.9453914]
[1.7256039, 2.9478202, 0.014845431, 2.3176339, 2.7913294, 1.9785243, 3.6799266, 4.48566, 0.5967134, 4.483698]
[2.0336123, 4.6291966, 2.706571, 0.5726591, 1.5650711, 0.12231648, 1.3912275, 1.8842504, 2.6937084, 3.254573]

[3.6167743, 4.8856063, 4.5372663, 2.2756867, 4.936498, 2.5324092, 0.5166432]
[0.65839887, 1.214475, 0.93054503, 3.4098842, 2.4294229, 2.8424888, 3.583065]
[4.3232007, 2.189255, 0.8238086, 0.03314495, 3.5686455, 2.8101301, 4.5546975]
[2.8570807, 0.20913243, 0.81551164, 1.052596, 4.5456705, 3.713037, 1.6676599]
[1.6777062, 0.50269485, 4.741859, 1.9511104, 1.4442545, 3.241211, 4.1428]
[1.0840693, 4.894216, 4.5683856, 0.12907237, 2.3271208, 0.23809403, 3.7044694]
[3.8779595, 0.6152433, 2.2858758, 0.6088108, 0.16187847, 2.0065222, 1.2811103]
[1.4037154, 1.5307677, 1.2263856, 1.4999006, 4.454221, 0.19313067, 2.062492]
[4.7252245, 2.0279083, 4.384059, 0.9210658, 1.9994301, 3.3137918, 0.2758631]
[2.1446114, 4.3909764, 0.1036796, 3.5728922, 1.183244, 2.5857625, 3.454604]

[2.2664356, 1.163019, -0.3187317, 1.7694619, -0.4148855, 0.7549293, 2.418256]
[2.1644666, -0.8806378, -0.47794938, -0.4053375, 2.8398328, 0.6922719, 0.2659918]
[0.9464646, 2.9487057, 0.085919455, 1.5735679, 0.14816035, -0.30651924, 0.9623781]
[3.4427357, 0.67284036, 1.2035394, 3.7550473, -0.8634196, 2.1952455, 0.4555832]
[3.4783945, 2.4230561, 0.5773363, 3.1215284, -0.13833822, 3.410497, 0.53152347]
[1.0863639, 0.4504066, 2.3556223, 1.4845223, 1.587101, 1.3394562, 0.9802531]
[2.7298174, -0.675747, 0.27876997, 1.116538, 3.3091154, 2.1724381, -0.40094715]

 

Accuracy: 14.285715%