Final Weight Matrix:
[1.9800713, 0.726085, 2.3952615, 1.5345663, 2.22383, 0.38344145, 2.0393476, 2.243793, 4.2086463, 0.09722233]
[2.2362425, 2.5522466, 2.4389603, 2.5352821, 2.3515272, 1.271522, 4.20767, 3.2846928, 2.431645, 3.2019815]
[1.713517, 2.6814709, 1.5231764, 4.64425, 0.22519946, 4.0961294, 1.013146, 4.772649, 1.5070322, 4.1255646]
[2.9402974, 0.9855044, 1.6037765, 3.4934733, 0.9734285, 3.596805, 0.55428356, 2.5017414, 4.6433616, 2.4359415]
[4.7633967, 3.8549542, 3.3064141, 3.9297285, 3.0359352, 0.6160602, 2.5188766, 1.2968004, 4.670393, 0.97540885]
[0.026719272, 3.4725332, 1.3562667, 4.72577, 1.3883379, 4.077333, 2.8287735, 2.6460152, 4.5195465, 3.0574415]

[4.5474353, 2.9849699, 0.80135524, 3.871033, 1.897921, 3.4992738, 1.147443]
[3.2096102, 1.2152145, 4.8952804, 3.868066, 1.0724232, 0.014199913, 2.4310303]
[0.77178836, 3.527431, 0.24291664, 1.9917676, 1.6505227, 1.0643091, 4.7739005]
[1.3185682, 3.7345767, 1.082016, 3.1782122, 4.667244, 2.4735544, 0.65482646]
[2.6210785, 1.9422677, 1.8900013, 1.3266319, 4.341817, 2.992137, 0.01268357]
[2.724277, 4.0762353, 1.9880595, 1.4755428, 4.328112, 3.2175245, 0.6224987]
[1.1699837, 0.75365543, 3.840417, 0.75888276, 3.9687123, 0.48483938, 3.609824]
[0.4053104, 4.558351, 1.6499362, 2.314185, 0.7555714, 2.5882938, 3.2796588]
[0.38834035, 3.0880978, 2.8804712, 1.5576088, 1.482059, 2.6010818, 2.76787]
[2.0311437, 2.37761, 1.61897, 2.6108387, 0.15160352, 3.4304018, 2.8766916]

[-20.74788, -39.564793, 1.1799799, -23.75242]
[-19.33288, -35.148853, 1.0804175, -24.200083]
[-21.157814, -37.108105, 1.680471, -25.610754]
[-21.391117, -38.713955, -0.7907482, -26.47749]
[-16.520613, -34.3219, 0.74318975, -26.0643]
[-17.844124, -35.983902, -0.1814511, -24.376732]
[-17.130093, -38.475517, 0.8410996, -23.327564]

 

Accuracy: 72.25433%