Final Weight Matrix:
[2.9576495, 0.9199071, 0.1680398, 4.1367893, 0.9041923, 0.818786, 1.4581144, 4.1139965, 0.17411768, 4.13312]
[1.555227, 3.7261388, 0.72150797, 0.1562044, 2.831837, 2.658839, 4.034305, 1.4645684, 4.996661, 4.7812324]
[0.56791097, 4.4338746, 1.2968987, 4.342638, 2.3723645, 1.7907065, 3.5620787, 1.3955253, 0.36552578, 0.5941519]
[4.340922, 3.7242799, 3.7110252, 3.0077186, 1.1872876, 3.5951214, 3.2213995, 2.794254, 3.5524416, 2.415279]
[4.831937, 4.8170824, 1.0793808, 0.5485478, 1.265348, 3.6479506, 0.914689, 2.8697228, 4.6457624, 1.1207197]
[2.9514956, 3.3327541, 2.215115, 2.7987814, 3.3937135, 0.69810957, 2.4761858, 3.5792341, 3.3401928, 2.3256757]
[1.133112, 0.28894633, 3.0841823, 2.4430883, 2.5487578, 1.1533368, 1.8181133, 4.78887, 3.0938802, 1.4702308]
[4.438883, 2.888918, 1.5585124, 1.9964049, 2.130385, 3.2281432, 2.6425614, 0.266819, 4.526912, 0.14148772]

[2.6795459, 3.8952317, 1.1553198, 4.675759, 4.992035, 3.4445593, 1.8407228]
[2.912034, 2.2752495, 2.566366, 0.118266046, 0.12472242, 1.8800157, 0.16723573]
[3.9036365, 2.6652334, 4.8696594, 3.507048, 1.6720536, 1.9638064, 1.8872952]
[3.5276165, 3.8171508, 3.551129, 2.6483798, 2.7726033, 3.2982798, 0.41139483]
[0.8044338, 3.9295316, 0.9312853, 0.33040196, 2.8718066, 0.0062423944, 1.9807627]
[2.6268868, 2.3265955, 3.166957, 1.0214255, 3.8237717, 0.10387272, 3.2825863]
[2.2558122, 0.39031774, 2.9548569, 2.7970636, 1.7115655, 4.768863, 0.086310506]
[4.842824, 4.553523, 3.98401, 2.487196, 0.93640447, 4.3965373, 0.3516552]
[3.4214175, 4.5972652, 3.210136, 1.184499, 2.8935037, 2.9229043, 4.584771]
[3.0946777, 4.965584, 4.350154, 3.6535642, 1.0786214, 3.686341, 3.3810327]

[-113.66179, 1.4661412, -113.07112, -117.39227, -118.128716, -106.45481, -118.44504, -122.8811, -97.120964, -77.19883, -111.24451, 0.90531325, -51.29847, -36.39526, 0.5806983, 2.1847572, 0.06889296, 1.0590448, 1.327656, 3.7208793, 2.1589208, 2.453521, 2.3876653, 2.0736027, 1.2988364, 0.5751226, 4.454477, 2.3863685]
[-113.40495, 1.8601215, -114.622734, -113.55032, -115.92899, -104.40783, -117.96785, -118.80073, -99.23904, -75.85485, -108.83201, 1.1931176, -51.583447, -38.582943, -0.6325483, 2.3563936, 2.004336, 3.166038, 2.2331593, 0.718846, 4.1282997, 1.3147506, 0.9429226, 4.5586047, 4.365483, 1.9241747, -0.11093632, 2.7570653]
[-111.31096, -0.08178868, -108.92455, -112.67167, -111.39442, -105.70008, -112.40269, -119.310394, -93.59472, -78.137184, -108.529274, 2.1488383, -48.63138, -39.092163, 3.8288505, 3.0296533, 1.8583682, 2.3887227, 0.02999713, 1.196181, 1.0971428, 0.5968442, 2.636417, 3.1489654, 1.7055585, 0.7378747, 4.400719, 0.10208769]
[-120.3106, -0.13940139, -120.05588, -118.65836, -121.92151, -112.129814, -122.43839, -126.730125, -102.05087, -82.12229, -113.84865, 1.3903775, -52.56433, -37.876255, 0.69014955, 0.3273723, 1.3345158, 2.4232821, 4.524631, 2.4105682, 0.33414945, 0.3832517, 1.8384033, -0.23105834, 2.4261642, 0.07151264, 0.045252707, 4.7309904]
[-120.36682, 0.7829404, -118.33637, -118.77544, -123.724434, -113.81297, -123.644806, -127.3559, -105.49842, -80.6951, -116.27098, 1.7930686, -53.098778, -41.843906, -0.42887682, 2.032406, 0.24887219, 0.9210276, 1.3733782, -0.28528136, 2.9325855, 1.6804713, 2.9739149, 3.6974757, 1.7568632, 1.5355833, 0.74319494, 2.1716201]
[-121.18822, -1.7816224, -120.454704, -122.361946, -125.04027, -112.85949, -121.44952, -126.25438, -104.14893, -82.13423, -116.627266, 2.4714766, -54.353275, -39.740467, 2.6803484, 2.410688, 1.1131167, 2.0289693, 0.23353381, 3.8196518, 3.3386602, 2.6585536, 3.086589, 3.5772364, 3.761494, 0.91110545, 1.3811074, 2.1491888]
[-121.72801, 0.44595268, -123.11916, -122.31014, -123.09882, -111.14011, -125.53654, -130.60866, -105.164734, -80.56515, -115.474304, -0.4096129, -54.36965, -39.159103, 2.121676, 1.6741613, -0.65404266, 3.1756618, 2.6327617, 3.2770255, -0.47798893, 3.606623, 3.4560535, 1.8171828, 3.7034583, 2.2307963, 2.6252258, -0.18564537]

 

Accuracy: 12.679426%