Final Weight Matrix:
[0.23596585, 2.8775458, 2.0690594, 0.25947392, 4.10155, 2.2495146, 3.4231555, 0.50172836, 1.0882864, 1.9663674]
[0.2973798, 2.8918166, 3.82479, 1.5043652, 4.86418, 1.042819, 1.5414033, 1.1971164, 1.454283, 3.8735044]
[3.40145, 1.6403558, 0.7902533, 0.8191401, 1.6700885, 0.33783555, 1.8770969, 0.69256693, 0.1257819, 1.1443079]
[3.4459977, 3.405026, 3.286061, 2.2864583, 0.9563303, 3.001003, 2.659836, 1.0954723, 2.3148909, 0.8014327]
[1.1079139, 4.848, 2.4325237, 3.518712, 3.07461, 1.3334134, 2.2227964, 0.52959234, 4.607546, 2.5079224]
[3.574076, 3.7331371, 1.6991248, 2.1894596, 4.5672994, 4.6362348, 0.12919843, 2.5359237, 0.8421621, 0.19493788]
[0.05956769, 4.6438136, 3.5626516, 3.0830624, 4.6008215, 0.13040036, 4.130291, 4.1875567, 0.24238437, 1.9120195]
[2.3246918, 1.3613381, 2.7874012, 3.4710312, 0.30375898, 1.5573368, 3.47323, 3.8873205, 4.210936, 4.071836]
[4.571974, 1.4854312, 0.55819154, 0.53086907, 1.5679342, 2.5695653, 3.0781033, 2.6410983, 2.1924844, 4.8555365]
[0.066563785, 3.4175644, 2.1821449, 1.5966499, 2.0226514, 1.3068318, 4.7112274, 4.290361, 2.4905396, 3.1979542]
[2.463078, 1.2611029, 3.7294807, 0.99845797, 3.248537, 4.373999, 1.1946547, 3.1320393, 0.7898018, 1.9422553]
[1.7697785, 0.7632297, 0.67349494, 1.361211, 3.4208272, 1.6870266, 2.7777503, 3.7135549, 1.0610449, 0.9440094]
[3.5118194, 4.137669, 3.255862, 1.2800918, 0.6186545, 2.9949248, 2.230666, 1.4016988, 1.8047371, 4.187911]
[3.956072, 2.5593452, 4.1288595, 3.511671, 3.808966, 1.6934922, 4.5325084, 2.8212738, 0.08082211, 1.2049627]
[2.5869775, 3.494299, 3.0184963, 3.2675207, 4.0024195, 2.0945585, 4.9307613, 1.5224824, 3.5561075, 4.0076914]
[0.42337894, 1.41514, 2.2934363, 4.8399086, 3.9866903, 0.42156696, 3.406345, 4.5334644, 0.8558583, 1.9340088]
[1.4483434, 3.9573505, 0.40146858, 1.7260537, 4.180069, 1.4459095, 2.846768, 4.19828, 1.6090837, 1.6636807]
[4.1100483, 4.1449203, 2.7755044, 2.819781, 1.2524539, 3.6066384, 2.7021313, 0.7028547, 1.791681, 1.6488212]
[1.1633068, 4.087302, 2.8927565, 2.1845865, 0.5981308, 1.6177654, 0.7435301, 2.4431424, 0.49643308, 3.4220982]

[2.7929773, 1.4542818, 2.8936558, 3.059267, 0.7063633, 2.206069, 2.5253131]
[3.3693743, 4.05733, 1.5534079, 2.5928304, 0.76553464, 3.8207092, 3.768933]
[3.688354, 1.1645164, 2.4921896, 4.9839683, 0.002682805, 0.28332144, 4.185793]
[3.956164, 0.6120488, 4.3863735, 2.8445253, 2.3025558, 4.0984926, 3.7224064]
[4.943765, 3.8734412, 0.5254963, 1.0768511, 1.9242284, 0.52556366, 4.464017]
[1.8354967, 2.4181948, 1.5352008, 1.2708666, 4.2250404, 4.9386125, 3.0159771]
[3.666364, 4.4980783, 3.5984685, 0.3564179, 3.174379, 4.561953, 0.08317679]
[2.142782, 2.5864296, 0.226188, 0.18071175, 3.698647, 4.0316014, 2.9410431]
[2.8048115, 3.0597088, 2.7931714, 3.714798, 4.451018, 4.356574, 3.8563986]
[4.190044, 0.18192649, 3.5369337, 0.52364856, 4.505492, 4.528236, 3.5988843]

[2.0453231, 2.8082855, 1.7077075, 0.301279, 0.41579714, 4.1491933, 3.233972]
[1.3357244, 3.751659, 0.4355625, 3.2492156, 1.9637144, 1.1346271, -0.5203524]
[1.6995362, -0.26034436, 2.3322656, 0.3501096, 3.3335629, 2.8167584, -0.4608477]
[2.195698, -0.36700797, -0.28207302, 3.79229, 0.88296074, 1.7606965, 2.1623406]
[1.729206, 1.6880451, 3.0174737, 2.2066813, 1.7191901, -0.24670035, -0.41867113]
[2.0129728, 3.2648137, 1.4578081, 1.948157, 0.9505733, 3.8896344, 0.76128876]
[0.48027098, 1.9826806, -0.73031855, 4.248823, -0.6399912, 1.8721468, 1.9426035]

 

Accuracy: 28.57143%