Final Weight Matrix:
[3.4038916, 2.2810054, 3.6754253, 3.8074703, 3.3088536, 2.8257978, 0.67792714, 2.5205042, 4.945658, 0.6665388]
[1.4893422, 0.9932807, 2.672595, 0.61600447, 0.042006075, 1.0232544, 2.8555412, 2.7980576, 1.5365672, 0.36118537]
[1.5088278, 4.2326636, 4.1281037, 3.7245562, 4.625057, 3.645047, 4.6400933, 4.735147, 4.450559, 1.5009171]
[4.87054, 1.4254868, 3.0756762, 0.93723744, 4.8853607, 1.967169, 3.7886748, 2.3084383, 1.8518934, 1.6402683]
[1.0843092, 0.11160344, 1.4784536, 3.3742273, 2.4965098, 0.2170229, 1.225631, 3.174129, 1.341146, 1.5041413]
[1.8261061, 4.5204263, 3.3891459, 4.0946116, 3.6798513, 0.15370607, 0.65049976, 3.5567293, 1.7214674, 1.1783931]

[0.12193173, 2.4174356, 3.9300702, 1.9304254, 4.149564, 2.513455, 1.7666328]
[4.734587, 4.175107, 0.61169803, 3.179201, 3.3485901, 2.0904937, 4.066164]
[0.06627619, 2.2651243, 4.320042, 0.30518323, 0.08931011, 4.97245, 0.50799876]
[0.6755805, 4.7862844, 2.0018625, 1.3174975, 3.6414125, 0.07243276, 3.0070543E-4]
[2.1776123, 4.8421903, 1.3871175, 4.9329314, 0.7594228, 0.8724439, 2.126671]
[3.7587223, 0.7590872, 3.4302, 3.213685, 2.8375325, 1.0332129, 0.29113173]
[2.0190027, 2.8663297, 3.9148674, 1.2582216, 0.65186113, 2.1417632, 1.3609686]
[1.1896493, 0.34766108, 4.383972, 0.4953316, 3.5619302, 3.2463078, 1.6003776]
[1.7461848, 2.938299, 3.9046571, 0.52708626, 2.590531, 1.6068151, 1.0151253]
[4.95881, 2.4464288, 1.4671061, 3.8029418, 1.8059626, 0.3623858, 3.6832237]

[-22.240658, -36.57577, -22.97133, -2.5094907]
[-19.866068, -41.7399, -23.949379, -1.2539387]
[-19.060106, -40.722595, -22.418295, -3.351477]
[-18.883741, -35.794594, -20.332966, -1.9374985]
[-22.721302, -39.19723, -22.189997, -4.796669]
[-21.796267, -45.691193, -24.820011, -3.796133]
[-20.501616, -38.219326, -23.670187, -2.962285]

 

Accuracy: 63.005783%