Final Weight Matrix:
[4.2561975, 4.710189, 2.4592047, 2.6751604, 4.885455, 1.5941781, 0.4870364, 0.79554975, 3.0514174, 1.4172351]
[4.175027, 0.08221239, 0.33032417, 0.14103442, 2.7570736, 4.617212, 1.858876, 2.0967495, 3.4632673, 2.0194993]
[0.85900456, 4.7362614, 1.9368651, 2.9862695, 4.820441, 1.0206316, 3.649477, 2.731617, 3.6454172, 0.46227545]
[4.874547, 0.63931525, 4.8605804, 0.6471637, 0.74940324, 2.774882, 1.5932572, 1.0959637, 0.79630196, 3.7719986]
[2.9755907, 4.6262054, 2.6987698, 2.5442424, 1.6419303, 0.51476866, 0.06014675, 1.9399927, 3.011416, 1.0603371]
[0.6785938, 2.9119542, 2.666377, 1.9537094, 0.63215643, 2.7093122, 1.7434412, 2.790299, 0.20708144, 0.6069559]
[1.3217759, 1.2298272, 2.6539373, 4.490097, 2.1234097, 1.6146636, 2.6037307, 3.332047, 4.813986, 1.2077656]
[0.10784119, 1.9967613, 2.0166044, 1.7765397, 3.0220804, 1.5153807, 4.1127253, 1.7186759, 2.3803709, 4.8174505]
[1.6167122, 4.7542005, 4.4946184, 0.02345562, 4.5668726, 1.8643615, 2.4744196, 2.647037, 4.996278, 2.3778849]
[3.3366776, 4.124691, 3.2299016, 0.13955444, 2.7274246, 0.84041744, 4.9274306, 3.5616229, 4.8157287, 4.4858513]
[3.458342, 2.087441, 3.155221, 2.0766788, 0.19056022, 1.4867768, 4.2082863, 1.007987, 2.5073063, 0.26703298]
[1.960324, 4.0897217, 1.0778791, 2.9031155, 2.2387269, 4.8642235, 1.9144843, 2.1557035, 2.318554, 4.6172304]

[1.6943282, 4.323558, 0.42262733, 2.1886568, 3.4376562, 3.2361903, 4.2893806]
[2.9474173, 1.9600203, 1.2803549, 1.0218117, 1.4837599, 0.19065201, 4.924586]
[0.5830464, 2.7017477, 2.9264445, 1.4833093, 3.1591086, 4.963131, 3.4088154]
[0.18431723, 4.961471, 2.7819118, 1.1328902, 0.67474186, 1.1378934, 1.7270777]
[4.967418, 3.6408472, 2.2501516, 2.730568, 1.2500868, 1.2112668, 3.1648114]
[2.880437, 4.375102, 2.7627945, 4.2946954, 0.10795802, 1.1847752, 2.9190364]
[3.4836447, 0.44520468, 1.4693031, 2.2074099, 1.7083406, 0.8702472, 0.15197456]
[3.566966, 3.3941116, 3.194958, 2.4517555, 4.7418094, 1.9257429, 4.150512]
[2.9609323, 2.381557, 1.7514517, 3.343717, 2.2195468, 4.2461095, 4.903522]
[0.2895668, 2.906276, 4.38728, 3.3209724, 3.3588066, 0.17083436, 4.180559]

[-1.312475, 0.38427383, 1.1568017, 0.9474313, 3.74524, 1.9849572, 4.743304, 3.5049584, 3.9198902, 2.5386288, 2.8485062, 3.157849, 3.330459, 3.3195286, 4.3372335, 1.8350465, 0.5511337, 2.2283254, 2.382581, 2.8874385, 1.528707, 0.6503419, 2.1377013, 4.764057, 4.7169175, 2.3605225, 1.9874274, 0.5064263, 4.1987443, 1.9443555, 3.9692256, 3.0793476, 2.8039956, 2.4770932, 1.9853965, 2.3797271, -0.028175615, 0.4990613, 0.6113614, 4.5708566, 1.8172388, 0.4799722, 4.8781333, 1.2219952, 1.8653282, 1.470361, 3.4273925, 0.80678636, 3.5755022, 3.0108826, 3.9582675, 4.5136385, 1.295888, 4.467947, 1.1126599, 4.178358, 4.9318337, 1.8157415, 2.6773238, 1.7124707, 0.70282656, 0.53799367, 2.3838143, 4.7827783, 1.6160681, 3.2951581, 2.6911628, -0.0062273494, 2.7001424, 0.84946716, 1.6698768, 1.5045989, 2.1350815, 1.1522437, 1.8233162, 0.3218323, 2.9568229, 3.5534644, 1.6777143, 2.4480586, 3.5378742, 2.009122, 2.723241, 1.1585413, 1.416144, 0.804642, 4.3512673, 1.2911489, 2.0681484, 0.6034219, 4.0495753, 1.1882157, 4.6787806, 3.0814972, 2.7805018, 3.3896182, 0.10091422, 0.13042645, 3.4446397, 3.068658, 2.5399907, 1.003259, 1.6115255, 3.4836147, 3.662122, 3.994064, 0.35545433, 3.301234, 3.0562503, 0.51742625, 2.4029381, 0.70770955, 2.8820267, 3.3694096, 2.0754738, 3.464469, 1.1188023, 3.4973178, 3.246739, 1.1886361, 1.4005141, 4.741458, 2.891817, 2.5960221, 4.0509977, 0.28595087, 3.6310897, 3.7581167, 3.7675595, 3.668973, 4.473457, 4.3506575, 1.498307, 2.2344627, -3.912969, -4.230304, -1.1897398, -5.093141, -0.19850755, -3.7430737, -3.058534, -0.6718184, -3.560481, -2.2077727, -4.0093913, -4.873944, -0.49907675, -4.3465276, -2.404748, -4.9314756, -4.249456, -1.8099738, -4.8291984, -0.4693318, -5.0086107, -4.9279904, -2.5076413, -4.5716205, -2.190508, -1.8795098, -2.1219268, -5.027147, -0.6343459, -4.033901, -4.4116645, -0.1475413, -0.99629045, -4.0320597, -0.41017383, -3.184561, -0.89031994, -0.8720224, -2.520849, -1.9551011, -0.17951979, -4.3798823, -2.7225635, -2.2128255, -1.6327983, -0.8812131, -1.1400845, -3.5816307, -1.0492463, -1.5355828, -3.7695706, -0.6403582, -2.2225041, -3.2595015, -2.3652399, -3.3666997, -1.478848, -4.7277007, -1.5832124, -0.85400206, -4.625652, -2.6010673, -2.0609663, -2.9801188, -0.16130775, -4.4138026, -1.2929189, -4.7169886, -4.348246, -4.9966946, -2.734962, -4.0615377, -4.08682, -3.873998, -1.6191623, -1.7189099, -3.299336, -2.9975486, -0.8830292, -3.5414047, -3.320751, -1.003849, -4.860655, -4.7849846, -2.7690868, -0.17278117, -0.4362171, -2.0151088, -1.8827174, -4.5446715, -3.6671388, -2.7815473, -1.928599, -3.180998, -0.70765144, -1.5048416, -3.4314957, -4.173519, -1.3735694, -0.29806876, -0.07586187, -2.3641133, -5.3858714, -2.1897647, -0.96675867, -3.1561213, -3.4377062, -1.0587462, -1.3512938, -4.5570307, -4.493243, -1.5865372, -0.7552385, -4.1716557, -3.2081125, -0.6459425, -0.5755786]
[-3.3764324, 3.5167181, 0.6678693, 4.474991, 0.0201908, 1.282708, 4.5272655, 2.7381759, 3.3599331, 2.8200824, 2.8228803, 0.9630902, 0.51493573, 2.287393, 4.2367725, 1.7470667, 2.7743573, -0.090360135, 0.16225946, 3.5001519, 1.7482932, 1.6291695, 0.21422225, 2.02019, 2.3902543, 2.025878, 2.321365, 3.5882506, 0.60989743, 1.5466441, 2.2465124, 3.3102255, 4.488026, 2.126658, 0.32803845, 0.09929822, 4.597863, 2.311175, 3.8878765, 0.18754731, 0.382299, 1.0973462, 4.5030212, 2.4969144, 2.0631647, 2.6831026, 3.2887576, 2.5998547, 1.825006, 3.0035193, 3.1204374, 3.8478932, 1.2908043, 0.55069745, 4.555351, 2.3954253, 0.19867133, 2.5084853, 3.647044, 2.3057384, 3.3330584, 4.4959774, 0.16674982, 2.2471418, 3.1286085, 2.2494414, 4.8732405, 0.43289763, 2.6383195, 2.0583696, 3.6225317, -0.04033101, 3.4705465, 4.245373, 4.493121, 0.83261466, 4.3851657, 1.4201938, 2.7293344, 4.6578836, 0.6686018, 4.0842376, 2.214103, 0.10053081, 3.5136847, 1.145668, 4.1946044, 0.7280171, 3.3512669, 3.5236413, 3.7519844, 0.49215394, 0.50890535, 0.53693444, 1.9541023, 1.5200222, 1.4563462, 1.849895, 0.7297552, 3.4487069, 4.0616493, 0.31150964, 0.49997035, 2.2250888, 2.8405018, 3.5387292, 0.7451155, 1.9665802, 0.19173573, 2.5054357, 0.36371264, 0.14680457, 4.8031254, 4.9112573, 0.69369596, 4.187647, 4.2758565, 0.31227702, 0.83323276, 0.89511365, 4.5706496, 4.860505, 4.6239443, 1.1834697, 0.12317758, 2.9760392, 4.9269276, 0.52698505, 4.458737, 0.25759402, 0.43294612, 2.249083, 1.6344528, 3.740411, -1.3909299, -2.9372668, -2.2065961, -0.62399256, -3.0912008, -2.891137, -1.8217908, -2.2803032, -4.7886143, -1.7373527, -0.46805066, -3.3159385, -0.76313436, -1.4260404, -2.8688273, -4.87103, -2.6677275, -4.154306, -0.38637835, -4.8518124, -1.0941317, -1.365102, -0.47950244, -4.4364758, -4.041452, -0.47511777, -4.858853, -0.5785369, -2.6289046, -3.5369058, -2.8538685, -0.70327944, -2.8257158, -2.5468874, -0.47633642, -5.0512877, -3.967279, -4.0517488, -0.5890701, -3.8643982, -0.7218001, -3.4554858, -2.2771726, -2.8953617, -1.310797, -3.9932497, -0.36099058, -0.08591891, 0.15162295, -1.1767075, -3.7103152, -4.158333, -4.329738, -3.0416405, -3.1015637, -4.1135173, -3.9218326, -3.1144657, -5.00493, -1.7659748, -0.4278233, -4.840547, -3.995829, -1.7182698, -0.26244858, -4.596445, -4.897031, -4.107844, -2.1103177, -2.5753398, -2.1943312, -4.3913565, -3.383171, -3.599845, -5.046051, -4.4275656, -1.0870917, -3.4758258, -3.174633, -2.2631867, -2.9578297, -1.0853381, -1.6941147, -1.527869, -2.5635848, -0.44187132, -4.4520454, -0.73059523, -4.0841384, -2.6245956, -3.6486747, -1.9700749, -2.4829485, -0.50847524, -1.2708573, -0.066320315, -3.005937, -2.8114555, -1.914434, -1.5780953, -3.6721623, -4.673675, -5.210372, -2.0344193, -0.3864147, -3.8663754, -2.5549986, -0.12208371, -2.8805103, -4.88031, -1.4490088, -4.459993, -4.744374, -4.6270885, -3.2236211, -2.3473196, -4.4730444]
[-0.08117883, 1.7674707, 2.6236315, 3.8692658, 2.2442997, 4.818258, 0.48937744, 4.405017, 4.8477163, 4.367977, 0.052962564, 1.3891691, 2.372487, 0.6588605, 2.26197, 3.6513925, 0.20138457, 0.9048215, 2.3335614, 2.230399, 3.8250742, 0.5007286, 3.1830392, 0.40266377, 2.4276228, 2.7807517, 4.2754087, 3.9345815, 2.6715152, 1.6921904, 0.65288675, 2.881775, 1.4710078, 4.730047, 0.66198593, -0.039065342, 3.352826, 2.7324297, 3.4225328, 0.80083185, 0.5813183, 0.4999277, 4.327648, 0.24582012, 3.2621684, 0.445787, 3.4175913, 2.7408156, 2.3948991, 4.6576867, 0.059133183, 2.1501365, 3.6801305, 3.0701427, 0.49867222, 3.4784226, 4.699974, 2.1657004, 3.672931, 1.1054473, 3.1500967, 1.7532986, 3.3595123, 1.4028504, 4.11945, 0.3406709, 2.5825481, 4.1557465, 4.790854, 1.4035603, 1.7389066, 2.5690727, 2.864441, 1.5220592, 1.5292696, 0.11838272, 0.7926895, 4.259788, 0.25374335, 4.249342, 0.9323158, 0.029883973, 4.432214, 3.0031917, 0.9582574, 2.0671842, 3.9921072, 1.3585778, 2.8854837, 2.5558565, 0.9186358, 0.3796057, 0.33514845, 3.5519488, 2.9321678, 4.3636055, 1.131912, 2.6900163, 3.7813818, 3.8390453, 4.8532715, 1.6460545, 1.8951056, 1.9856286, 3.5052156, 2.3756034, 1.4396023, 0.3563234, 2.7140906, 3.499467, 0.042255636, 1.2549914, 2.9666603, 1.3373699, 2.5623598, 0.7765298, 1.1654842, 4.8482127, 3.9285553, 1.2772568, 1.3656245, 4.1144614, 3.0507686, 2.282306, 1.6394758, 0.26549342, 0.7085047, 0.23185827, 1.6730754, 4.1149645, 4.1041965, 0.3177566, 3.8911955, 1.9505509, -1.670425, -1.7012016, -4.8995323, -0.6833172, -1.6646624, -2.2266238, -2.7987149, -4.961349, -2.1412518, -3.9927614, -5.016813, -4.8498993, -0.22681382, -1.6470022, -2.9905086, -3.9321332, -2.340185, -4.6942005, -0.2617124, -4.7477946, -2.8695695, -3.3915124, -0.4261054, -2.1234684, -1.09782, -4.307448, -3.4504147, -2.6200285, -1.037072, -4.171654, -4.1400614, -2.2904403, -3.692981, -4.5708776, 0.120549195, -4.5635514, -1.8081372, -4.667291, -2.54764, -3.4934294, -2.062211, -2.9822319, -0.37439257, -2.2085493, -1.8197321, -1.7350707, -3.937773, -1.7112508, -3.198279, -3.4993687, -0.5469931, -1.0823044, -5.1022654, -5.147966, -1.580514, -2.0721233, -4.2398424, -4.9230466, -4.6967793, -2.788272, -4.348204, -0.96932954, -2.5990336, -1.2962314, -2.5658066, -5.1002517, -4.425698, -5.1051497, -3.021262, -3.1560445, -3.9250567, -2.3331065, -3.860269, -5.077257, -3.0480707, -3.439953, -3.5647542, -1.2823329, -1.194412, -1.3802416, -3.9606974, -3.6051786, -0.50103223, -4.908741, -3.9663513, -3.2869747, -0.78801143, -4.961093, -4.680445, -4.582428, -2.9252496, -1.4881711, -1.5615332, -3.8118956, -2.850884, -2.3630493, -3.6356413, -3.470169, -0.0493261, -0.021022718, -2.151647, -3.874192, -4.390564, -4.1136746, -0.42740247, -2.9218273, -3.5900118, -1.2848334, -4.776423, -2.5147479, -0.06729564, -3.0990047, -0.19406995, -4.87416, -4.298341, -2.0095496, -1.1430628]
[-1.8789431, 0.5400597, 4.540634, 0.12648016, 4.6465125, 0.006755633, 3.527344, 2.9759636, 4.2959847, 1.2583094, 1.829575, 1.0879104, 0.6471722, 1.7232533, 1.1489583, 3.4869304, 1.6742966, 2.0168667, 4.2029023, 2.6840773, 2.0013518, 2.0596297, 1.9813476, 2.552071, 0.27096722, 4.2684817, 0.8356528, 0.29340088, 4.602773, 4.6853848, 3.454236, 1.244791, 1.642499, 1.8988042, 2.0244882, 3.3951702, 3.331179, 3.2827477, 2.3273494, 4.6952205, 2.6293454, 3.866098, 1.074461, 3.2919931, 3.0384743, 2.0422344, -0.0076962207, 3.7610676, 0.95186305, 1.663101, 0.6903886, 1.1305814, 2.4287698, 0.86669004, 4.8423047, 4.551624, 4.771162, 4.4423504, 2.8629844, 1.1738783, 2.1127644, 1.0476326, 0.54548115, 4.0793386, 3.207607, 3.1973116, 3.4672139, 0.81222147, 0.1858319, 1.5955262, 0.3341465, 2.2422812, -0.05033557, 0.40800008, 3.5105188, 2.6826518, 0.21596937, 0.40657857, 0.0069708433, 2.7221563, 0.6502026, 3.6947343, 2.773222, 1.0409673, 3.051263, 4.1686473, 2.7349498, 2.6732626, 1.0621951, 0.10896535, 3.8060682, 4.1796904, 3.0779994, 4.5855713, 4.3808255, 3.6556625, 3.2078469, 2.3969831, 4.692865, 0.30566707, 2.5863264, 4.5995917, 4.499574, 3.9577715, 3.532795, 4.4276304, 2.6970115, 1.7391766, 4.0240707, 1.1780573, 0.43197656, 0.32017353, 0.8052311, 0.61748415, 2.99081, 1.1545302, 2.1987069, 4.2012954, -0.028683452, 0.1067215, 2.660373, 2.8147373, 1.8445616, 1.2609668, 0.40268895, 1.4895356, 1.8578697, 2.9904919, 2.232487, 3.4958045, 2.4133322, 0.61319727, 3.7114809, 1.9912629, -2.1159122, -0.13439938, -3.4812503, -4.371597, -2.1229858, -1.154523, -5.0797668, -3.9376655, -3.6509519, -0.16745874, -4.827658, -2.5047042, -2.7227707, -2.1131725, -3.0044096, -2.1774151, -3.8734353, -0.07998423, -2.436017, -2.122522, -3.1674087, -4.850253, -4.4552617, -1.5742933, -4.935923, -4.1395054, -0.7311365, -2.1488404, -2.20199, -0.28535527, -1.3359572, -2.8826742, -3.2727313, -3.3906884, -4.074329, -3.4101355, -4.6824656, -2.513345, -0.7893966, -3.8697708, -0.16307646, -1.07672, -3.563246, -1.8771303, -2.7082205, -1.8632941, -0.30450296, -3.277266, -3.3026428, -2.4475505, -4.0925536, -2.483794, -3.5163133, -2.9571557, -1.9574625, -1.6949927, -3.2616346, -4.447791, -4.484476, -3.698481, -4.7915606, -3.637982, -1.339111, -3.422553, -4.0899673, -2.0452666, -2.4343977, -3.3263514, -2.3376086, -1.8930736, -1.3281735, -0.28848103, -4.545537, -2.68923, -5.2581363, -3.954117, -1.6247916, -0.47896454, -0.4929859, -4.1002803, -3.8687022, -0.041709416, -2.0749204, -1.2577451, -1.954063, -5.0689316, -4.104565, -4.3538513, -1.472127, -2.9259803, -4.233681, -0.93352073, -0.9474015, -3.5759, -4.407311, -1.8794106, -3.1069982, -0.8890344, -4.833557, -2.0466561, -0.23813312, -3.3645992, -5.5124474, -5.2432675, -3.36496, -3.2350628, -3.7519753, -0.19795571, -1.6943976, -1.7878573, -1.6823525, -3.4236593, -0.05144238, -1.4727596, -2.4468365, -4.9927406, -4.9203496]
[-4.168756, 0.020338483, 2.3373501, 1.0815002, 1.1515267, 2.8944137, 1.1805472, 0.23646978, 1.0099202, 3.4202948, 4.661654, 0.1907774, 3.1954274, 2.6358092, 2.8128946, 1.8775879, 0.47027075, 1.9000496, 3.7268918, 2.0666788, 3.967452, 4.1457825, 1.0879201, 0.53410226, 0.5909634, 1.3655589, 3.4941642, 4.269272, 0.49178842, 2.1724107, 1.8810444, 1.530426, 2.1218123, 3.826739, 0.27438226, 1.780696, 4.5519695, 3.6743927, 2.2891757, 0.8778608, 2.0942163, 4.690183, 1.6774604, 3.7479708, 0.8825633, 1.9382689, 3.0916247, 0.17843851, 0.76470155, 1.2192956, 4.832156, 3.1225352, 0.08499542, 1.5999728, 3.7379665, 2.5346315, -0.044756714, 4.884067, 1.4465544, 1.72462, 1.4476293, 2.0974913, 0.48371494, 0.49693567, 1.0413822, 2.2121181, 4.8185444, 0.959686, 2.7969472, 1.6448101, 0.2092707, 4.2991705, 3.6617265, 0.58739424, 0.5958454, 1.6443017, 1.5193217, 1.0029318, 1.3166068, 4.3309326, 3.0704894, 2.2842205, 3.4754784, 0.5787191, 3.5414283, 2.3842547, 0.38714322, 0.65501875, 4.270526, 1.0367157, 1.44336, 1.745657, 3.0005696, 2.0431607, 1.4221952, 4.5422673, 0.9026047, 1.2052817, 2.4556122, 4.3194876, 0.7434259, 3.714918, 4.090683, 2.449497, 3.7724786, 4.5801473, 0.60591036, 3.921516, 3.8952727, 3.7230666, 3.4119205, 1.6367567, 3.4137282, 4.8167524, 0.0071189525, 2.3878653, 4.6212587, 0.40071005, 0.7880516, 3.6237674, 3.7622852, 3.5437756, 4.4772863, 2.0168293, 2.392449, 2.9152286, 0.062063817, 1.842342, 3.49626, 1.0700767, 0.24291517, 2.791107, 3.1590445, 1.6943185, -2.5421314, -1.254126, -0.4650481, -2.201737, -3.621218, -4.0774627, -3.4593065, -2.2711833, -3.3458736, -0.6649618, -2.277832, -4.632273, -4.839007, -1.975973, -3.121659, -4.335621, -3.9201195, -2.3357897, -1.9475123, -4.152087, -1.669596, -0.4901108, -0.3161446, -1.7531527, -1.536205, -2.534608, -3.9230669, -4.473079, -2.2154677, -4.2692857, -2.5918612, -3.5393476, -4.800257, -1.2209724, -2.6631036, -1.3655536, -0.4146764, -0.154445, -2.2021663, -1.548369, -2.3600562, -2.0809386, -1.8459077, -0.7755146, -0.24454021, -0.78848445, -1.9604669, -3.9865932, -1.2311407, -4.0937, -0.46145195, -3.959957, -1.0060073, -5.1841683, -0.7512637, -0.9373611, -1.6770899, -3.228962, -3.9603927, -0.169302, -0.32023695, -4.1228824, -2.442779, -2.5858881, -5.0244594, -4.032707, -0.8794389, -0.46226746, -4.3437476, -0.31331262, -1.314252, -4.594648, -1.8662128, -2.0398304, -5.5446515, -5.133167, -0.19983572, -3.694625, -0.6631659, -4.0462894, -3.846752, -1.2213233, -3.8924568, -3.3284087, -0.26131976, -2.2903624, -2.544567, -5.2469325, -4.798986, -0.84552675, -0.2188045, -0.74651897, -4.3188457, -2.6794353, -3.1825953, -0.9980838, -2.3071833, -3.8366444, -2.4466536, -3.3739407, -0.09996764, -0.9274478, -3.9246476, -5.135696, -4.176368, -3.0644772, -2.5489051, -4.376315, -2.2793927, -3.9586933, -2.8404708, -0.6210876, -0.6908857, -1.5623472, -0.6202248, -1.0981369, -1.6837319]
[-1.8832536, 0.51506466, 1.1462157, 3.7971637, 1.3014548, 2.0413601, 1.2492923, 1.1296773, 4.1441193, 0.23142251, 2.9303722, 3.796726, 4.0969534, 3.8285115, 1.2096595, 3.5752275, 2.6335218, 2.1400545, 1.5687903, 3.9946876, 0.9836686, 2.035403, 2.2957628, 3.1262844, 1.5401112, 2.8305721, 0.6476008, 0.9885162, 1.1309087, 3.3534749, 1.1431909, 3.8051674, 1.98184, 2.8138206, 2.0357575, 4.3547316, 3.6058807, 3.0654185, 4.5880795, 0.16668953, 4.697858, 0.47353795, 2.50006, 1.5917504, 2.4814367, 0.20657764, 3.00917, 4.4721885, 4.3557563, 0.83353907, 3.3996387, 0.7569269, 0.532952, 3.7474647, 4.0804353, 3.558528, 0.7831011, 2.3643568, 3.9836712, 0.726183, 0.46093777, 2.14689, 0.4908432, 0.6410424, 1.0469369, 0.77247643, 3.2959754, 1.7201782, 1.6620213, 0.27877107, 0.5730967, 4.821631, 0.33982113, 0.73406446, 2.5023127, 2.5824835, 2.832467, 2.5466628, 1.3577385, 2.728867, 0.7769454, 3.7034633, 3.0613966, 1.7955778, 1.7224525, 0.36332524, 0.6228632, 2.1795673, 4.8941383, 2.0897853, 1.9117129, 1.3119296, 0.78780615, 4.461249, 0.5598788, 2.0958664, 1.0087215, 2.627595, 2.637913, 4.132449, 2.544781, 0.24106461, 1.3164436, 1.2040641, 3.238509, 4.036071, 1.2949377, 3.9335146, 0.2998911, 3.9280975, 2.827482, 0.29164678, 0.24671136, 2.0877724, 2.5100226, 2.6817508, 1.5889459, 4.08097, 3.1453218, 3.8557444, 4.504705, 2.8062458, 0.13925882, 2.224006, 2.06599, 2.5280395, 0.6162495, 1.8287252, 1.2764153, 2.6594512, 2.9248068, 3.4274328, 3.533423, 2.6479526, -4.042338, -3.6688216, -4.274063, -2.380932, -1.9287096, -3.1279984, -2.0684016, -4.3217745, -0.37393653, -3.6997218, -3.3219526, -3.3173833, -3.2277317, -3.3313878, -2.5548723, -2.9473512, -0.41533875, -1.9643859, -0.7276094, -5.191384, -0.2816011, -0.8461068, -2.8775072, -4.733339, -3.0796535, -1.7249881, -4.4477153, -2.9186375, -0.43585905, -2.66096, -4.9191885, -1.1352494, -1.0854943, -1.8790054, -1.3607582, -5.0194197, -1.7216495, -1.1501102, -4.328423, -0.6815734, -1.3753995, -3.7426007, -3.6047661, -2.066292, -1.1147335, -2.0736024, -1.788953, -4.986066, -1.4733952, -3.7447548, -2.5959535, -1.9315795, -1.7944576, -1.6098433, -1.7641509, -0.510958, -4.3387623, -1.0517572, -3.6795373, -0.2661365, -4.688309, -2.3847373, -2.25383, -2.0482051, -5.0120964, -5.1138434, -1.2503022, -2.2305121, -2.0787647, -5.023256, -3.534095, -0.2507966, -1.8140149, -3.2247345, -4.3486524, -0.63644564, -3.5780146, -1.2036656, -3.9940875, -0.60671794, -0.9616949, -4.8814964, -2.5340276, -4.898544, -2.9481223, -1.8152939, -0.8497396, -3.794306, -2.9171412, -2.8663883, -0.97216517, -1.5169393, -1.2062383, -0.4968393, -0.69325167, -3.8323383, -3.163526, -0.6477728, -0.9708032, -0.726481, -3.1780329, -0.9708337, -2.1074038, -5.295855, -4.317896, -1.5508926, -3.43091, -0.98437893, -3.8090632, -2.338855, -2.278323, -4.2225027, -0.69411564, -0.97068286, -5.191221, -3.3190944, -3.1505299]
[-2.3019326, 2.5881288, 3.884517, 1.5954967, 1.2976226, 3.3752842, 1.4123378, 0.72398597, 1.2804914, 4.7652345, 4.7288346, 1.0705793, 4.508265, -0.03307933, 2.781999, 0.9060278, 4.349477, 4.620107, 2.4861755, 4.286662, 0.9966734, 3.670236, 2.6639478, 0.01699873, 2.7530184, 1.8795832, 2.4398208, 2.1103323, 0.58542186, 1.6700459, 0.3107358, 1.092201, 0.58458775, 2.4761238, 4.4321213, 1.9079632, 4.6430993, 2.790215, 0.269627, 3.7833843, 2.7028725, 1.3511562, 1.0812638, 3.9607968, 1.7815944, 3.828957, 4.558168, 2.7278292, 2.596908, 2.5681612, 2.0697267, 4.360058, 4.6446776, 4.585409, 0.5804324, 1.8787918, 3.0809171, 2.4719417, 4.0245347, 4.913317, 1.8534026, 4.7165236, 4.222836, 1.0939504, 1.7774738, 2.073981, 1.4889961, 3.7429993, 2.938353, 0.16525964, 2.276463, 0.7607756, 2.365787, 3.4369965, 3.2969801, 2.6353703, 1.7005453, 3.028496, 3.7040656, 2.076218, 4.408367, 2.5284336, 4.9480953, 4.3461366, 0.41229388, 2.418126, 1.8279234, 4.1625843, 3.44036, 1.498138, 1.6666697, -0.03392701, 1.3279017, 3.2800062, 1.6793803, -0.0069840048, 0.39088562, 2.290843, 3.4894638, 1.1822133, 4.1807404, 4.241753, 4.127021, 0.8410438, 2.4046743, 0.56727004, 3.0584087, 0.7338011, 3.0510113, 2.539889, 0.9452675, 3.754623, 1.7730261, 4.5183897, 3.835935, 1.0601361, 1.2297024, 4.0877185, 2.7020385, 3.4162984, 0.8603606, 1.72152, 1.021409, 3.5998592, 1.9037577, 0.13961042, 4.186939, 3.4703681, 3.0763884, 4.3592005, 4.903557, 4.0824475, 3.5151613, 4.424177, -4.9330225, -1.4127088, -1.0107147, -1.7153859, -3.8061595, -1.6806289, -3.057963, -1.3845208, -3.0925975, -4.1862936, -3.3057098, -5.392299, -4.4603066, -3.722234, -4.8073196, -1.3238525, -4.6751885, -0.019887455, -1.5647247, -1.9993997, -0.06633514, -0.032206167, -3.2402804, -4.638619, -4.4909244, -2.1793926, -1.2804295, -0.8787165, -3.844478, -1.9761237, -4.881945, -3.8684807, -3.0062137, -3.0539825, -0.1042415, -1.9288114, -2.4368632, -2.2814066, -4.984933, -3.71398, -1.541524, -4.9966016, -1.3649622, -3.1933827, -1.2923774, -1.5670387, -2.3019862, -1.1079062, 0.052357975, -1.9763043, -2.8521886, -4.6296916, -3.766505, -3.3009503, -1.1541029, -3.8732612, -5.214989, -3.6696537, -2.1442227, -4.7237477, -0.4483319, -5.1488075, -0.016274571, -1.0106794, -1.6619201, -2.121832, -3.73178, -4.082432, -1.8343228, -2.2842262, -3.9546895, -2.2026362, -2.7249048, -1.6179003, -5.0573378, -1.5569605, -1.1457202, -0.054606047, -2.4470987, -1.5356929, -4.3945007, -0.6429106, -4.5812607, -1.855298, -4.691891, -2.9359016, -2.6748297, -3.879629, -4.624076, -1.3174874, -0.5279823, -0.86700684, -4.7988696, -3.7366555, -2.5143702, -4.0050573, -0.06859557, -2.2456307, -0.04488835, -1.841395, -3.0880055, -0.7034613, -3.0479887, -0.31707576, -3.6228573, -4.3717446, -4.622884, -2.0234015, -0.06375695, -0.5371115, -0.3521098, -4.42367, -2.0944242, -3.2099771, -4.538961, -1.6504986, -4.2029796]

 

Accuracy: 44.230766%