Final Weight Matrix:
[1.2089902, 4.785538, 2.4094608, 3.383719, 3.0379426, 4.3978863, 0.86108476, 4.3807187, 1.171998, 0.032313168]
[1.357821, 3.557557, 0.53512096, 1.7425277, 0.9715083, 1.8581003, 3.8690557, 1.1961591, 4.547739, 3.6998978]
[1.6560173, 2.9838758, 4.953868, 0.2226612, 2.3952222, 3.3659222, 4.2875, 1.8411988, 4.2600317, 2.7405288]
[4.8744593, 0.694606, 4.9556355, 1.478594, 2.6857865, 2.791983, 4.9981174, 4.3399453, 4.196418, 1.1745062]
[2.2898624, 3.3287847, 0.9722212, 3.081274, 4.4972763, 2.9355044, 2.888461, 2.8994493, 3.396417, 0.3906095]
[3.7860618, 0.9660852, 2.6702502, 2.9811597, 1.1999712, 0.0783366, 2.0759244, 3.073838, 0.13730317, 3.7600389]
[0.9877312, 1.1899319, 3.5356913, 3.9658332, 3.9256396, 4.9902687, 2.2415085, 2.4098575, 3.2427802, 0.07222265]
[4.063475, 2.155764, 1.9385574, 2.0416393, 0.5830166, 0.4603842, 4.9357753, 1.900903, 1.045002, 0.2272886]
[3.7870955, 1.6569803, 3.37074, 1.2919497, 3.9131055, 3.482355, 2.3920388, 1.260967, 0.20435005, 0.30517757]
[1.0165882, 3.788321, 1.3039508, 3.4261277, 0.6197956, 4.156888, 1.615169, 3.4876099, 1.3886243, 2.3991277]
[2.1168714, 0.70058733, 1.1941093, 4.133299, 4.31481, 1.776073, 4.369376, 2.89758, 4.0815625, 1.1379272]
[4.2506323, 3.2617285, 3.044696, 4.102811, 4.6843047, 0.0024527311, 1.4510212, 2.2091193, 0.801903, 0.4033795]

[3.772799, 0.4323244, 0.056241453, 2.432726, 2.515492, 0.82787544, 0.8421168]
[3.4516037, 3.8504279, 0.14872402, 2.4886837, 4.893935, 0.5219504, 4.162406]
[2.2096193, 2.3565688, 1.4877194, 4.977755, 3.8841553, 4.9572005, 2.5415158]
[4.434744, 0.6735754, 4.010758, 2.6668766, 1.0292115, 3.2634072, 0.7850647]
[4.5820575, 0.4696259, 3.4739752, 4.7077327, 1.1952144, 3.5933208, 1.5670636]
[3.1826906, 3.9044065, 1.3184047, 0.46307653, 2.5516388, 1.5893245, 0.65377384]
[1.3933716, 2.5086226, 1.0679603, 0.6281841, 4.0715847, 0.89120597, 4.8771825]
[1.6904273, 3.0540495, 2.5662389, 4.7050915, 4.5523515, 1.554307, 4.5795503]
[4.2067814, 2.2363114, 0.014793575, 4.7151866, 1.4036748, 0.9059119, 0.35772145]
[3.6198618, 0.35787255, 1.826422, 1.1278158, 1.0914931, 1.3631616, 2.9574897]

[4.947359, 3.499088, 1.8185487, 3.379761, -2.2351706, 0.9559412, 2.6321952, 2.670177, 1.4708359, 3.6686347, 0.45177063, 1.1422391, 3.9302988, 4.2508245, 3.182976, 0.75002176, 3.4822233, 3.4774883, 0.1813243, 0.2833911, 3.808256, 4.6199484, 4.042917, 3.2638662, 1.6280272, 2.4261336, 1.6392492, 3.2885602, 2.623964, 4.842466, 2.311794, 3.6746588, 1.7270235, 2.8348405, 4.3418465, 0.050625343, 0.79800403, 3.5740175, 4.127688, -0.0038686532, -0.03873706, 3.9995534, 0.4465862, 1.968406, 0.94325197, 2.4081059, 0.07773138, 4.3012495, 2.0368767, 3.5228271, 2.1098235, 3.4980958, 3.2383676, 2.7466843, 1.3111079, 0.89229566, 1.9981894, 0.57467985, 3.701141, 1.3229259, 0.3899745, 0.099869065, 3.6992052, 4.945455, 4.851825, 1.8886569, 1.214342, 3.9412935, 0.92787254, 4.517438, 1.211572, 0.495379, 1.5520422, 4.2885175, 3.3498392, 2.7732804, 0.74381506, 1.3559482, 1.8373584, 2.7028108, 3.537787, 3.1015959, 2.4830225, 2.502203, 4.328738, 2.8834248, 0.59782135, 0.2011786, 3.7533298, 1.4739728, 3.7964332, 0.22905414, 2.1372073, 0.8986124, 4.825477, 1.1546822, -0.07899003, 2.6023726, 2.3334482, 3.0624206, 4.635108, 4.102218, 4.493119, 1.1240189, 1.3377312, 4.704217, 0.6586766, 1.6625216, 0.12728433, 0.52990544, 1.187936, 2.8244462, 3.416745, 4.2347703, 4.0790524, 3.7234807, 2.6414456, 1.8228718, 2.6603863, 0.3205511, 2.0598817, 2.2079074, 1.0972815, 1.0651497, 2.9720902, 2.5591836, 3.5199678, 3.1577818, 1.4498854, 0.79033643, 3.8988657, 1.8737377, 0.4823919, 3.0673091, 0.897193, 0.30702898, 1.8470659, 1.6378682, 2.157814, 1.292343, 0.46830404, 0.6428511, 2.9033294, 2.9974086, 2.9432178, 4.3352947, 3.4582126, 1.6754947, 1.575361, 4.657533, 0.20736341, 1.6262523, 4.2337112, 0.079811685, 4.7960243, 4.4010963, 0.40162763, 2.9010053, 2.378757, 2.7802434, -2.0995953, -1.999504, -4.1331224, -3.6907282, -6.122273, -2.869152, -5.2492375, -1.5297483, -3.6229382, -6.0709386, -4.01856, -3.9301577, -1.7868273, -4.281461, -5.403357, -3.6951928, -4.371051, -2.2695563, -5.376182, -3.8127263, -1.7913256, -2.054826, -1.5196099, -2.2685916, -5.879594, -2.6638813, -1.6310596, -3.7932196, -2.1793103, -1.958293, -3.5829654, -5.505233, -2.2916787, -1.7696921, -3.5586424, -1.7531897, -1.8439832, -2.015301, -6.5453076, -3.3842363, -2.006326, -2.7632673, -5.08124, -3.1427965, -5.7508597, -6.4299426, -5.29054, -3.0694952, -5.426449, -6.1564827, -3.738776, -3.044873, -2.3553371, -5.9033613, -4.453031, -2.0522413, -6.1376247, -5.560776, -4.337968, -6.6693497, -2.6102095, -5.786214, -1.6041393, -4.0134177, -6.7444897, -4.318924, -1.6283449, -2.5505018, -6.731309, -4.9214983, -1.6644214, -2.6351962, -6.654652, -6.401239, -5.1442437, -3.9651215, -3.7702715, -2.3046496, -4.5800037, -2.901773, -3.275628, -3.8165026, -3.8056903, -3.1042101, -2.7713568, -3.1415915, -5.580434, -3.5570345, -2.7768857, -5.672659, -3.4118476]
[0.6643765, 4.108495, 2.0378463, 3.8429577, -2.455077, 2.8869607, 4.8238797, 0.8720788, 4.7636743, 2.7371757, 2.9927335, 3.3472712, 0.064535454, 3.0036726, 4.9270773, 0.5867516, 2.6958618, 2.909608, 4.808501, 4.120127, 2.7938743, 0.4306944, 0.99130446, 4.3882856, 0.5586952, 2.865829, 3.5545535, 1.5571098, 3.0893128, 0.5058703, 4.081916, 1.0112287, 1.3073413, 4.3130875, 2.1893847, 3.4890785, 2.5836904, 0.7629486, 2.6766398, 1.350047, 3.4540677, 3.7912056, 0.47964692, 1.6827515, 3.3094049, 3.4665318, 2.4958262, 2.6366718, 2.2536407, 2.6172287, 1.7815084, 2.385892, 1.1565083, 1.5229881, 1.5816096, 4.4561834, 0.08515942, 3.9670243, 0.2601645, 3.4503963, 4.8936653, 3.0973952, 1.1180471, 3.0804462, 1.1856114, 1.2713587, 4.021597, 1.4403503, 0.061120212, 3.0179074, 3.5583262, 0.51264083, 2.6893775, 0.28175774, 1.0971458, 3.51291, 0.008092878, 3.0191944, 2.7430015, 4.7542634, 3.7347171, 3.4732065, 1.1661838, 4.704586, 2.855634, 2.3489573, 0.68284374, 2.79053, 2.8936002, 2.619116, 1.3841115, 2.9917786, 1.1318983, 4.4903536, 3.241039, 0.8590937, 0.4409098, 4.3426495, 4.692861, 4.5361, 1.2868935, 4.0492682, 4.718329, 1.539958, 2.3961372, 3.938558, 3.6299655, 0.64510906, 0.98955566, -0.06327998, 0.36613777, 0.5458398, 4.8742194, 1.8843668, 1.6181638, 0.93289286, 3.8347313, 3.6128442, 0.48534396, 0.35292396, 1.5252963, 0.48921463, 2.434889, 4.0151725, 3.47184, 4.055888, 2.9655716, 3.4678102, 2.9770408, 0.17341055, 1.6443557, 2.8948033, 2.3144844, 4.3375173, 1.8671684, 0.31224635, 2.9881976, 4.3617797, 1.5201252, 2.1628563, 4.011808, 3.3126373, 4.5208225, 0.162125, 0.8334865, 4.509142, 3.114202, 1.4630553, 3.5733616, 0.8119785, 0.73865116, 3.5704303, 4.3418536, 0.13118818, 0.96530056, 4.879866, 4.6150045, 0.48445818, 1.33108, 0.93155783, -5.86873, -2.1759613, -4.719711, -2.7317045, -2.2077065, -5.2086363, -3.1878784, -1.7397904, -2.750278, -5.65216, -4.569307, -2.070983, -1.8451967, -6.610371, -4.9357505, -4.6294646, -1.8823221, -4.716692, -6.458667, -4.4694004, -2.1498847, -4.950643, -3.278943, -1.9657328, -5.382314, -2.685591, -2.7328012, -4.2464333, -5.113174, -4.9039907, -1.9398538, -6.6968865, -2.6519337, -3.5374596, -2.765649, -3.3126788, -4.6497836, -3.4290974, -5.2113314, -4.4309816, -6.637875, -1.597522, -6.7783594, -1.8607229, -6.1917396, -2.958844, -6.645278, -2.804315, -2.5034616, -3.2533746, -2.562845, -2.3766685, -5.6109586, -5.8895845, -2.994026, -5.041747, -2.6488643, -3.0134451, -1.8548324, -6.112722, -4.9213824, -2.3445094, -3.1734786, -6.7549596, -5.333128, -5.592136, -2.8750641, -3.0974832, -5.648692, -6.6682677, -5.937284, -3.8153229, -3.9957654, -5.2411804, -4.154517, -6.073522, -4.8312283, -6.296649, -6.795741, -3.3419445, -5.530917, -2.2914484, -6.434765, -3.508901, -4.8833656, -3.9123325, -4.8003526, -6.1627407, -3.9244876, -1.8227557, -6.1032815]
[1.6232473, -0.0011615214, 4.0064974, 0.40760392, -5.1076303, 3.808431, 4.3312416, 3.968725, 2.2661803, 3.2977457, 3.7218013, -0.030766131, 0.48697573, 0.36176568, 1.7877672, 2.898886, 2.7253163, 2.40866, 4.3120947, 3.4990547, 4.5566354, 2.154986, 4.142088, 0.10187035, 0.5131146, 1.0412766, 0.010383231, 4.480967, 0.2571705, 3.7958877, 2.4836702, 0.9107553, 0.98539007, 3.35454, 1.3899587, 0.7312104, 3.3534281, 4.442704, 0.8599323, 4.3443065, 3.8195117, 2.430709, 2.7666876, 3.8345807, 4.7464905, 1.1967868, 3.974419, 2.6976533, 3.9328578, 2.4501798, 3.9120114, 3.706358, 0.25635216, 3.2378168, 0.92885405, 0.3187797, 4.5740833, 2.537973, 0.755965, 2.4663484, 3.4661062, 1.2464472, 4.918701, 3.3313198, 0.84120655, 1.449373, 3.4780917, 2.0612142, 1.0663975, 4.1674027, 4.4727025, 3.099823, 1.676027, 4.1167865, 4.1654983, 4.137906, 1.2897927, 2.0380056, 0.08822226, 0.45046696, 1.492092, 4.2303853, 0.17304489, 2.2162302, 1.2314373, 4.003235, 0.8788898, -0.0334131, 0.32192063, 4.0882716, 3.4070964, 1.7223036, 1.2907763, 3.8217711, 4.904173, 2.1395772, 2.159291, 0.08095814, -7.163798E-4, 0.5766506, 0.39100397, 0.6340183, 1.6055406, 4.670905, 2.1098886, 3.719129, 4.354386, 2.1563237, 1.9991463, 0.0645012, 1.5093465, 4.213922, 0.37978047, 1.6830282, 0.99180967, 3.6654305, 3.959358, 1.7707851, 1.2770977, 3.9206958, 2.0285027, 3.7726653, 2.4419436, 1.1396165, 4.4312816, 3.9555333, 4.3075747, 0.6523021, 4.7329087, 0.27860874, 1.277617, 2.605827, 1.8849419, 3.158312, 2.3894598, 4.049492, 0.43776545, 3.4335275, 4.466451, 3.4782207, 4.2904024, 4.098957, 3.9643428, 2.131853, 0.04017255, 2.0179875, 3.3624446, 1.3284713, 1.0822384, 0.035797298, 1.470828, 0.51397395, 4.235936, 1.4425441, 3.065215, 1.2166473, 1.5044146, 3.9058836, 0.25706935, 3.8501563, -5.5079474, -6.145201, -6.450982, -3.8551931, -2.4664268, -1.987716, -2.6560419, -1.8221364, -4.012343, -5.143644, -6.48312, -3.5824618, -6.3081393, -3.2240903, -6.3796887, -6.675073, -4.5154233, -5.0865126, -5.7963257, -5.8197994, -3.2488818, -4.891798, -2.88429, -3.5230627, -2.2882671, -3.7131693, -4.6226993, -2.932648, -1.7539526, -2.9747047, -6.3701515, -2.742361, -2.7827744, -2.6369627, -4.6176662, -5.844897, -1.798948, -3.7192905, -4.4724736, -4.620715, -1.8690168, -1.9193065, -2.9738882, -4.571538, -1.8294811, -3.5743222, -2.9912834, -3.446239, -5.2113914, -3.1254785, -6.154238, -1.4794059, -6.5022006, -4.8985314, -4.0143943, -2.684049, -6.900251, -3.6066382, -5.3587255, -6.61247, -5.905607, -3.8801327, -3.076224, -5.4919505, -5.997797, -6.2115555, -6.3362823, -4.3441625, -5.359371, -3.2376814, -2.7188325, -5.129524, -4.185135, -1.831978, -4.8821273, -4.908358, -3.3530436, -5.4512577, -4.0816216, -2.2622707, -2.9246433, -1.7059504, -5.548451, -5.80428, -5.0867314, -5.8990707, -4.9053683, -2.8296962, -5.107006, -3.885284, -6.669156]
[1.6136746, 1.1459503, 3.7179248, 1.7892144, -3.0970535, 0.5008726, 1.0042505, 4.5325413, 1.4912275, 0.56838113, 0.9938562, 2.966023, 1.4131501, 4.690818, 4.1497035, 3.1032846, 2.583664, 3.125171, 0.6595621, 3.0048923, 1.5080823, 0.10997019, 4.366948, 1.312709, 3.4401586, 4.3767495, 0.21603489, 2.1239777, 1.2957271, 4.3173723, 0.14479074, 1.5933331, 2.6208951, 0.573053, 4.6019793, 0.7113892, 3.6907287, 3.2934873, 4.008004, 2.1243627, 3.299017, 0.15629734, 4.7950616, 3.8669388, -0.0054218774, 4.7286086, 1.4325081, 0.106424354, 4.9401593, 1.091178, 0.920694, 0.10364428, 2.5141337, 4.8564944, 3.2281525, 0.7231604, 3.1872149, 3.3621, 0.49752703, 4.5498996, 1.5655555, 4.9130387, 3.8094347, 0.33080786, 0.97085893, 4.04077, 2.6588793, 1.1430384, 4.784716, 3.145817, 4.082408, 0.19896817, 3.0540423, 1.7156879, 2.5820653, 1.9491013, 3.7567408, 2.6603382, 4.5612335, 3.6557, 2.0215542, 3.3779871, 2.0734463, 3.446765, 2.4847279, 4.365807, 1.9900439, 4.8782706, 2.0665762, 2.6730828, 2.234951, 0.93327326, 1.8314286, 1.4977612, 1.6650202, 4.5468307, 1.6981666, 4.931319, 2.3967526, 0.7713224, 4.9208674, 2.3516035, 0.52891946, 0.40189177, 4.2703896, 1.0557432, 1.0825312, 1.3673887, 3.4431405, 0.52967054, 3.9836938, 0.568475, 2.8430839, 1.3983599, 4.5595865, 2.6571493, 4.3967443, 3.9542706, 1.6729051, 2.0740044, 4.947711, 2.5717242, 1.6616561, 0.3994108, 0.8724854, 0.015786389, 1.9719852, 1.6216581, 2.540572, 4.595861, -0.039995097, 0.7275249, 4.092072, 3.9574754, 0.8701676, 0.726992, 0.48984125, 1.4726534, 3.028452, 2.6207426, 2.0967937, 2.2389402, 4.573211, 2.1703012, 2.8339942, 0.8270464, 1.5104318, 4.090431, 3.10434, 1.4909492, 4.0198283, 0.12263644, 0.7605573, 0.2697016, 1.9048293, 2.7953649, 3.843539, 2.67391, 4.309025, 1.4771789, -4.066719, -5.233395, -5.2666326, -3.4109752, -1.7607975, -2.6914437, -3.9098816, -4.847308, -2.4654596, -3.6823962, -5.609809, -4.353863, -5.7495537, -5.533967, -2.9365342, -3.6062129, -2.0573435, -5.4078746, -5.512572, -6.6540766, -5.3915133, -3.176269, -3.9559357, -3.861035, -4.69008, -4.337242, -3.9073613, -6.4142466, -4.2029133, -3.294338, -3.582211, -5.471548, -3.4949586, -5.348638, -3.1801422, -4.489905, -5.545837, -1.3604553, -6.812656, -3.1157296, -6.5947266, -3.062609, -5.7515798, -5.2880716, -5.2684383, -2.7777784, -3.201576, -4.1413965, -5.7845383, -2.7014835, -3.3413908, -3.225918, -2.8595548, -3.9506495, -2.9870627, -2.628566, -6.6501365, -2.1512141, -6.278163, -2.438662, -4.5880013, -4.760228, -6.1317196, -3.5434115, -5.499167, -2.7555375, -6.2267694, -4.15976, -4.6329036, -5.576942, -6.268034, -2.2885695, -6.568268, -3.2775695, -3.4310224, -3.8824246, -5.364416, -4.7589264, -3.9943972, -2.0132813, -2.8393173, -1.248522, -4.404121, -2.9924831, -6.3212733, -6.2471604, -6.91394, -2.567813, -2.1944373, -6.6029744, -3.6917455]
[1.8913906, 4.1360474, 0.22986351, 3.049111, -1.6633908, 2.2291114, 3.5188994, 2.236777, 0.5318527, 0.78960735, 4.4270926, 3.8812003, 2.7855675, 4.573534, 1.7521987, 1.4638187, 1.0376544, 0.68514836, 1.7188479, 0.3192719, 2.3874338, 4.651306, 2.5682945, 3.9331567, 0.68727607, 0.61144006, 1.386428, 1.899683, 0.52358603, 4.2181745, 9.613231E-4, 3.4235935, 1.4683495, 0.56466186, 2.7764819, 1.7374129, 0.528058, 1.526722, 1.947063, 1.9457566, 3.5705755, 4.2012405, 3.6513872, 3.0743928, 1.4717362, 1.8721992, 3.4541311, 2.1052635, 0.3016582, 2.8926847, 0.97709626, 1.4543258, 1.2779377, 1.1489172, 3.5984988, 1.0851496, 4.0128274, 1.6050183, 0.42078033, 1.084401, 4.8108616, 0.018579496, 0.3550504, 3.8515885, 2.829963, 2.6772907, 2.6143405, 0.5527645, 2.2511234, 2.4607024, 1.0539656, 2.4597423, 1.0836227, 0.87232476, 4.848826, 2.2604318, 1.9253005, 1.3425078, 0.43415627, 4.5097504, 1.7049103, 0.40095708, 1.4093955, 0.33095965, 3.6049893, 0.18651938, 4.1075506, 1.9272034, 2.3501525, 4.625913, 4.193254, 4.905507, 0.9026391, 3.2702355, 2.9279094, 4.1143126, 2.6052344, 2.8857985, 2.5934489, 4.215121, 0.86376065, 0.19023007, 1.0435277, 1.3333559, 3.814384, 1.0257142, 2.9293916, 0.07521378, 3.035299, 0.67284256, 3.3024626, 1.1425017, 2.7425332, 4.7394457, 2.8077862, 2.518518, 4.754516, 2.4481251, 0.6158905, 0.51608986, 2.0193696, 3.3585598, 4.904852, 0.12029639, 3.9627361, 4.3408265, 2.6636987, 4.301526, 3.3190112, 0.92667884, 2.6182458, 4.171139, 0.5607822, 2.8470466, 0.14746742, 2.2103505, 1.2247702, 0.020110523, 1.9261345, 2.615616, 2.24951, 4.522352, -0.025932211, 1.0125296, 1.1666951, 2.3453243, 4.5721583, 1.5151772, 0.78884554, 3.0226681, 3.7475743, 1.7724465, 4.7057652, 1.3286217, 2.3744593, 3.5175438, 4.879019, 4.3406568, 3.5423343, 3.0021403, -4.074515, -4.1742854, -5.725414, -2.449817, -5.4508834, -5.1195655, -2.654175, -6.1365814, -6.161626, -3.5016592, -1.915224, -1.8287667, -6.382251, -4.1701827, -2.2645452, -6.0647507, -5.6432614, -2.7006319, -4.235236, -5.2801886, -5.448305, -3.0472956, -2.8229027, -5.6914854, -3.6581857, -5.3367286, -4.4606147, -4.786225, -5.7656393, -6.1455817, -5.783693, -2.6980476, -5.209345, -4.569018, -3.5979266, -4.2330313, -5.0531306, -5.4077735, -6.2506337, -2.3767302, -2.3224301, -3.7044206, -6.8325105, -5.2114134, -3.8563712, -6.5848813, -3.551772, -1.9700688, -3.8850355, -1.6193821, -2.3290496, -3.0927944, -3.2037153, -6.233167, -4.6478715, -5.9339857, -5.3091493, -3.9697006, -5.1997356, -3.2183058, -2.8100202, -4.5832505, -4.698458, -3.1367838, -4.426063, -1.9498235, -4.976214, -5.8899446, -4.949597, -6.4276085, -3.7331128, -4.352003, -6.5870013, -2.1189694, -2.7621405, -3.371624, -4.983889, -2.9484918, -5.880731, -3.455131, -4.80171, -1.8755512, -3.9192398, -3.7274628, -3.0672925, -5.88759, -4.8383794, -1.891911, -1.4534025, -4.281926, -3.7900164]
[4.727179, 4.4803123, 4.700463, 3.8144474, -4.3970194, 3.0441077, 4.8706775, 3.2159257, 3.6680675, 2.0774586, -0.04326783, 4.1257133, 4.4303493, 4.1036286, 4.7173285, 3.5193973, 1.5107754, 1.9249492, 1.517507, 0.52389157, 4.1867356, 4.3481636, 4.8498077, 1.4661504, 1.1333745, 3.148327, 1.691072, 3.9315817, 1.2044717, 1.6141436, 3.489978, 3.6501892, 2.2970285, 4.358043, 0.7159346, 4.025468, 4.5567923, 1.9261947, 0.58652073, 3.4721053, 4.758947, 2.9582202, 4.759117, 0.34936738, 4.1119742, 4.563486, 0.096063316, 1.4670835, 1.406145, 4.3861785, 1.229975, 0.8414899, 3.7622325, 2.5958595, 1.3652034, 0.35645127, 3.0265436, 0.9251348, 4.089146, 2.647987, 1.2807671, 0.63143855, 1.0514202, 3.6952364, 0.8508541, 3.084569, 1.8422394, 3.0165691, 2.301014, 0.8852767, -0.044645894, 2.8314087, 3.5744057, -0.0557186, 2.8734503, 4.110622, 1.2876704, 1.5942127, 1.4986446, 0.3013135, 1.4563633, 3.941772, 1.7858859, 3.5335715, 3.8039434, 2.7666402, 0.37693736, 3.6966293, 2.3425791, 2.9035287, 1.4442827, 3.6279995, 4.783328, 2.4721124, 1.8076705, 0.411919, 1.7943243, 3.9495697, 3.4725122, 4.87526, 2.8583426, 1.6527733, 1.3174483, 4.549615, 3.7021966, 4.4901175, 0.13062412, 2.3643305, 3.960129, 1.4962772, 3.3472404, 3.9370918, 0.4530432, 2.4851131, 2.5339518, 4.396279, 4.0212746, 1.5385551, 3.403665, 0.35744467, 4.673212, 1.3688282, 4.412677, 3.7557302, 0.42316848, 3.5843992, 0.9392017, 0.062143482, 1.8751243, 4.8288026, 1.7691481, 0.08514305, 4.90855, 1.1158826, 2.726122, 4.7590733, 2.7876256, 1.3252997, 2.0491016, 1.4100846, 2.1236298, 1.6396712, 0.62433696, -0.020732762, 0.1454718, 3.5558472, 1.6652056, 2.2658656, 2.5650208, 0.64733267, 0.60517484, 3.6815271, 3.288391, 1.6169813, 3.0283048, 0.7165705, 1.7396455, 0.6728575, 2.7215934, 2.4704175, -3.7881002, -4.496972, -5.267991, -4.9489303, -3.1323307, -4.1980405, -2.6807194, -4.8652277, -4.0634136, -6.285236, -2.1679251, -5.297108, -6.670911, -2.560352, -5.366142, -4.546081, -5.6377087, -5.4734254, -5.219247, -3.76974, -2.604319, -1.7044551, -2.4283764, -5.7818027, -5.414353, -2.8246396, -2.5722258, -3.7034721, -2.778947, -3.899731, -3.6991305, -4.976149, -5.131634, -6.6552944, -4.098468, -4.787577, -2.9475245, -2.3856583, -4.618005, -5.844076, -5.18123, -2.2856326, -6.1862526, -5.037466, -6.603681, -4.778661, -4.636445, -6.5889907, -3.3308818, -6.10079, -2.345857, -5.7598844, -4.944662, -3.3851237, -6.081204, -6.5299997, -4.148677, -5.53009, -6.325335, -4.0505495, -3.8023062, -3.4224994, -6.3912754, -6.572988, -6.794588, -3.3944676, -6.0041294, -2.2740145, -6.7576723, -6.763879, -3.7432723, -6.0020933, -5.179444, -3.8920865, -4.6802893, -3.8612392, -5.3887653, -3.1970675, -3.5303874, -3.6741056, -4.4268246, -3.8424344, -4.7049737, -1.9857435, -3.9183605, -2.0585773, -6.5753317, -2.370528, -2.0592065, -2.3369675, -4.6778016]
[4.8351016, 0.42736638, 4.8728075, 4.6316843, -2.4738035, 3.2558305, 4.4372497, 4.1395645, 0.62347496, 0.20883065, 4.4259953, 1.4251449, 3.0873845, 4.4798446, 2.4598694, 0.020897588, 3.1772077, 2.9593291, 2.6942818, 3.820622, 1.6967142, 1.4961092, 0.46699363, 0.53946775, 2.4965484, 2.3432567, 3.6569552, 3.709743, 4.4965343, 1.4625484, 2.6771033, 2.3956263, 3.673581, 1.5120351, 0.021235965, 4.5952315, 0.5470533, 4.1684475, 0.5842204, 3.2375073, 1.9905651, 2.4360368, 3.3592708, 0.051142048, 4.249306, 4.9364758, 0.85136634, 3.3282366, 0.840078, 3.945517, 0.17672254, 4.3663015, 0.37102225, 2.7532496, 1.503381, 0.5291388, 0.46449047, 4.8007965, 3.5794795, 3.8096943, 3.9943714, 0.33154073, 4.825869, 1.9541332, 0.5219831, 1.7133449, 2.9915762, 1.3386625, 4.743779, 1.8082008, 3.9493766, 4.8266196, 1.4907748, 4.01728, 4.569998, 3.5872397, 1.6638068, 3.8985813, 3.4762964, 3.7201717, 2.579605, 2.2772102, 2.9357624, 4.7527885, 3.7017007, 3.0989692, 3.0689619, 1.8461802, 3.6877992, 0.09285712, 0.41289103, 4.245273, 4.0470815, 3.249592, 2.184397, 2.9464765, 4.3042674, 2.8764248, 3.1984138, 1.5251757, 0.31594825, 4.444932, 1.6375351, 1.9873481, 0.3633583, 3.966169, 4.8535767, 2.3713238, 4.8688416, 0.27355596, 4.6290174, 3.3464792, 2.0275273, 4.223986, 0.9836908, 1.3671604, 0.8429583, 2.52029, 0.557502, 2.3419592, 3.4010124, 1.8150383, 0.24725738, 0.41092166, 4.6265907, 0.70550394, 2.2579167, 4.9348392, 3.1235306, 3.78083, 0.68107843, 2.575492, 4.5437865, 2.4763322, 0.38636294, 1.9487622, 0.50052583, 4.103128, 1.8655556, 0.0917498, 3.55619, 1.4135039, 3.8816922, 1.9558065, 4.7278814, 4.8485837, 2.6595743, 2.503222, 0.56417805, 0.34351996, 0.21333611, 2.684734, 0.86607856, 0.092099, 0.9971346, 1.932357, 0.8154022, 1.8754073, 4.205673, 2.7126243, -3.3129187, -2.9481409, -4.895425, -4.8641195, -6.067828, -3.3699315, -1.9790863, -1.5727429, -5.872547, -4.618659, -5.017753, -2.504326, -2.5200288, -5.5824785, -5.3471518, -3.249779, -3.9285302, -4.0930877, -5.393381, -2.5183332, -5.1943345, -5.3742995, -3.895539, -4.1393347, -5.2527833, -4.763043, -5.2783217, -2.9617767, -6.421036, -5.1859565, -2.2236922, -2.2539175, -1.770119, -6.17566, -3.4924757, -5.843733, -6.3123345, -1.9695584, -3.130651, -6.245477, -2.347442, -4.8253775, -2.821413, -2.1589499, -3.7718549, -3.6351094, -2.7859776, -3.1062186, -6.294848, -1.7239544, -4.9597063, -2.8022285, -3.1954951, -6.8001575, -5.8317833, -6.1475286, -5.6651716, -2.183912, -3.4146712, -4.3061113, -4.0256953, -1.9375689, -2.793665, -4.859022, -2.7304823, -3.429678, -2.9073956, -4.2480264, -4.9992, -6.2734556, -6.3677306, -5.829186, -1.8501306, -2.850546, -1.9413548, -4.036968, -2.7083025, -4.395925, -6.7526493, -5.3370166, -5.392604, -2.5702364, -6.5414333, -2.9547195, -5.722624, -4.6214747, -5.6014986, -3.176184, -2.822903, -3.1145473, -2.6472433]

 

Accuracy: 40.384613%