Final Weight Matrix:
[4.3683767, 3.368459, 2.0996752, 0.8848256, 3.1381216, 2.454701, 4.4927754, 1.6447208, 4.411897, 0.59906155]
[3.7009668, 3.9271712, 2.8090963, 0.6511283, 4.6812963, 2.8348422, 1.9004506, 1.0263771, 4.952791, 4.400904]
[3.6520386, 3.6885283, 3.3824496, 2.8527336, 0.38831592, 2.054788, 2.624884, 3.4628532, 2.9536881, 3.7416544]
[3.6488338, 4.09167, 2.1017795, 4.301503, 2.5435827, 3.2663581, 0.049102604, 4.615024, 3.4212291, 4.6764436]
[4.193938, 1.1526531, 2.0732126, 3.6518836, 0.14865279, 4.416132, 2.911072, 2.2667816, 3.969304, 2.051372]
[2.1347916, 4.5651965, 0.12318373, 2.1838048, 0.4930982, 3.309162, 3.724129, 0.7808256, 0.097655356, 0.018076003]

[0.6261569, 0.37187278, 1.6493344, 1.7087471, 2.415722, 3.349888, 1.9548041]
[3.102822, 4.3270936, 0.69868624, 4.5339184, 2.480052, 1.8476903, 4.2151375]
[4.424209, 2.2993577, 1.8324012, 4.76461, 2.4128108, 2.0531406, 4.4379]
[4.480072, 0.006019771, 2.0725179, 0.07766992, 3.012471, 2.5732746, 2.5615506]
[2.922099, 1.4009216, 0.5695501, 0.54715127, 2.589787, 1.0600531, 3.2950764]
[2.6188123, 4.538514, 4.9981565, 2.7441308, 3.8699498, 2.0377219, 1.1690614]
[0.12867391, 1.8023422, 3.3373759, 4.823778, 1.2443409, 0.7194704, 2.9175923]
[3.6316013, 0.035232306, 0.30666083, 4.2642097, 2.9666874, 4.2728457, 1.3095818]
[1.0506318, 3.1530576, 1.909133, 4.002284, 1.576855, 3.191926, 3.3130007]
[3.146634, 1.8119373, 3.8893623, 4.625697, 3.4423187, 1.9735601, 0.7042876]

[-10.743368, -22.203192, -2.3451166, 1.7100376]
[-10.032965, -21.168211, 1.4048549, 0.43643233]
[-9.171614, -20.569456, -0.55853546, 1.017806]
[-10.541596, -23.020605, -2.8315532, 1.701948]
[-10.251861, -18.421013, -1.6837509, 1.0765729]
[-12.697369, -21.644463, 0.002185453, 2.5628767]
[-12.868845, -21.130062, -1.8189684, 1.359348]

 

Accuracy: 64.73988%