Final Weight Matrix:
[4.829819, 2.4355123, 3.967371, 3.585567, 4.3038373, 2.0980086, 0.4868996, 1.4194558, 4.4719024, 0.09147346]
[3.1464746, 4.5110817, 2.521947, 4.8659067, 3.4305286, 2.1080878, 4.193024, 2.340897, 4.9477773, 2.2859302]
[2.1300411, 0.11623591, 0.07910997, 2.6855617, 1.8390408, 4.9481993, 0.052386224, 2.8340135, 2.0608137, 0.99665284]
[0.32978743, 1.8135033, 2.3300362, 1.7393281, 3.400158, 2.534417, 1.5442894, 3.5517921, 3.368127, 1.1683255]
[4.1776896, 0.6251526, 1.4020866, 0.24602503, 2.0611134, 4.514401, 1.6257288, 3.4999638, 2.4668763, 2.3200777]
[1.3474059, 2.0985055, 3.210108, 1.4618742, 1.2557554, 4.490075, 2.0699704, 4.627735, 0.9596622, 2.547734]

[0.577406, 2.7144468, 1.8096254, 1.1192002, 1.9765723, 3.119711, 0.55307955]
[2.8744068, 3.3868527, 3.321017, 2.9983308, 3.5736873, 0.14188349, 0.26862204]
[2.3938622, 0.51649094, 3.3100061, 3.2295563, 1.7782774, 4.0757, 3.1837215]
[4.613448, 1.6806507, 4.3693357, 3.318942, 4.271286, 3.5142353, 4.403439]
[1.5911669, 4.332886, 1.0241666, 2.461678, 1.8762062, 3.9012816, 1.640949]
[4.283729, 3.8470922, 0.68158984, 0.4281512, 4.2214384, 3.0736396, 0.7328811]
[1.070134, 0.28542757, 2.0123367, 1.1045101, 2.5520234, 4.88212, 2.5554345]
[4.7792683, 1.5710423, 4.319632, 1.8710452, 4.4861565, 3.470256, 4.448788]
[2.1906605, 3.9728088, 3.4904714, 2.361475, 2.6946888, 1.9144452, 2.2342837]
[3.042014, 3.496636, 2.9712086, 4.4720407, 2.5483117, 0.046562254, 0.5429056]

[-17.754507, -35.38095, -18.486237, -30.993668]
[-18.80498, -36.80555, -14.59302, -31.142218]
[-16.740068, -33.477512, -14.31172, -28.635859]
[-20.45726, -35.73355, -16.08798, -29.488163]
[-18.702595, -33.62654, -18.165808, -26.704414]
[-20.706135, -35.773594, -17.002289, -29.765297]
[-19.333223, -40.117252, -19.109411, -31.380312]

 

Accuracy: 65.31792%