Final Weight Matrix:
[1.6713631, 2.6298764, 4.848304, 2.965005, 0.115341246, 3.8255062, 3.9349043, 0.14475107, 1.476141, 1.7813975]
[1.1205754, 0.9496242, 3.6560354, 3.4742198, 1.9876051, 3.7097595, 1.5428927, 2.8670382, 0.858708, 0.5640191]
[1.6792482, 1.7188766, 2.4984422, 4.8541536, 1.9516116, 0.7939404, 3.2087386, 4.7120275, 0.8205211, 0.43869913]
[0.9852132, 0.58520764, 0.2493304, 4.22733, 3.2591283, 1.0353422, 3.603067, 4.449207, 2.8578863, 1.1817107]
[2.6640973, 4.31466, 0.7187328, 1.4390836, 1.1629949, 4.341247, 4.582953, 0.89529693, 3.0433335, 0.9219426]
[4.0814915, 1.6109884, 3.088648, 2.3044002, 3.950915, 2.013695, 1.6370931, 3.3776703, 1.4474291, 3.2534802]
[1.3212225, 2.7861109, 3.6657996, 1.1306498, 2.1016154, 2.0019386, 3.4322426, 3.8816845, 0.14685243, 1.3857424]
[3.6914353, 1.4916887, 0.25970578, 1.7618638, 3.0167074, 3.2054806, 0.79960257, 0.21186024, 1.6612794, 4.840568]

[2.221854, 0.2391246, 1.7623222, 1.3099787, 2.0903122, 1.0413957, 2.1869025]
[0.27814895, 2.4456332, 3.7214186, 1.551058, 2.076347, 2.7779996, 4.0109453]
[0.084827244, 1.2636161, 4.1908116, 2.6368613, 0.8947766, 0.54370224, 2.1085346]
[4.2433147, 4.3822145, 0.037365258, 0.6137356, 0.7388291, 4.9038277, 0.20281851]
[2.059558, 1.7665098, 4.4589767, 1.4255542, 4.43693, 1.418474, 3.2045243]
[0.53369254, 3.3511183, 1.3177409, 1.8372136, 0.19821823, 2.7284858, 4.2731133]
[0.45164555, 1.4515537, 2.2082705, 3.141601, 0.93842953, 2.896023, 0.8307025]
[0.5909237, 4.5948167, 4.7096815, 1.1948726, 3.6894252, 4.5948257, 1.3151405]
[0.88857204, 2.725855, 3.726549, 2.7224436, 0.17708987, 1.205951, 0.22302002]
[0.645386, 0.74608207, 4.4313855, 3.1649234, 2.718257, 2.6206133, 0.54974526]

[-67.916016, -38.110954, -65.812325, -61.891582, -66.95853, -42.448498, -61.11927, 2.9064322, 0.49194112, -60.28407, 2.1573064, -43.3405, -27.622746, -0.5271215, 2.5749753, -45.415855, 2.4766808, 0.8014611, 1.3274206, 0.5663143, -0.29661968, 1.9004827, 1.9518716, -28.953756, -1.630011, -40.44705, -13.080242, -1.7885895]
[-59.55708, -34.83792, -62.500534, -55.324345, -57.25551, -37.412395, -56.966427, 1.3397156, 3.3828886, -54.469193, 2.032551, -37.20799, -22.393654, -4.3002977, 1.679518, -41.4539, 0.044764165, 3.684581, 0.41164932, 4.0599365, 4.23821, 2.4467702, 1.4302597, -22.65514, 0.17654184, -37.012783, -10.617396, 1.1372057]
[-56.39422, -29.280985, -55.157818, -51.614044, -56.136414, -37.149773, -48.98318, 2.1098127, 1.4597759, -50.63274, 1.161205, -31.6505, -22.516191, -3.604939, 1.916516, -35.007378, -0.9196796, 3.6390681, 2.8008125, 3.5689764, 1.6908704, 0.06560697, 3.8039825, -23.292269, 1.0232614, -30.155573, -12.616697, 0.043033924]
[-58.517212, -31.99184, -60.050247, -54.506977, -60.56354, -40.89709, -58.1272, 1.11826, 2.577648, -57.694733, -1.3087046, -36.11965, -26.642082, -0.47262955, 1.6632066, -41.416664, 3.0097814, 4.5569096, 2.575413, 1.2390118, 1.845199, 2.9090152, 1.5427969, -24.828804, 1.2637156, -32.859566, -11.347352, -0.12393687]
[-63.137085, -31.072973, -60.547466, -58.720444, -59.571945, -40.703625, -55.169113, 0.08318912, 1.853245, -56.994858, 0.6134018, -39.932034, -23.656664, -0.5244193, 3.4922328, -41.57257, 0.020687703, 1.143866, 0.8984135, 4.3599534, 2.2183053, 4.735973, 1.9782002, -25.88848, 2.3109505, -37.006344, -13.604007, 2.4882655]
[-61.371567, -32.28582, -62.663143, -56.6649, -58.82166, -40.549725, -55.137165, -0.03264117, 3.957385, -54.70959, 0.4552773, -38.38627, -25.16385, -2.170862, 4.6049995, -41.303864, 2.2910118, 0.2616324, 0.8656749, 4.2573557, 3.92877, 1.2590046, 0.9602307, -21.894001, 1.0982492, -35.608547, -10.863316, 1.578313]
[-60.92197, -35.672832, -63.058186, -56.796104, -61.716713, -40.414112, -60.50847, 2.3557436, 1.2359399, -59.709625, 2.6635857, -41.184067, -24.685757, -4.488048, 2.4690578, -43.572594, -1.4221349, 0.23072152, 1.8713251, 2.6692014, 0.27899104, 4.5025735, 3.3407767, -24.970535, 2.2686055, -36.00353, -11.229549, 2.3511634]

 

Accuracy: 12.91866%