Final Weight Matrix:
[4.4138064, 3.130448, 3.4120994, 1.1949208, 0.023195446, 0.89259565, 3.0528, 1.7002922, 3.5892036, 1.9404659]
[0.6669536, 4.3579373, 3.151426, 0.23010492, 1.1328795, 4.533922, 3.6868744, 1.1661294, 4.868663, 4.382065]
[2.5711923, 2.4031014, 3.7197895, 4.0526958, 3.6689177, 1.5834866, 3.728302, 4.9801145, 4.903432, 3.6592078]
[4.2303457, 2.0433462, 2.689965, 2.8848484, 2.4648407, 1.7766517, 2.7603648, 2.2548394, 0.21722287, 2.3830104]
[1.1399442, 0.21042556, 1.200067, 3.802977, 3.156283, 4.7564797, 1.5716448, 3.6310768, 1.7473445, 3.6105509]
[3.6016498, 0.011046529, 2.199633, 2.8296905, 3.3513594, 1.429179, 2.0724866, 1.2131813, 4.8872766, 0.35177767]
[2.0662868, 4.115252, 2.989913, 3.0990098, 3.1626806, 4.5910926, 1.2530186, 4.034473, 3.5244262, 0.7771763]
[2.5465572, 2.7895555, 1.48978, 3.324156, 1.8955019, 2.6866267, 0.95820755, 2.5739484, 0.21568984, 1.0185015]

[2.5455327, 0.034321845, 4.060167, 3.2671714, 1.9203949, 2.8521917, 1.5305505]
[2.4769835, 4.6312575, 2.2343972, 0.96684694, 4.7512665, 4.7334, 0.69105744]
[4.5679674, 0.52251816, 0.44576108, 3.176446, 2.039084, 3.8010082, 0.5536717]
[0.5360016, 4.98927, 0.8718622, 2.0490303, 0.51160544, 4.5950494, 2.8639917]
[0.6161475, 2.0521908, 0.93704283, 0.6237173, 1.6591451, 3.9803438, 1.0456365]
[4.4004374, 0.08347452, 2.600656, 4.648238, 1.8906019, 1.5259564, 1.5406647]
[0.6892273, 2.2296298, 2.0389736, 2.6943944, 2.1412106, 1.9998834, 0.8174819]
[2.3114774, 0.3928393, 0.30772328, 3.6828246, 1.0269823, 4.4875712, 4.435883]
[1.0535929, 4.459349, 3.805803, 0.6014815, 1.7177114, 0.18286198, 3.9893315]
[1.4381093, 4.126453, 1.6890595, 4.264812, 0.10633111, 0.2431646, 1.9363108]

[-98.86853, -96.585266, -98.421364, -92.8185, -100.84133, -94.93193, -95.240845, -87.19708, -86.15569, 0.31248918, 0.83356977, -66.500786, 3.7524614, -60.899033, 2.5436752, 3.5969625, 0.9578346, -1.3232983, 3.090902, 4.3824363, 3.2690957, 3.0169322, 2.6501637, -0.14302173, 1.9532881, 0.16994296, 1.2108243, -21.971981]
[-94.316925, -91.375, -98.52777, -92.14714, -95.82131, -94.00954, -91.16534, -86.06588, -85.29521, -1.5161082, 1.1917242, -67.93874, 0.56340104, -58.943115, 2.4730673, -0.0711741, 3.3251638, 2.56346, 0.7911598, 3.356516, 4.4528904, 4.173165, 1.569703, 1.8134906, 1.5220087, 0.7260944, 0.5015232, -22.888964]
[-97.91977, -92.797455, -100.767395, -92.39825, -102.78698, -93.137955, -94.656166, -88.324196, -88.58126, 1.1858664, 1.3963265, -71.35573, 4.170406, -61.91817, -0.50730604, 2.238237, 4.8948293, 3.5412033, 3.3074353, 2.1179621, 0.7467939, 0.90218854, 2.1944585, 4.3825097, 4.819895, 0.49377915, 0.3787636, -23.707582]
[-94.745804, -93.59656, -95.73152, -93.422, -96.31766, -90.31484, -94.63203, -82.66065, -86.50285, 2.5569441, -0.74328554, -65.97691, 0.94437945, -57.52984, -1.0482848, 1.3347156, 3.267586, 1.7816349, 2.5574436, 2.5353472, 0.5023598, 3.0347402, 1.9896121, 0.15019855, 3.5550303, 1.3317034, 1.4572192, -23.626293]
[-97.03782, -96.92111, -98.34321, -94.88429, -100.99691, -94.72998, -94.8639, -87.219185, -89.02236, 1.4873801, 2.0208292, -67.26975, 3.3773103, -58.255493, -0.124847196, 1.5607791, 0.98993725, 0.29572898, 1.6314467, 2.974624, 1.908125, 2.8731866, 1.5152671, 4.1796227, 2.685045, 4.1598353, 1.4781289, -22.931105]
[-94.8588, -90.83756, -94.97109, -89.44157, -97.81086, -89.54598, -91.89198, -82.108, -82.280594, -0.4816848, -0.34843728, -67.9297, 3.115373, -58.11364, 1.2093694, 2.5522666, 4.264884, 1.8801769, 2.377581, 3.000457, 2.1339953, 0.96942276, 1.6810489, 1.0900445, 2.3588428, 4.6948814, 1.3334683, -24.604095]
[-98.6036, -95.77145, -99.116394, -96.01112, -103.251976, -98.0222, -97.07947, -86.68972, -85.9037, 0.8770416, 1.8338201, -70.477, 1.8327368, -62.98035, 0.8612186, 3.4030583, 1.0732234, 2.528286, 1.4874655, 3.481095, 3.7579587, 0.8780239, -0.6101559, 1.1982604, 0.11607301, 3.1675665, 1.2829864, -21.99684]

 

Accuracy: 17.70335%