Final Weight Matrix:
[4.0038166, 0.75838685, 3.090787, 4.4235754, 4.30152, 4.7867994, 4.091893, 3.6609113, 0.42868078, 4.403597]
[0.24415374, 3.1468692, 2.5241275, 4.7587404, 0.7180217, 1.9718033, 2.9351282, 3.7892728, 0.8862129, 1.4531356]
[1.7481706, 4.0413218, 2.6535213, 4.1224656, 0.8520788, 0.024805069, 3.949439, 3.4572167, 1.0972112, 4.6042905]
[2.232931, 3.557838, 3.5665107, 2.6379604, 1.559814, 1.1238348, 4.404078, 0.83891034, 3.4191837, 3.5364647]
[0.8720565, 4.2437735, 1.4814129, 1.559094, 0.9724602, 3.5932832, 4.8947515, 0.9548837, 1.8008041, 4.7338457]
[2.3018951, 1.1731861, 0.8447364, 0.9800449, 2.2566807, 3.5389705, 0.3332284, 3.3925676, 3.8419578, 0.10252714]
[1.9382423, 0.54703355, 4.6135263, 4.3690596, 2.16732, 0.5352697, 0.31576693, 2.5695634, 3.5264568, 0.3556472]
[0.37926197, 0.38633883, 1.4203467, 4.233029, 3.969563, 3.1798005, 4.0620794, 2.746945, 4.212552, 3.7399173]

[4.735335, 2.4398355, 2.2820923, 0.5081299, 1.265735, 4.092154, 1.8593639]
[1.5771407, 2.769215, 1.37005, 2.3232093, 2.7103283, 3.73706, 1.6220965]
[2.1226897, 1.1541367, 0.45074284, 2.2875597, 1.5359375, 0.31063378, 1.0841566]
[4.5091524, 0.30525, 2.9492366, 2.713649, 0.9627658, 0.03247291, 3.7626026]
[3.7129376, 0.7357165, 0.24934173, 4.798836, 1.6341457, 1.9295156, 0.4760638]
[2.8579805, 3.969626, 3.9247313, 2.532585, 4.9434214, 4.031765, 3.3313122]
[2.7583857, 1.567117, 2.2876816, 0.23070037, 4.469132, 1.2708988, 0.6286615]
[2.584622, 1.9759891, 0.43448776, 0.35469532, 4.59371, 3.3129754, 2.9750357]
[3.8048804, 3.3068109, 4.6595807, 4.2241783, 3.0852814, 3.1443336, 2.463315]
[4.308725, 0.8357337, 4.957237, 4.8163505, 0.11272788, 2.3627791, 4.313889]

[-72.45497, 0.96704435, -68.52752, 1.353146, -71.473946, -74.660515, -46.108055, -32.156647, -65.414925, 2.6471257, -80.5082, -72.72808, 4.051242, -21.345903, -44.49843, 2.1985257, 3.7384536, 0.19020271, 2.9321456, 0.010826934, 0.6733961, 0.18609874, 2.8422542, 1.242155, 1.7290665, 3.8172197, -9.470413, -3.4132414]
[-76.32317, 2.1072838, -71.84152, 0.46278825, -76.35087, -75.7736, -51.04725, -30.274815, -73.75786, 0.30778944, -80.879845, -77.872246, 3.2156637, -23.662708, -46.89734, 2.383699, 0.7324804, 4.1099052, -0.39194214, 2.4435763, 2.9114485, 2.89615, 0.98706037, 1.6290246, 4.0549746, 2.473141, -10.516893, -4.899587]
[-77.58744, 2.2582877, -73.21342, -1.0147853, -75.889175, -76.181404, -46.842083, -29.83826, -69.13619, -1.3903226, -84.5251, -79.15732, 2.5885353, -23.962606, -43.498863, -0.15119909, 3.3343391, 3.0119588, 1.7245746, -0.87297845, 3.6785488, 3.9683094, 4.127511, 1.4987832, 3.0957236, 1.804791, -11.358493, -3.5375764]
[-72.33409, -1.7036895, -73.47788, -1.476007, -75.260475, -74.60907, -50.192875, -31.685385, -71.18812, 1.5511754, -84.225914, -76.45767, 1.9093345, -22.144108, -47.08669, 1.6840035, 2.4427955, 4.032645, 2.3877501, 2.9523487, 2.087644, 2.1779854, 0.8262675, 1.7708406, 2.9264944, 4.528208, -10.466487, -4.706098]
[-74.56332, 0.025016278, -72.92421, 1.635036, -76.972755, -78.024025, -47.5036, -29.5046, -71.76412, 2.6450732, -83.48042, -76.55079, 2.2133687, -23.019745, -44.333992, 0.41182986, 0.9395274, 2.5423408, 0.45353606, -0.40501642, 3.6507883, 2.8651247, 1.4659352, 4.063082, 0.9306552, 3.0583346, -9.491619, -4.2856]
[-70.79305, -0.5300365, -67.88851, -0.01839676, -73.13495, -76.966125, -49.093575, -28.004707, -69.13482, 1.1388456, -80.817345, -77.01474, 3.5776207, -22.961609, -42.560463, 2.8167455, -0.21218096, 1.0692012, 0.66965765, 3.663645, 3.6390746, 3.5946329, 3.6752105, 2.6372073, 2.3473754, 4.693011, -6.707075, -4.036697]
[-74.973755, 1.8063753, -74.10132, 0.94141454, -77.44227, -79.75963, -48.45618, -32.841606, -74.30173, 1.2121701, -85.45905, -79.7144, 1.9310085, -25.37996, -47.166462, 2.0751014, 1.1854093, 3.568103, -0.35158113, -0.3567745, 2.6473262, 0.61143726, 3.255507, 2.3487458, 2.2357337, 4.3730464, -7.2727966, -4.6291947]

 

Accuracy: 14.354067%