Final Weight Matrix:
[1.6408393, 2.022678, 3.873767, 0.9423685, 3.3124833, 4.5715785, 2.5447245, 4.508008, 4.970092, 1.8400385]
[1.8511024, 0.06765455, 4.2068315, 1.9193363, 3.2401717, 0.95436543, 0.2579862, 3.0686383, 4.857287, 0.9651959]
[0.8275467, 0.38480252, 3.8208914, 4.4546185, 2.4222164, 1.9418901, 3.7148836, 1.7966384, 1.6837466, 4.8482866]
[3.1060503, 1.3667116, 2.7309933, 1.429405, 2.9357462, 4.793433, 1.1004943, 1.679858, 4.437071, 1.4484882]
[2.3417315, 0.5386108, 4.7572045, 4.756015, 1.591695, 1.2373838, 2.888336, 4.82431, 4.7621636, 2.5356526]
[1.4517605, 2.4394023, 0.13963163, 2.6796222, 3.6634638, 3.5577135, 2.867584, 3.2679768, 4.714162, 3.9307208]
[0.67742944, 2.249908, 1.3037807, 2.3657885, 0.40967047, 2.1626089, 0.11427939, 0.7423082, 1.9506317, 3.5932114]
[4.223293, 3.2697308, 3.6603556, 3.1469748, 1.4450493, 3.493485, 0.7201943, 1.8578231, 4.1284237, 1.2660861]

[0.948458, 0.6932315, 4.2918034, 4.734725, 4.961596, 2.3026345, 0.08096844]
[2.4244654, 1.367316, 2.4224105, 0.30262798, 3.6798897, 0.31338513, 3.8819785]
[2.3191607, 2.1700716, 3.858395, 4.2212896, 3.4489727, 2.3553352, 0.5333817]
[3.8122032, 1.4644494, 4.8931513, 4.208877, 1.6227529, 2.0315397, 3.9491389]
[4.1318645, 0.43764085, 4.410525, 1.4425373, 0.24047315, 2.279506, 0.30856103]
[4.9493275, 4.668478, 3.8083549, 4.016325, 3.5067236, 4.6122265, 3.7213633]
[1.4018891, 2.9969368, 1.4232141, 1.2580225, 0.70620507, 3.3634667, 0.2118215]
[3.2279184, 3.5708997, 2.247859, 0.28170615, 3.9275458, 0.21814823, 3.987687]
[0.06792188, 2.5712764, 0.035019815, 2.4368858, 1.7112112, 4.618451, 3.034831]
[3.0474842, 2.0803263, 4.587611, 3.2727706, 1.7679884, 3.6460366, 2.5798666]

[-102.55899, -35.422497, -77.528435, -109.57901, -107.4892, -107.992805, -41.793976, -89.04081, -105.79478, -103.71356, 2.0454016, -21.484049, -44.56506, -23.602943, 3.0960832, 0.65119284, 2.815601, -5.1372876, 1.3438312, -0.76931953, 0.9683519, 1.9574542, -0.06725954, 3.4829986, 4.5500817, 1.0401113, 4.785932, -84.75809]
[-104.93737, -36.996998, -80.1788, -110.37256, -112.81277, -112.277405, -41.70898, -89.67159, -106.36294, -104.62198, 0.1381802, -21.854818, -50.20899, -26.529436, 1.7223523, 1.9331372, 0.29284695, -8.306622, 1.4794282, 1.8468554, 4.7429895, 0.25908878, -0.26791456, 4.8724065, 0.80757666, 1.82768, 2.9457052, -85.93973]
[-96.64938, -36.98377, -73.45126, -101.97031, -105.20126, -104.80798, -38.133907, -84.22238, -97.43964, -101.55812, 0.9643061, -21.525944, -42.602993, -22.794449, 2.1376784, 1.1702228, 0.62408006, -4.5691724, 1.3334993, -0.59221494, 3.482518, 2.8085046, 0.804113, 1.2405678, 3.0893035, 2.0436535, 4.138147, -80.756035]
[-106.30448, -40.92741, -78.53541, -111.65671, -111.32661, -111.62881, -43.153923, -88.42192, -104.45162, -107.27153, 4.4062076, -20.359745, -45.956394, -23.311016, -0.4543464, 2.4918542, 4.122845, -5.125307, 0.91991496, 1.8294407, 2.8471034, 2.8322496, -0.60886794, -0.078801654, 3.3448956, 2.3771296, 1.1926129, -85.77731]
[-102.44265, -36.380756, -78.14735, -107.64293, -105.35286, -106.035416, -39.161312, -86.66201, -101.65218, -99.65182, 4.0491157, -19.93245, -42.754227, -24.660759, 2.9033682, 2.569006, 1.5439895, -5.2272525, 3.0633001, 2.2012172, 2.826777, 1.1153753, 2.372332, 1.8184214, 1.6107785, 1.7581564, 2.8339365, -79.69266]
[-105.93299, -36.665157, -80.45874, -112.22638, -109.2742, -108.626366, -39.778152, -88.81419, -107.193855, -105.496414, 0.73788506, -21.720726, -47.868916, -27.81072, 0.32686916, -0.79387164, 2.3172936, -9.014557, 3.6601171, 0.57651615, 3.6333182, 0.2040518, 1.4674605, 3.3367913, 4.855184, -0.034747843, 4.421194, -85.738914]
[-102.623726, -38.86572, -79.860985, -110.33224, -109.34195, -109.83393, -41.932304, -90.18428, -105.215546, -104.680534, 2.8899841, -22.050913, -46.36522, -26.567297, -1.5115523, 1.1648905, 3.6862326, -5.8632293, 4.134226, 1.2900572, 2.259506, 2.5648644, 3.1301386, 4.7167134, 2.552522, 0.68384314, 0.6371892, -84.57899]

 

Accuracy: 8.61244%