Final Weight Matrix:
[4.3780346, 3.7185636, 0.034101307, 1.7114419, 3.6679828, 1.8594716, 0.6139022, 0.9804976, 1.9653723, 2.6580179]
[4.5986943, 1.7316911, 0.50521344, 2.732758, 1.3571682, 0.41260898, 2.3775449, 2.156713, 0.46440035, 1.881136]
[3.6106148, 2.6972165, 0.28446645, 1.1681485, 0.779911, 0.07215381, 0.903506, 2.5123026, 4.302962, 3.6859272]
[0.12286246, 2.9706807, 1.0387883, 0.86251855, 4.3034325, 4.3721566, 2.0923827, 1.775986, 1.0850936, 0.04127443]
[1.9116964, 2.638559, 4.604785, 1.6035798, 3.018413, 3.3065798, 0.22249162, 0.45376867, 3.5235572, 1.1340508]
[3.8080776, 2.681363, 1.0121193, 1.4871595, 4.9188023, 1.6012079, 4.332855, 4.941258, 0.23581445, 2.6147776]
[2.2738962, 3.4403179, 3.1593297, 4.1606812, 4.3435373, 3.9994814, 1.671165, 4.616954, 0.7884303, 1.2812197]
[4.3475375, 3.4525986, 2.2764099, 4.247611, 0.58530986, 3.840704, 0.13445348, 0.27388543, 0.73516667, 0.630461]
[2.7780905, 0.5556983, 4.4125886, 4.711094, 2.689293, 2.3243775, 0.98214656, 1.7084887, 4.5160294, 2.5359273]
[2.2359047, 1.8469849, 2.1768527, 4.0719037, 3.9690018, 0.036993325, 1.1849225, 3.5999522, 0.30442297, 2.5569215]
[4.262553, 0.6210777, 2.7471683, 2.4691815, 0.032806695, 2.6774333, 2.5214, 1.4191654, 2.5598814, 3.5220633]
[0.43156475, 1.1281099, 1.5044119, 0.33968925, 3.4120667, 4.511338, 3.9805884, 4.9500422, 1.9149715, 1.3788054]
[3.994838, 1.6827571, 0.109808445, 2.442041, 2.8342047, 4.161433, 2.515204, 2.3380933, 4.5083866, 2.2157252]
[1.5834417, 2.4549918, 2.4624276, 2.211509, 2.0537739, 4.013484, 4.225391, 0.17308354, 2.6692226, 0.525637]
[1.4800656, 1.6065407, 0.40866792, 4.952486, 2.594129, 4.123918, 2.468287, 4.5508475, 3.8866065, 4.0333185]
[3.284071, 1.1050162, 4.5854397, 3.4861338, 1.3235372, 4.444234, 3.4111142, 1.559881, 4.796314, 0.45411706]
[3.1743855, 1.5704966, 2.8995714, 4.192772, 2.4580364, 4.733508, 1.4880055, 3.85397, 2.946348, 1.0771292]
[2.855061, 4.704851, 4.93264, 4.81551, 0.5512732, 0.42924523, 0.9641692, 0.5461991, 3.2190597, 4.585517]
[0.042173564, 1.9870696, 3.366212, 0.83610505, 2.6784844, 2.1248949, 1.8610454, 3.8115911, 0.8924937, 1.7363784]

[3.9421058, 3.6627297, 3.7151318, 1.1543784, 4.379063, 2.6475253, 2.3297634]
[2.794523, 0.48666477, 4.256016, 2.8315468, 1.503258, 1.3211653, 0.042250752]
[2.012979, 1.9260631, 2.122476, 1.3011315, 2.1982884, 2.2782328, 1.9024062]
[2.1779513, 2.1454487, 3.5999682, 1.7200619, 4.551919, 3.4323807, 1.5278974]
[1.2829775, 2.803608, 1.6419938, 1.0675504, 4.923376, 2.2126536, 1.4858735]
[0.8223152, 2.0326362, 2.4793136, 4.7635155, 4.6562667, 4.7062755, 3.605475]
[3.5760722, 1.1388018, 1.6223934, 3.8817897, 2.4117038, 3.1517315, 0.21743715]
[1.922828, 1.8331137, 0.3134784, 1.6565162, 4.8771796, 1.3440623, 4.985012]
[3.2464013, 3.0605617, 1.2360942, 0.42849213, 1.0861955, 0.15412599, 4.543028]
[2.5682595, 0.37484944, 4.754849, 3.710697, 4.896413, 4.8308234, 0.8282903]

[1.7524575, -0.71889436, 3.1381602, -0.78625923, 3.7764971, 3.6260648, -0.21440616]
[3.4778717, 2.5353365, 1.087773, 2.2878687, -1.1410475, 1.7373527, -0.28335822]
[3.895071, 0.31065422, 2.4467847, 3.0532327, -0.95627385, 1.4682845, 2.6533523]
[2.1973977, 2.616097, 2.8836904, 1.9304416, 0.37067467, -1.0189207, 3.3326917]
[0.8227916, -0.97488755, 2.6250126, -0.8679154, -0.5830838, 2.882765, 1.9370968]
[3.7421024, 2.7017722, -0.25828466, -0.043012604, 3.5960224, 3.4023814, 0.7217965]
[3.184546, 3.4985774, 2.7745266, 2.0890548, 2.7673228, -0.6269236, -0.40987754]

 

Accuracy: 0.0%