Final Weight Matrix:
[0.24601549, 3.8556328, 1.1637809, 4.367827, 4.9047537, 3.0895197, 0.22763222, 1.6563779, 0.79946935, 1.5380365]
[2.8760946, 1.5309507, 2.2297764, 1.9712105, 2.4206314, 0.81314534, 0.0129547715, 2.757149, 2.7703295, 3.9233043]
[4.149762, 3.947155, 3.632629, 3.0625536, 3.8834853, 4.1254387, 4.1573734, 2.1407485, 3.414075, 4.934476]
[0.36363333, 4.88608, 0.4324463, 2.073282, 3.762918, 4.386466, 2.239822, 1.8496523, 2.0901694, 2.5232794]
[0.83078474, 3.1433926, 3.800572, 0.8107218, 3.0919933, 0.2662027, 3.7639995, 4.386189, 4.4248877, 0.56102335]
[4.371323, 2.7858045, 4.1919928, 4.3110476, 4.4923725, 4.553082, 2.5424457, 2.2833397, 4.531793, 4.1762247]
[2.3511596, 3.9370337, 2.3071852, 3.730283, 4.2437434, 1.4198446, 2.917665, 1.4543068, 0.3401196, 0.16319901]
[1.9275045, 4.251405, 4.376191, 1.3854522, 1.5088582, 1.3325918, 2.0253263, 2.6097198, 2.0732152, 0.39528757]
[0.38855135, 0.3987941, 3.9794846, 3.4369998, 0.9308955, 0.6710714, 1.1971393, 4.5470877, 4.3661923, 2.9705625]
[3.0882928, 1.4285085, 1.7168608, 4.968793, 0.46878636, 3.5013733, 0.6598377, 4.8401732, 4.734275, 3.8961198]
[4.30422, 4.3043404, 0.46496242, 2.5117493, 2.2976627, 2.413756, 4.627289, 1.2902019, 2.0226643, 0.19288123]
[3.3007905, 2.5284486, 1.0942163, 3.132459, 2.0050046, 2.1428049, 3.2086256, 1.2004564, 4.8692656, 3.4334908]
[1.999537, 4.3572817, 3.4651713, 0.83036333, 0.13930112, 2.729819, 2.4482837, 2.9824219, 1.7679617, 0.2951193]
[3.7761574, 0.1742202, 0.0525555, 4.6043367, 1.1811552, 2.5923169, 0.46850473, 4.21044, 4.478896, 0.24570346]
[0.2731225, 3.7847066, 3.8399408, 2.0776348, 1.707328, 1.6679841, 0.19982815, 4.8450236, 3.142277, 2.819835]
[1.8405054, 0.92868567, 3.6876884, 4.8341002, 1.8571212, 4.2570515, 1.5311623, 1.1810786, 1.6940182, 3.751879]
[3.393904, 2.927824, 0.36139518, 2.0520725, 2.2072077, 1.458149, 4.9516907, 2.0465913, 0.25324225, 4.757505]
[3.98737, 4.8959007, 2.21859, 0.5053389, 1.2278628, 3.580398, 3.6032784, 0.9047964, 2.3243115, 2.561284]
[2.7634382, 2.018318, 3.0711284, 4.242588, 0.1721552, 0.52502036, 4.600828, 0.5913073, 0.7184988, 1.6946123]

[3.2939944, 0.40528268, 3.565299, 0.9214136, 0.22353858, 0.35555184, 0.11623114]
[4.08497, 4.868659, 2.5021582, 2.4445393, 2.0204854, 4.5693, 0.56105137]
[4.379811, 1.4781759, 0.64979374, 2.7466667, 2.6842096, 2.6266859, 3.4271579]
[0.6326255, 0.05227983, 4.678475, 4.9948006, 1.6548362, 1.2936833, 0.86681813]
[4.998855, 4.760963, 4.089084, 3.3326209, 1.817829, 4.3121257, 1.3069427]
[2.5481038, 4.0356874, 0.8318612, 4.5225058, 4.542657, 3.7359045, 3.1294868]
[2.1571531, 3.2485328, 3.5147, 0.8963224, 3.4519958, 2.8609056, 4.74385]
[4.1706905, 4.2778487, 2.8341084, 0.23863971, 4.3187456, 1.8661761, 2.405224]
[4.2892447, 4.001151, 4.8022227, 4.754828, 1.8818047, 1.2492365, 2.760289]
[2.7554526, 3.7094822, 3.4078777, 3.2681453, 1.909708, 4.297848, 2.6061049]

[1.8077637, 3.7459629, 0.840149, 2.4208012, 1.2412474, 0.10207985, 3.5058165]
[2.753985, 3.4197652, 1.8554695, 3.3565278, 0.39024216, 1.1294116, 3.167803]
[-0.41378406, 2.490573, 0.36279905, 2.008419, 3.133307, 0.58060974, 4.0236664]
[4.1411643, 1.658205, 3.6774752, -0.08387301, 0.31827664, 0.7411416, -0.32936355]
[0.06361748, 0.118814744, 1.1872718, 0.88504106, 1.356115, 1.249422, 0.94674015]
[1.131339, 1.5282271, 3.1296628, 1.8738678, 1.7605671, 2.453381, 0.64635575]
[1.0688537, 0.6073582, 3.0088117, 4.023722, 0.526565, 1.1821547, 0.8670503]

 

Accuracy: 9.523809%