Final Weight Matrix:
[2.655126, 3.361659, 4.7645273, 4.8648252, 1.0242448, 4.707877, 2.540989, 2.9830952, 3.6703553, 1.4069464]
[0.8990544, 1.3246014, 2.5758436, 0.43791056, 1.872647, 0.027657151, 2.4132495, 1.3072906, 0.48779905, 4.5919685]
[3.4017916, 4.0579414, 1.6493285, 2.5170245, 0.35036922, 4.468528, 4.460705, 4.0351567, 0.3606683, 1.4023393]
[3.6812224, 4.4318037, 3.1801186, 1.3956442, 3.517337, 0.8224958, 1.3075829, 0.24734467, 0.40239036, 0.999822]
[0.888378, 3.4593577, 4.822461, 0.55169255, 4.7413497, 4.522464, 3.030232, 1.7527199, 3.669085, 0.9026128]
[3.7913048, 0.2522993, 3.4709847, 3.0806427, 1.21914, 2.725406, 4.843949, 1.5726223, 3.569645, 3.9552567]
[4.981122, 4.712551, 0.33153355, 4.211488, 4.1078715, 1.333797, 2.5140414, 2.8446708, 2.1964526, 4.8256626]
[2.1027951, 0.19971162, 0.5252704, 4.367902, 2.8339972, 4.859539, 0.77204436, 1.2254176, 1.7862034, 4.8596063]

[4.707394, 4.5999913, 1.5705091, 4.496913, 2.8694196, 1.7336059, 4.829764]
[0.2189371, 3.511841, 3.3021536, 3.254424, 1.4830345, 2.6175067, 4.95821]
[3.7589293, 2.4812448, 3.422885, 2.52183, 1.9132159, 1.9252744, 0.10311335]
[2.3892956, 1.2175014, 2.2686553, 0.49484223, 4.357437, 3.5762277, 2.5352254]
[3.7873032, 0.13715148, 3.0535898, 1.4433112, 0.3705889, 2.261256, 4.0661416]
[2.5221124, 0.7020846, 2.0517116, 0.9283194, 1.0601904, 1.4234841, 2.488035]
[0.6583604, 3.7957013, 4.6460624, 2.6664126, 2.1720471, 1.4347404, 2.5133247]
[1.5274578, 0.14020056, 3.189192, 4.8682284, 3.394983, 0.51617205, 1.2706709]
[4.195599, 3.8596296, 4.9082274, 0.51511407, 1.4058051, 3.67626, 4.8881884]
[3.2864122, 3.478185, 3.6549459, 3.0047684, 3.4010265, 3.32508, 0.30998707]

[-103.944496, -108.71771, -109.118286, 3.7082226, -109.85851, -80.5939, -105.647736, -91.64095, -78.35405, -82.12375, -29.934204, -110.013954, -26.402039, 1.4641762, 3.2369897, 2.6080575, -6.1957946, 3.6691117, -6.4234633, 1.1727799, 1.1854769, 1.7609293, 2.7672014, 3.8850982, 1.986545, 4.34735, 4.601569, 4.497775]
[-110.54825, -110.835106, -114.03379, 0.84826994, -112.207794, -82.25517, -110.76136, -92.44199, -83.219406, -83.377815, -30.82711, -115.85308, -31.192276, -0.5625764, 0.6508355, 2.6743722, -3.4410954, 2.3177035, -6.9413633, 2.2720125, 1.9146408, 3.0104377, 1.0039042, 0.23162639, 4.6251054, 3.1492577, 0.35596782, 3.869395]
[-105.16168, -108.730095, -107.29755, 0.5764101, -105.628334, -80.22911, -104.970184, -88.32047, -79.139824, -83.19007, -32.60077, -108.61481, -29.200245, 1.6899409, 1.8503778, 0.527724, -7.49851, 1.1738434, -6.479881, 0.81425005, 2.4562285, 0.8279139, 3.9946067, 3.0347793, 1.4733194, 4.3684382, 1.2155223, 3.3010097]
[-108.18916, -111.78287, -110.10153, 3.990958, -113.66094, -83.903404, -106.9813, -92.45372, -82.8198, -85.883064, -32.232964, -115.04409, -30.310678, 2.3880663, 1.3543459, 4.6256886, -5.260064, 0.47321457, -6.089861, 3.1852047, 3.6495843, 3.049489, 3.3385859, 4.1973114, 2.5568507, 1.0086564, 3.1763856, 3.9186437]
[-106.49186, -112.89219, -110.29299, 4.227346, -114.35873, -83.36839, -107.01077, -96.17409, -81.41885, -84.52625, -35.33719, -115.06699, -27.235794, 2.1030512, 3.550748, 3.8392289, -6.1107273, 4.2365055, -6.515332, 1.0119245, 0.9893465, 0.7980845, 1.6180772, 3.8081267, 3.0082576, 0.03394703, 1.2460529, 3.6199412]
[-109.23622, -111.51502, -111.13353, 1.4069841, -111.90208, -84.313484, -108.52908, -96.585335, -79.12803, -85.196754, -30.430338, -115.30444, -28.940876, -2.0227017, 0.007214698, 3.9214234, -6.116396, 0.25439942, -6.048586, -0.22227927, 1.8379211, -0.37359646, 0.40866783, 3.438002, -0.024788292, 3.2200682, 3.4866428, 4.151793]
[-105.41514, -111.363304, -107.326, 2.3225524, -109.36586, -79.88656, -105.53602, -89.90469, -79.67185, -84.97245, -30.841814, -112.2793, -29.259136, -0.079143435, 0.44650882, 2.171573, -6.9953084, 4.3934674, -8.288864, 2.6474586, 0.47884336, 0.07473113, 4.847303, 3.6861563, 0.28751945, 1.5002065, 0.7921257, 0.08109747]

 

Accuracy: 17.70335%