Final Weight Matrix:
[1.0536581, 1.3228896, 0.4675892, 4.736164, 1.1225746, 0.37570924, 1.5847814, 2.2673225, 3.23423, 1.4230082]
[4.848229, 3.8150024, 4.0852494, 3.8705163, 2.9093323, 3.949253, 3.187314, 0.9424281, 3.8119621, 3.0509357]
[4.3713, 1.0199147, 3.9403257, 4.517911, 4.2999296, 4.306548, 1.5917212, 1.779576, 3.0304952, 1.1028832]
[4.4885926, 4.815188, 2.031515, 2.4883833, 4.974463, 0.83545923, 1.4451188, 3.4943995, 0.54778457, 4.7144737]
[2.1336257, 0.70488274, 2.2423694, 2.9243193, 0.5652806, 1.9553986, 4.83172, 0.54312825, 3.6197047, 1.4949312]
[1.0394126, 0.18402606, 1.2456852, 1.7236167, 2.7038515, 1.874181, 1.7279861, 1.7833128, 2.9515264, 4.3365674]
[1.3395321, 1.7327499, 0.8598414, 0.269804, 2.9223683, 1.4265182, 4.273192, 0.951612, 4.5851, 4.194575]
[3.5119333, 0.31790197, 2.1840968, 2.9091263, 1.7740655, 4.991605, 4.606703, 4.467154, 3.3677568, 3.093192]
[2.4613464, 2.3135943, 4.276348, 4.9890137, 4.5440774, 0.60198784, 2.3963904, 3.9954467, 2.1643105, 0.42164028]
[0.50691813, 2.918254, 3.9229167, 4.2139297, 0.23095638, 0.77010155, 4.0201607, 4.822005, 0.9978175, 1.0679901]
[4.3841248, 2.3499324, 1.06972, 3.4002252, 2.4352412, 4.1972294, 1.774497, 0.9939197, 4.800511, 3.8461516]
[3.106601, 0.47388345, 1.7511287, 4.541191, 0.1933083, 2.9378133, 4.127026, 3.2576656, 2.8472135, 1.5772281]
[4.4266925, 3.9194875, 3.568038, 1.9354978, 2.0542727, 0.8210492, 0.14798701, 2.2411609, 1.2300462, 2.5263586]
[4.15986, 4.2046337, 3.1648998, 3.067264, 3.453616, 1.9782379, 4.9822936, 3.214694, 4.695892, 4.3025484]
[4.828642, 0.6407991, 3.5020366, 1.9864941, 0.25922507, 4.379771, 1.8286234, 4.975064, 2.5141168, 2.6007361]
[2.716323, 2.1681738, 3.7276325, 2.0627215, 0.851796, 2.5791452, 3.5441651, 4.980371, 1.6093328, 2.2138844]
[3.4696646, 1.4063206, 3.5478852, 1.4553952, 1.5763607, 0.66426754, 2.7896428, 3.6364791, 0.73165804, 4.143558]
[2.258161, 0.65080464, 4.251483, 2.7050853, 2.576242, 3.8040206, 4.0231323, 3.628535, 2.1383696, 0.9478441]
[0.52010983, 4.0472527, 4.8046603, 4.2174554, 3.3871422, 2.0295928, 0.091397166, 4.242904, 2.1311257, 3.2505343]

[1.138649, 3.5061789, 1.9649494, 0.69618076, 3.052852, 0.9352377, 0.6458232]
[3.2137694, 2.0892243, 0.8734524, 2.6859736, 4.3838186, 0.14631867, 4.1369896]
[2.1274092, 3.0875263, 2.9868352, 3.0136776, 0.028243065, 2.9756093, 2.7221086]
[2.1955495, 1.3481104, 2.5341573, 4.352602, 1.8448164, 0.31507403, 0.5741161]
[3.4466517, 3.2313862, 0.9547019, 2.2447066, 1.4710355, 1.751796, 3.9404664]
[1.3540119, 0.41924238, 2.1376839, 3.5381696, 0.15434831, 3.4793196, 3.420506]
[4.2487097, 4.3637667, 4.758681, 1.7625108, 0.9643504, 4.111517, 2.9572022]
[1.7570639, 0.53295046, 0.54373384, 0.22440732, 0.79992115, 0.63977003, 3.8506122]
[2.8267307, 2.8332803, 1.7629838, 4.5883565, 1.2150639, 1.2532997, 2.610543]
[2.994139, 3.3525057, 4.2768254, 3.2042825, 1.9218061, 0.9219709, 3.202427]

[3.1765416, -0.8621399, 1.8306545, -1.3154123, -1.2505862, 1.1889911, 3.2252617]
[2.659471, 2.1731184, -1.1932006, 3.22122, 2.669036, -0.27114153, 1.9088986]
[1.5658022, 1.6630198, 3.6417584, 1.4363731, 3.3955972, 1.486178, -0.4367727]
[1.1981462, 0.014064055, -0.14034252, 1.9387697, -1.0457157, 0.16450523, 1.5433202]
[-1.2201865, 2.0567474, 1.1272668, 2.2427268, 1.3429309, 3.0551767, -0.6185247]
[0.9077567, 0.4465876, 2.8191457, 1.809329, 2.6266458, 3.922268, 0.28842744]
[0.5794572, 0.8798443, -0.43783155, 1.710101, 3.6288774, 3.489833, 0.0941492]

 

Accuracy: 19.047619%