Final Weight Matrix:
[3.8416493, 3.7738018, 4.4933887, 3.8581216, 2.5933516, 2.520907, 2.0249777, 1.5712574, 0.7031065, 1.1432683]
[1.4005635, 4.019781, 1.2967223, 3.587134, 1.9761994, 1.6151869, 4.1632404, 0.20959347, 4.8931203, 2.8396006]
[4.57407, 4.240766, 1.4170537, 3.2318022, 3.4380615, 1.3995808, 4.5116577, 2.29319, 3.1212378, 3.4905741]
[2.208642, 0.89686394, 0.6442782, 2.6708875, 0.649738, 3.3712528, 3.0781589, 0.7099503, 0.6804958, 1.186443]
[2.7778876, 4.2982874, 0.94496757, 1.1523077, 4.193424, 1.6412163, 4.6388764, 3.9389265, 4.771115, 2.8082469]
[0.4552135, 0.1385817, 0.38196683, 0.72574884, 3.0317495, 1.7323261, 2.5865874, 0.19051105, 1.0693321, 2.8209088]
[0.2504766, 3.7523925, 4.620683, 2.5885372, 4.7656446, 2.9382443, 1.192596, 1.3379076, 4.7012987, 1.7550933]
[0.8038688, 1.8562427, 1.7119434, 2.172368, 4.994086, 3.5253682, 2.1679416, 4.810421, 1.68465, 2.2954378]

[4.262028, 1.0910952, 1.4066277, 0.61368436, 4.3839617, 2.886622, 3.5864005]
[1.4890995, 1.7712817, 4.25226, 1.6294267, 4.324344, 1.8418715, 0.17806947]
[0.47728032, 2.8413029, 0.026695132, 4.743894, 0.09937346, 1.1408985, 3.259846]
[4.4224567, 1.1873472, 0.5861354, 0.7871485, 0.12759894, 2.769063, 1.0854918]
[2.4413993, 3.5428061, 3.875697, 0.4280439, 2.6473916, 1.1496204, 3.0578923]
[2.4189546, 3.8868155, 3.5823412, 3.936747, 0.6617883, 2.2236862, 3.6061282]
[0.027168393, 2.3006222, 0.39501995, 4.307494, 1.4224786, 3.878968, 0.3670737]
[3.4220605, 0.17098308, 1.5934541, 1.6806972, 2.0428057, 4.1013956, 1.6581211]
[0.22448361, 2.9569886, 3.7116776, 4.680702, 2.7238526, 3.2711868, 2.4751523]
[3.9566944, 2.4884157, 2.7868102, 3.4420395, 2.3722718, 4.167641, 2.2840066]

[-58.910583, -77.66954, -75.376816, -69.03586, -65.1193, 1.4299785, -66.051216, -24.582184, -71.36742, -61.38217, -70.30973, -46.667797, -50.00413, 0.17920077, 0.042087656, -71.3724, 1.6741996, -0.24621063, 2.7340968, 2.2903519, 0.666032, 4.622393, 2.9343596, 0.05344115, 4.8410687, 2.6722293, 2.4470177, 1.5832434]
[-60.181004, -77.246765, -80.3357, -69.9351, -67.422775, 1.0981528, -68.75188, -26.214334, -77.5488, -60.499744, -72.12918, -47.22569, -53.00968, 3.3124838, 0.38612977, -71.1259, -1.057147, 0.9463952, 2.5816414, 2.181056, 3.0752418, 2.9552689, 0.8786479, 4.767573, 3.7257147, 3.6999617, 1.5183495, 0.39192882]
[-61.150124, -77.59981, -81.23416, -70.18841, -71.14456, 0.42459938, -69.55597, -25.124878, -78.25131, -62.091778, -71.24158, -51.27642, -50.14448, 1.7352818, -0.6613155, -73.06284, -0.7552978, 4.3829937, 1.2544442, 3.7801654, 3.054765, 3.280922, 1.7724403, 2.2219346, 0.7759955, 0.30395934, 1.6229453, 0.12565126]
[-60.776886, -76.485634, -77.33655, -68.362526, -64.0913, 2.2608006, -65.086845, -22.718506, -71.64307, -58.681248, -65.77652, -48.78052, -48.446453, 2.050332, 2.9221516, -70.726036, 1.7529583, -0.013968896, 2.841927, 1.3099083, 1.2739419, 0.52626526, 0.878217, 3.2878144, 2.2033994, 4.2793875, 2.5829992, -2.5933914]
[-62.77484, -76.99481, -76.76994, -69.27982, -67.0851, 1.0547159, -67.99735, -26.35997, -73.77012, -61.450844, -71.973404, -49.704865, -49.754135, 2.1657698, 4.101811, -73.90095, 2.4449136, 3.3476007, 1.6339307, 1.972216, 0.29068694, 3.334434, 1.0333829, 4.2993135, 4.858098, 2.9901536, 3.6294067, 1.412541]
[-58.886013, -75.399506, -76.881516, -69.655685, -66.50128, 1.2285736, -67.76924, -23.345926, -70.44215, -59.28402, -67.87188, -47.034, -50.575974, 3.9713566, -0.51046085, -67.6549, 2.7967, 2.4177163, 0.30540493, 0.84811956, 1.0399733, 0.2777167, 3.2627199, 4.06354, 1.4096175, 0.16167632, 2.3351586, -0.44818744]
[-60.768982, -76.42574, -74.72204, -70.73114, -66.85553, 2.901425, -66.24848, -21.965937, -72.93904, -62.350704, -66.55419, -47.11345, -51.764057, 0.5300544, 3.2937214, -68.229004, 0.38012975, 2.6367981, 1.7257938, 0.6295765, 2.7830842, 4.2483025, 0.37039745, 0.8737543, 0.49576223, 3.0227232, 1.7371173, 1.4096276]

 

Accuracy: 5.0239234%