Final Weight Matrix:
[1.0509449, 4.541738, 0.8954412, 4.328517, 4.92554, 1.9314635, 1.8004179, 2.0681849, 3.2851493, 2.5090954]
[1.1873055, 2.1779552, 0.106942356, 3.3484766, 3.2736466, 1.6154367, 2.9847405, 2.9935172, 3.3529854, 1.8678465]
[4.9450507, 1.4523506, 0.21128654, 1.1032829, 1.1846867, 4.424434, 0.034006834, 3.2115805, 2.6179957, 3.1043923]
[0.8994612, 2.46129, 3.6179695, 3.306557, 4.4201174, 3.899876, 3.2040975, 0.11197537, 0.9401196, 4.737244]
[0.30071616, 0.4124087, 3.0623832, 2.2869422, 1.5207267, 1.5363115, 2.2528336, 3.9943614, 1.2570903, 4.0285244]
[1.1467311, 3.1968353, 2.0527089, 4.8224573, 0.70960104, 4.467597, 4.210513, 3.7106652, 3.0332658, 0.26517868]
[2.1703756, 3.6722422, 0.67917883, 4.6040897, 1.1664116, 0.25438786, 3.7231352, 2.1839561, 2.2641249, 2.5974045]
[2.0670328, 0.85593164, 0.816586, 0.6195119, 4.927415, 1.1008626, 0.25535852, 3.38807, 0.40281504, 0.8678806]
[2.6064038, 0.36052734, 2.5814214, 4.339762, 3.1829257, 2.3108199, 3.1493535, 1.0082746, 1.1234266, 0.7096952]
[0.97306937, 0.5550614, 0.20970702, 3.710928, 0.68544626, 1.0283458, 1.189701, 2.8355825, 2.135323, 3.4103756]
[4.445731, 0.83497286, 3.3493433, 1.003283, 4.6698294, 2.9569879, 2.7904954, 4.8806252, 0.44222414, 3.1128583]
[1.520595, 2.6078022, 4.543068, 3.9307003, 4.928091, 1.3167634, 0.075253844, 0.84239334, 3.9650412, 3.2096603]

[0.23008049, 1.6512561, 0.048075616, 3.4836104, 1.8081293, 3.2049294, 0.571014]
[2.2264516, 0.513621, 3.101834, 1.2079245, 1.8838149, 1.9984847, 3.807148]
[4.1644115, 4.684196, 1.647279, 2.177658, 1.2744615, 0.8147457, 1.9989779]
[4.491959, 2.3061142, 1.9406378, 3.407579, 4.4667535, 0.20048231, 3.77017]
[1.2897923, 2.990551, 3.847287, 4.091842, 4.9120874, 3.0176277, 3.7213252]
[3.9948437, 4.7766395, 3.0980034, 1.5464315, 2.6675901, 4.999829, 3.7494202]
[0.59800714, 2.2276955, 1.6897202, 2.4464667, 1.2366205, 0.83922863, 3.850183]
[1.5673041, 0.42124212, 3.9280686, 4.2271056, 2.622762, 4.872171, 1.513063]
[3.3025815, 1.4343824, 4.0345964, 0.5695185, 1.2002587, 4.3313627, 4.2810783]
[1.3630241, 3.031691, 2.6210613, 3.8352325, 3.906964, 0.45992374, 1.5390661]

[4.551727, -7.0297337, 3.280287, 4.058902, 1.5164206, 3.4313233, 3.760582, 3.004555, 1.1481618, 3.7139163, 2.7144942, 4.5685754, 1.6832675, 0.9120206, 4.378366, 2.7421255, 1.2542036, 4.941749, 0.30542707, 2.1292055, 4.380605, 0.4624272, 4.580768, 1.0007526, 1.7070217, 3.1807947, 2.2431874, 4.9478354, 2.1597219, 1.4191511, 0.6996114, 3.406402, 1.9844805, 0.39578107, 2.3304367, 3.4948025, 1.5425979, 4.4586134, 3.0074792, 2.1712706, 2.0420902, 1.89103, 3.4954526, 2.2154744, 0.90864986, 3.683014, 3.9431942, 3.923832, 2.725619, 4.152857, 4.771051, 3.7148411, 2.7773721, 0.5877039, 4.5976257, 0.26021, 2.1236172, 3.3296754, 4.0239625, 3.5165005, 0.18439707, 1.5791464, 4.1223965, 1.262404, 4.7174387, 0.419215, 1.5566173, 4.829445, 2.5453105, 3.297942, 3.8052735, 0.71416926, 1.2108974, 2.228179, 3.94677, 3.1028292, 0.057093624, 4.403075, 4.7574086, 4.4212637, 0.65373296, 4.745668, 3.447832, 0.9410912, 0.20990977, 4.535095, 0.8488105, 0.80912244, 2.8316855, 2.5474286, 3.110889, 2.36022, 3.8874345, 4.5103407, 2.438085, 3.4412482, 2.9288807, 4.517691, 4.2933936, 0.08268696, 0.2240295, 2.7298954, 2.464126, 4.038786, 2.1638217, 2.2097542, 0.70635206, 4.6887903, 1.1515137, 0.4817073, 2.3701673, 2.1121054, 2.417741, 2.9059093, -0.050613612, 3.0256972, 0.15659788, 3.6019638, 1.4544106, 1.3623642, 4.8898697, 4.5204988, 1.0089945, 4.062304, 2.004795, 4.7995605, 1.9629121, 4.488761, 2.4760883, 4.304851, 2.353504, 1.2905911, 2.0147326, 4.798459, 3.7699764, 1.8313348, 2.8312976, 2.4599729, 0.17100696, 1.7007794, 4.2364817, 1.3004422, 0.20153959, 1.8405746, 4.1212535, 0.59376407, 0.29010987, 1.7309057, 2.511978, 2.7808568, 4.652756, 4.185372, 2.9845667, 3.2921584, 0.04969831, 2.8700986, 4.529001, 3.9193327, 0.7192615, 3.0380163, 4.5701556, 3.775114, 3.2330728, 3.6275733, 1.1424325, 1.6178291, 4.419932, 3.5129979, 2.756275, 2.2007213, 1.5788544, 1.1305367, 2.1060853, 4.4548507, 0.4997032, 2.449531, 2.905879, 1.8204756, 1.3119552, 2.5138004, 3.2866566, 4.4848933, 4.6988173, 1.5532376, 0.51133484, 4.8607163, 1.1102661, 3.9220576, 4.2544827, -4.5679855, -3.7813158, -7.1349745, -6.3416953, -6.990895, -7.28385, -4.1490517, -3.7969835, -7.801246, -6.769874, -3.9594288, -6.224228, -7.54112, -2.6314468, -3.1895359, -3.4229643, -3.9084015, -7.391798, -6.8760457, -6.472683, -5.1575885, -3.280085, -4.9042783, -7.220284, -5.458771, -5.2222342, -5.3974414, -5.5286727, -7.59898, -5.791107, -6.058119, -4.005822, -6.725662, -6.3558536, -7.5853386, -7.4718237, -4.904286, -6.054034, -3.4894974, -7.413052, -4.9592743, -2.8266358, -4.529093, -5.5842614, -4.3562894, -7.620558, -6.7466288, -5.064959, -4.780493, -6.027264, -6.6998754, -6.716607, -6.8489676, -5.4829617, -4.7228737, -5.428199, -5.450852, -7.3802056, -6.420243, -5.0225663, -3.8155184, -7.7951612]
[2.5648508, -7.431193, 3.708444, 4.114629, 2.2569675, 2.0718615, 2.9647667, 4.333069, 2.3376062, 3.345, 3.2153413, 0.6661046, 4.934636, 3.737476, 1.1698011, 4.6399674, 4.862603, 1.6473273, 3.4546902, 2.9016285, 4.6565633, 4.77578, 3.4001436, 0.4999043, -0.042417362, 4.1358447, 0.13098447, 0.6777545, 3.8409164, 1.2744175, 1.2338542, -0.05606704, 0.8376992, 2.5827558, 1.460144, 0.121547885, 3.5452602, 0.64825994, 3.4624326, 3.4678159, 3.0190027, 4.684017, 1.4166607, 3.1434393, 0.47000375, 0.042180993, 2.7281206, 0.5397649, 4.161253, 4.5799007, 0.21320364, 1.7289138, 1.6454344, 4.939913, 2.5645516, 2.6504169, 2.1917713, 3.1286557, 3.7940907, -0.054267384, 3.5150561, 2.9081302, 2.8620226, 4.1810613, 4.382067, 1.2983954, 4.6834345, 1.728545, 3.6656594, 0.73474365, 1.0965136, 4.935507, 0.9962543, 1.6732022, 4.582448, 2.226615, 1.1873232, 4.1076174, 4.3300843, 0.5622115, 3.9420803, 4.8603544, 2.1449575, 1.3294119, 3.2020547, 3.0333304, 3.163703, 0.18987197, 3.3977087, 4.4436593, 4.140996, 2.0147357, 4.3806224, 2.2554166, 4.43131, 2.0253904, 3.7425056, 1.2725058, 3.0934627, 2.1792564, 1.1182607, 0.13017768, 0.21146016, 3.2079701, 4.2477, 0.035891175, 3.2085545, 0.5998733, 0.6940363, 1.0578424, 4.5516667, 4.882459, 4.882602, 3.5337842, 2.738306, 3.78816, 3.474348, 0.8948062, 1.4579412, 0.4268011, 3.28088, 2.5217588, 1.0216507, 4.4399133, 1.6019318, 1.7932281, 0.58699167, 4.6514125, 0.40212014, 1.791376, 0.33263922, 1.84905, 0.118846536, 2.5598133, 0.88713557, 4.6046023, 4.6251507, 0.9209927, 1.4267962, -0.020115972, 1.3018514, 2.904429, 0.56140554, 0.06728671, 2.1237824, 1.204617, 2.6423779, 4.2962894, 4.7378592, 0.006730058, 3.3515768, 4.748053, 0.07499223, 3.423622, 0.23565692, 1.3532159, 2.055434, 3.2956002, 0.873405, 2.039892, 3.919828, 4.400038, 2.705553, 0.4692662, 0.75611156, 3.7859428, 1.3755687, 1.1520188, 0.5750401, 3.870044, 3.596642, 0.2411997, 1.99087, 2.1424186, 1.6166004, 4.8542967, 4.3056417, 1.6768099, 1.6937947, 2.0756617, 0.6507933, 0.24754757, 4.4855742, 4.7418723, 1.6647215, 4.279401, 3.066539, 3.7305098, 2.7431765, -3.6556482, -3.5278604, -4.694448, -6.7290244, -4.4512715, -5.067407, -4.513387, -8.075465, -4.3341126, -4.822748, -3.1419437, -3.1578786, -4.314371, -2.7243927, -5.5799356, -7.34256, -6.1291237, -4.7664146, -7.208809, -7.1437936, -2.8132067, -4.8310647, -5.480255, -4.882155, -7.157671, -4.784214, -4.161352, -4.9889455, -5.4573665, -7.1826277, -7.567432, -3.3822393, -5.5090723, -7.1336417, -4.8233976, -3.462918, -6.713092, -5.8716865, -4.8645644, -6.525009, -6.94714, -3.0442667, -7.047568, -3.4780846, -5.962907, -5.6646037, -5.5590234, -6.567444, -3.5416808, -3.39366, -3.8476963, -4.229454, -6.7211003, -6.793946, -3.4588249, -5.585038, -3.2395434, -3.6985044, -7.4898863, -6.1788526, -4.7377086, -6.287662]
[3.3431268, -4.8834114, 4.330019, 2.7221956, 0.77449644, 1.074598, 4.327269, 3.0442834, 2.2837985, 4.8758364, 4.9168415, 4.389139, 4.364069, 0.8631391, 0.053408284, 2.485468, 3.2992702, 3.7924268, 1.8884664, -0.03434307, 4.27713, 0.016413113, 1.047562, 2.6918576, 1.7091248, 0.9572458, 2.723486, 1.8400623, 4.0725465, 1.0357852, 4.0820537, 4.172763, 0.66266066, 1.750745, 3.3214028, 1.5141889, 2.0878043, 4.3846774, 4.227339, 1.0778623, 3.6462688, 0.8675078, 4.5139365, 1.2899568, 4.299874, 2.5689223, 0.9101529, 0.58983, 2.7537944, 1.081626, 1.1080686, 0.8267719, 3.168846, 1.3565804, 4.5121818, 1.8239241, 2.4068377, 0.15212573, 3.9249952, 3.826969, 2.3708682, 0.1044225, 1.443354, 0.123103246, 1.6558566, 4.367932, 1.0210942, 4.358217, 2.3425095, 3.437419, 3.0008252, 0.934028, 2.9369154, 4.727011, 3.1976452, 4.367628, 3.3302872, 2.2571278, 4.5198264, 3.6760604, 1.3456671, 2.560435, 3.2086706, 0.12864663, 3.9648795, 4.246415, 1.8154415, 1.089722, 1.0642307, 0.3816712, 0.13291264, 3.0025995, 2.8761446, 1.2341523, 2.3297355, 1.0849994, 4.5662947, 1.149524, 2.7146304, 2.4834857, 1.9611596, 4.3382816, 4.700539, 1.8052387, 0.63764304, 4.663541, 2.654608, 1.3425647, 4.5974307, 1.8616298, 0.39057174, 1.8056984, 4.020377, 3.792667, 4.007962, 1.6784184, 2.741425, 4.823587, 4.9195967, 3.4756165, 2.723864, 0.30456978, 4.5290246, 0.6532228, 4.4906325, 0.71453303, 1.4784411, 0.4531914, 3.66278, 0.6389244, 1.8553145, 3.5167234, 4.9412313, 2.5274305, 1.5140848, 3.362632, 3.2602732, 0.58425564, 1.9893835, 4.184596, 2.0094929, 2.3358212, 3.6040373, 4.281635, 2.1524072, 4.9052205, 4.9185367, 4.355306, 0.34021235, 1.8176018, 2.8105137, 0.526213, 1.8792498, 3.2994413, 2.1046562, 3.6814291, 3.1483538, 0.7757487, 2.292226, 1.0847464, 1.7189119, 2.4780195, 3.3034513, 0.4364693, 3.3460612, 4.478674, 0.09102838, 4.284767, 0.80047005, 1.2775419, 0.23685901, 0.3576253, 2.2420135, 0.9041709, 1.4358854, 2.0547612, 2.3326125, 0.58936113, 2.9559534, 3.6788266, 4.8905168, 0.1514904, 4.5837135, 0.25665846, 3.9889052, 3.5321102, 4.86419, 2.1970663, 0.5569055, -7.7146916, -2.9200401, -7.4175587, -6.9684267, -4.932094, -6.9456005, -2.9474084, -7.8332314, -6.614996, -6.7689977, -5.159693, -4.9773045, -5.1716504, -2.7540898, -7.13158, -6.873907, -4.62365, -4.1238313, -3.8403482, -3.2419703, -3.515154, -5.5546093, -2.9572175, -7.295515, -5.21939, -6.8652287, -5.866281, -5.851769, -3.8948596, -4.0096436, -7.2094016, -4.5482516, -6.494036, -3.6953995, -6.2136884, -3.9685707, -8.067741, -4.456018, -6.506146, -4.121427, -6.408304, -3.9915066, -5.0252533, -6.18401, -4.1309834, -5.486743, -6.1898913, -2.9306767, -4.5870132, -7.503227, -3.5532753, -5.6667113, -5.1553288, -3.7620268, -5.595031, -5.1783595, -6.1282616, -4.8406324, -2.7909193, -7.2702885, -7.6050477, -6.778915]
[1.6698444, -3.5296998, 0.46584, 1.4761329, 4.8886456, 2.8633366, 3.4231215, 4.856318, 3.054453, 4.2698545, 0.4641809, 3.7185018, 0.4934616, 2.3209221, 4.329008, 3.6610775, 2.4609635, 4.556989, 2.1767986, 4.6461344, 4.0889454, 1.9204725, 2.5749824, 4.0520043, 1.3822641, 2.9975877, 0.825691, 4.285024, 0.6891758, 4.8531265, 3.5693958, 3.7397525, 4.160651, 1.6834211, 4.4943595, 3.8409173, 2.2798433, 0.92732567, 1.1805377, 3.0492046, 4.677812, 2.743948, 0.20506868, 1.7131118, 3.84189, 1.2705396, 1.3126271, 0.43542305, 1.6538073, 2.019866, 1.4063971, 1.6442744, 4.3626227, 4.220459, 3.9988322, 2.8210669, 1.6174958, 1.2330012, 3.8915558, 1.4491098, 2.9011655, 2.368903, 2.4624655, 0.9579457, 3.1258073, 0.95937145, 1.5722146, 2.410479, 2.3232803, 4.057799, 2.7011526, 3.4783893, 4.6791506, 2.6997378, 4.2264147, 4.44349, 0.9484258, 2.2227447, 4.2340755, 0.33343083, 2.2768648, 3.2048259, 3.719351, 1.9482738, 2.348009, -0.033359304, 2.1531415, 2.812003, 0.52757084, 2.9164796, 0.10896538, 2.1251845, 0.2099544, 4.5448775, 3.1601346, 0.9167224, 3.7620935, 3.1087737, 2.7882075, 0.007381044, 1.0520929, 0.58804834, 4.82386, 0.28242862, 0.65619206, 2.811772, 3.1580768, 1.77581, 1.0196116, 3.7438254, 0.5939421, 0.19819, 2.4492762, 2.1547372, 3.0267599, 3.0315208, 4.315532, 2.7054908, 3.5229185, 4.608315, 0.9623057, 3.048393, 3.141365, 0.42790374, 3.4834101, 0.8315763, 1.5023216, 0.03127236, 3.291657, 1.528008, 2.0163705, 1.2274358, 0.3215453, 3.161466, 1.3922026, 3.0312643, 0.1839062, 3.1517222, 1.5999403, 1.0117971, 0.8526832, 0.62093884, 2.0244803, 2.006053, 4.886103, 4.0344443, 3.6496065, 4.1101766, 3.071884, 0.74595255, 0.9423103, 4.3343987, 3.4131358, 0.081167325, 3.6359577, 2.069723, 4.882685, 2.8976057, 1.4486386, -0.032551143, 0.9969025, 0.8412305, 2.9262378, 2.2874038, 1.2292166, 1.3916214, 2.935852, 0.3725407, 3.1088068, 2.3378284, 4.3583236, 2.6493404, 4.6188097, 1.4705662, 3.2672057, 1.8268671, 0.937438, 4.7947354, 2.1048102, 1.4651467, 0.3242725, 1.1319987, 1.1657505, 0.11216362, 1.3184426, 1.9823631, 2.3866527, 0.5653851, 1.453892, -6.686399, -4.9793262, -3.810113, -3.3434467, -4.5194855, -4.0331593, -4.4221606, -7.976068, -5.190825, -3.5577946, -2.8310435, -4.965487, -4.570939, -2.9887948, -4.389321, -3.363261, -7.7956605, -5.7173657, -3.270597, -5.911917, -2.740083, -3.92715, -4.407171, -3.616478, -4.847559, -7.222966, -2.8834167, -6.1207967, -6.074702, -6.5470862, -5.2081017, -7.158003, -5.712342, -6.2956343, -6.19067, -3.3815866, -7.779547, -3.3940587, -7.40638, -2.9998803, -3.9553776, -5.5061197, -3.2356215, -7.569305, -3.5457873, -7.331633, -8.153871, -3.997981, -4.560908, -3.8669577, -5.882794, -7.773148, -3.2299018, -5.4314904, -7.803588, -5.104468, -5.3078494, -4.6631827, -4.6589437, -3.6027732, -6.0922046, -7.327598]
[2.3036354, -7.541658, 1.5568577, 0.41436508, 4.7243524, 4.462993, 2.8053327, 0.69531053, 1.1027734, 3.5306015, 0.47470528, 0.713489, 0.45689833, 4.6102257, 4.660614, 1.947787, 0.8659363, 2.6059136, 1.8313785, 4.179109, 1.4648736, 2.6473722, 3.9032917, 3.4284763, 3.4494922, 0.8299766, 3.435229, 1.1415501, 3.9510674, 4.5443144, 3.8386366, 3.4088683, 4.23716, 1.4885362, 4.418399, 4.758507, 4.5993075, 1.6349307, 4.6272655, 0.6309145, 1.3712375, 2.8541121, 2.316914, 1.990875, 1.2424095, 3.4769435, 0.66473526, 4.8523455, 3.4656525, 4.3579526, 3.8083043, 2.674236, 3.476066, 3.7562394, 2.2660475, 1.5091116, 1.9544526, 3.33798, 2.1875043, 4.1268888, 3.6697707, 1.6929711, 1.7200199, 0.36706117, 0.47679028, 2.9291227, 1.583816, 0.00461832, 0.90275544, 0.8166067, 1.6990975, 0.18950978, 4.941896, 0.2604814, 1.7707561, 4.8919125, 3.2136853, 0.71293896, 4.613609, 0.29681543, 4.3967466, 4.7093143, 0.5436367, 1.7958784, 4.2744327, 1.1262866, -0.011407811, 1.3319912, 4.405576, 3.5067983, -0.015044397, 0.5959732, 3.7443662, 0.50491375, 4.28084, 4.2065983, 1.4200858, 1.6948253, 1.66511, 0.07757537, 3.5150874, 3.7591956, 4.3651347, 3.7512279, 3.5420299, 0.016877836, 2.8240135, 3.7796211, 3.0647564, 1.0192047, 0.24206835, 2.3949003, 0.15062314, 3.120204, 4.562517, 3.33538, 1.9046444, 0.7457497, 4.4546776, 1.8119706, 0.09000001, 1.0541437, 0.15188006, 1.2605449, 3.5896673, 1.7005088, 2.814528, 3.220547, 0.5344812, -0.045013882, 4.8728104, 0.88259184, 3.9139197, 3.9133449, 3.4135869, 4.361503, 1.1293138, 2.4421148, 3.2979324, 4.582704, 0.73657525, 3.9369411, 1.9597849, 0.100077204, 0.7894005, 0.1866085, 1.0447307, 1.6774217, 3.9715877, 4.486457, 0.45395, 4.884513, 2.30197, 4.939464, 0.35873252, 2.076377, 4.3907456, 2.647199, 2.6203902, 3.3300679, 2.929765, 0.11824325, 2.8470957, 0.7494542, 3.5436168, 4.775535, 1.2572331, 4.2756233, 2.7096035, 3.108524, 2.671108, 2.0307996, -0.04456084, 4.422285, 4.4087176, 3.007557, 4.1217957, 3.2100265, 0.5931743, 4.597856, 2.1554086, 2.4529078, 3.0415714, 1.8942462, 3.0222132, 2.3060033, 1.7929215, 3.0598469, 1.9230667, -7.0532775, -6.44414, -7.281429, -6.979016, -3.6188612, -7.722882, -7.153132, -6.3756003, -3.6068997, -6.7225866, -7.500045, -7.4564548, -3.0640044, -4.4520755, -3.8784366, -3.7992978, -5.337828, -7.275107, -3.898467, -4.964381, -5.1770363, -6.9966955, -6.840601, -3.9505982, -5.2451715, -4.1967545, -2.9545665, -6.694121, -6.817862, -5.4056363, -6.785148, -7.057364, -4.4941306, -5.324217, -5.1786056, -4.4222445, -8.086999, -6.352417, -6.7289596, -7.0662236, -4.9516478, -6.354547, -3.9752364, -7.7854414, -3.9123144, -7.2845225, -7.237041, -3.9702308, -7.735968, -5.8093834, -7.0012836, -5.6567664, -7.142203, -3.894467, -7.2522907, -5.9934154, -7.957594, -4.5189667, -2.856599, -5.5666523, -7.707099, -4.938248]
[1.0298002, -5.4342175, 3.0829358, 1.9256625, 3.5608296, 1.9981412, 2.6988704, 0.86748767, 0.5711243, 0.6128308, 2.2165956, 2.4689288, 1.6915104, 3.703648, 0.6615153, 1.609958, 4.039179, 2.163772, 0.69102126, 4.7100196, 0.52668035, 0.9878278, 3.8429651, 3.6777186, 1.5674397, 4.1263747, 3.7239728, 4.217703, 1.3595681, 1.126497, 0.409073, 1.3452079, 1.2103361, 0.58962816, 1.3997586, 1.764167, 4.4621305, 2.270223, 1.1196294, 0.5589822, 1.6347575, 4.7162385, 2.9018488, 4.817633, 0.90305525, 3.4696367, 3.4565275, 0.13575576, 2.4777648, 4.276702, 2.5179949, 4.292711, 1.7896492, 1.7024661, 3.2797263, 2.9359214, 4.1490335, 2.1015134, 3.2276561, 4.0528903, 2.5789697, 1.0639498, 0.967189, 3.5735905, 1.596737, 3.0436733, 3.5136821, 4.109194, 2.8954868, 0.46461803, 1.4997, 3.8935719, 2.43637, 2.156068, 2.9585514, 4.0791674, 3.539837, 2.2191615, 0.94497144, 4.43887, 4.0661283, 4.5788946, 4.3716063, 2.601743, 0.29392517, 0.75300825, 1.2643532, 0.34826082, 1.8639635, 0.9587671, 1.9711004, 3.3829167, 1.8997172, 1.9040831, 1.3293631, 1.154959, 1.330364, 3.3604987, 4.1356287, 2.8073065, 0.82500076, 0.2642035, 0.9701046, 1.5701172, 1.1033856, 0.26611376, 4.8848753, 2.0029054, 2.4173317, 3.8568423, 4.194712, 4.7229686, 1.0739177, 0.7234661, 3.813979, 0.6594048, 2.384514, 2.5199294, 2.9669166, 3.2749057, 0.4631518, 1.6174682, 1.1275263, 4.7178316, 1.238403, 3.6164412, 1.3096149, 3.3848844, 4.620116, 3.861516, 0.5933401, 3.0531907, 3.1907732, 1.0738394, 1.4058208, 1.4940026, 1.4272847, 2.5078194, 3.7996204, 4.5314164, 0.45544893, 1.260104, 2.007556, 0.7832798, 3.7289894, 2.8632634, 4.3521223, 0.46452537, 1.8269658, 2.0239925, 4.1566815, 4.383775, 2.8449807, 4.3585086, 0.28479278, 1.3647107, 4.4555616, 3.8736362, 4.485683, 4.7612586, 0.2850625, 1.1057118, 2.3068266, 0.5107031, 4.489257, 0.5183836, 0.07080528, 2.7783322, 0.4073473, 3.2472773, 4.0657177, 1.1561134, 1.2307503, 4.00381, 0.6613823, 0.017107917, 3.996538, 0.599582, 4.3003583, 1.9967358, 4.2657604, 3.0427375, 3.101482, 4.6571436, 2.3388705, 0.57011217, 3.123407, 2.1570413, 3.2076142, -6.319851, -5.1992416, -3.73082, -4.806817, -7.668826, -5.5138555, -4.99832, -7.1616144, -4.137555, -7.9013453, -4.415272, -7.5165644, -5.5736256, -5.4877872, -6.3722386, -4.4701085, -4.432599, -6.4648514, -4.2392764, -5.6812005, -7.5167055, -2.9269445, -3.0629733, -7.8881516, -3.6142585, -5.454239, -7.698023, -5.9957423, -7.75411, -7.7103252, -7.5881248, -5.079043, -3.5095098, -3.8287897, -3.8194935, -4.342335, -8.213835, -7.8506804, -7.734621, -7.157383, -5.908264, -6.0935464, -6.7154083, -4.2949166, -7.2322035, -6.141924, -6.2813067, -7.4428244, -5.0764346, -3.9290178, -4.770832, -4.5639668, -4.0175157, -3.2652447, -4.1007757, -7.793826, -7.5579796, -3.508643, -3.403922, -6.234708, -4.653566, -6.2762747]
[0.30116063, -7.941183, 1.3549603, 4.697771, 4.759239, 4.158153, 3.538032, 0.7635058, 0.089401364, 4.847818, 2.346184, 4.9045405, 4.4875627, 0.5214478, 2.1141565, 3.9775941, 1.0553823, 0.80544734, 3.923387, 0.04485966, 0.50392276, 2.693321, 0.96750706, 3.385782, 1.0891978, 0.025288, 2.4703734, 1.58364, 0.9543051, 2.2219853, 0.011716573, 2.7179427, 0.12640265, 2.3068285, 0.6467981, 0.6708328, 0.99450886, 1.3628147, 3.2552624, 1.7432108, 3.1607761, 0.7583878, 3.2262769, 2.5710588, 1.4768302, 1.645768, 1.5862648, 3.9665573, 4.808798, 2.9198534, 0.5224466, 0.8074072, 4.114418, 4.3577375, 4.1198106, 3.3013253, 1.30111, 1.5474082, 2.4267457, 2.2191153, 1.1953646, 1.8386025, 2.7905824, 2.1201239, 0.06734341, 2.0330887, 2.0469778, 3.9222832, 2.5820925, 1.1974431, 1.2373369, 0.6930313, 0.18930873, 2.071504, 4.5946217, 3.2521896, 1.5181699, 2.6848474, 1.684132, 1.0393652, 4.03865, 3.6825042, 1.6823124, 3.512859, 1.82722, 4.599504, 3.0386672, 2.5899951, 1.3529754, 2.8437726, 1.0201584, 4.026542, 0.5769704, 3.7028956, 0.27950084, 0.3820275, 1.8503162, 3.0580308, 4.0382395, 1.1377585, 1.099234, 1.1062491, 0.5433526, 4.5296345, 1.2601857, 0.897483, 3.9050028, 1.681212, 2.8930027, 2.5618544, 2.676545, 2.640855, 3.2629437, 4.1985106, 1.7821075, 0.013615079, 0.39255214, 4.430949, 4.9494348, 2.4334817, 1.4489678, 1.8503023, 1.6203811, 2.6625628, 2.1469429, 2.217366, 2.3253105, 1.1749212, 0.85821825, 3.325587, 1.047342, 4.0904217, 2.9392426, 2.4495976, 0.4723558, 1.5054613, 3.0216439, 0.94069195, 3.225674, 2.7087052, 2.262888, 0.8344499, 1.9416809, 0.9827541, 1.7665365, 3.5425951, 2.158426, 2.6040702, 3.655904, 0.1484292, 4.7574353, 2.2755256, 4.164862, 1.8699946, 1.5578521, 0.9725184, 3.2290287, 4.9140596, 4.7714224, 0.40530154, 2.1318521, 2.8718243, 0.3410717, 3.7563155, 1.8231537, 2.101311, 3.2269847, 2.9783688, 0.5230604, 3.6070788, 0.64457905, 3.251292, 4.2910204, 2.2690907, 4.914034, 2.9832697, 0.13128754, 3.856638, 2.7422934, 4.339646, 4.795999, 4.179703, 3.9398606, 2.0742302, 4.563203, 1.4082943, 4.186254, 0.87384456, 3.5097992, -5.159496, -5.4807167, -7.8566546, -4.626952, -3.5515366, -3.6236322, -6.850563, -4.8723354, -7.255498, -3.0993717, -3.554039, -6.662267, -2.9419181, -3.982332, -4.752616, -3.8782084, -6.8139844, -7.113529, -6.542373, -3.173733, -3.457121, -6.644259, -4.7751307, -4.5740786, -4.1244802, -3.993158, -4.184588, -4.076295, -7.202334, -4.122573, -6.8674364, -5.9070525, -6.413354, -5.600399, -3.1462986, -7.1306148, -5.5841045, -6.4461923, -7.7529964, -4.7416697, -3.5107956, -6.2639594, -3.8589795, -3.9043627, -3.3450975, -7.5670843, -5.81595, -4.8023567, -5.663988, -7.004571, -4.3412285, -6.164279, -7.712914, -6.665498, -4.0714197, -6.345667, -3.7824233, -5.903211, -4.7354817, -4.2234216, -4.4044013, -6.9556985]

 

Accuracy: 50.0%