Final Weight Matrix:
[0.8379853, 0.33028245, 3.3944998, 2.957827, 2.6123164, 4.6207175, 4.8517604, 1.1906415, 3.970117, 2.8975477]
[0.13683438, 0.08119702, 0.44519126, 0.58392614, 0.78362525, 1.1296308, 2.7045693, 1.8801016, 3.992841, 1.8700987]
[2.9307988, 0.21175534, 3.3375015, 3.253957, 4.9480586, 4.0833898, 4.734086, 0.095252395, 3.9994667, 1.3331944]
[3.3072681, 2.543293, 2.1571188, 0.4003772, 4.457331, 4.3676, 0.5869049, 3.9282303, 3.3654218, 2.0776324]
[2.8799553, 1.8840644, 0.058641434, 0.07775456, 2.062886, 0.9440258, 3.9234924, 2.8420053, 1.6989944, 1.4958751]
[3.5745053, 2.5390067, 0.2596712, 1.600708, 2.3301296, 3.3410878, 3.0750265, 4.235759, 0.24852514, 3.4003334]
[3.1386719, 4.240754, 2.9631722, 2.8953288, 2.6455698, 3.5014534, 2.116797, 2.7640007, 0.7637125, 1.9331799]
[4.4096947, 1.4989874, 2.9881167, 4.947197, 0.49591988, 2.341782, 1.7853906, 0.9822309, 3.7219799, 0.16052455]
[1.7231685, 0.8162859, 4.00465, 1.4144713, 2.0834136, 0.20998031, 1.6875563, 3.7170796, 2.1024709, 2.7072325]
[4.6535273, 3.3212738, 4.5624323, 2.3832307, 2.1578882, 3.2172992, 4.9046307, 3.9998612, 3.0963821, 0.69884896]
[0.35176158, 3.437339, 2.7429981, 2.1005752, 0.5432898, 4.715551, 0.35343915, 2.7141583, 1.8205202, 0.2130583]
[3.5982509, 4.565794, 1.7822983, 1.4149231, 2.1878204, 2.0909677, 1.8871031, 3.2672148, 0.6047189, 0.7189736]
[0.3478375, 2.84663, 3.8455498, 3.8167453, 2.0755305, 2.9440265, 3.9759982, 1.3167256, 0.029191375, 3.452498]
[2.053752, 1.0348701, 3.6511014, 4.301077, 3.2120357, 0.18124491, 4.5678864, 1.5071287, 3.0125463, 1.7764819]
[1.9539118, 4.672456, 4.364478, 4.652586, 0.7491654, 1.6241755, 4.6132097, 2.8669577, 3.7411828, 1.6212863]
[0.77824473, 3.7652705, 0.6302789, 2.5968451, 3.2685037, 4.5539284, 0.9479746, 3.7848494, 3.8304722, 0.1888001]
[1.7668253, 1.0567913, 0.5506322, 1.1468949, 1.7807448, 2.6477315, 0.70067644, 0.3554517, 0.6313896, 4.2334123]
[2.2981148, 4.2329397, 1.4693421, 4.5919056, 1.8749207, 2.61376, 2.1579788, 1.1746693, 2.9749277, 0.83866894]
[0.3204143, 4.6673794, 1.911973, 0.692389, 2.4912658, 1.1508822, 0.8435944, 4.2454586, 0.93883455, 1.40302]

[2.9808857, 4.2366295, 2.5714107, 0.6045863, 4.948468, 0.03321886, 4.6136346]
[0.6343937, 1.8171194, 4.6885433, 2.1432307, 0.93235254, 2.9962754, 4.3273277]
[3.9010768, 0.76393336, 2.0382843, 3.3218336, 2.1427598, 3.5886052, 4.968053]
[0.15403122, 4.37986, 2.0884764, 0.21076173, 3.8137789, 3.1847296, 1.4867995]
[0.6999433, 1.2715262, 3.4021049, 3.8301847, 0.664922, 4.339137, 4.051279]
[1.4399403, 0.7298669, 0.83711743, 2.418643, 4.289096, 0.81933975, 3.8047001]
[1.6651974, 1.4302641, 3.4229279, 4.7952332, 2.1182528, 2.0990224, 0.69336146]
[3.508214, 3.0202594, 3.827009, 2.7604651, 1.9267704, 1.1878953, 4.913246]
[2.362572, 4.201687, 4.9367356, 1.2815571, 0.20599008, 4.0871344, 4.9746046]
[0.9724319, 2.3431518, 4.2666225, 4.3118997, 0.9208235, 0.7458198, 1.2785167]

[3.514992, 2.6628263, 1.0270091, 1.2682186, 3.6423197, 3.489754, 1.8379256]
[0.6612228, -0.008939107, 0.6233104, -0.35006288, 2.4396133, -1.1238486, 3.0510526]
[0.4542215, 2.0614552, 3.1665196, 2.193301, 1.4087375, 0.55163455, 0.40979335]
[3.5150502, 1.5518854, 2.6643088, -0.8517065, 3.7915425, 0.41640127, 0.33463147]
[3.5002296, -0.36623725, 3.637417, 3.2971048, 2.7006083, 1.415277, 2.2997856]
[0.9391062, 2.5090373, 1.6927075, 2.9423485, 2.611457, 0.7486485, -0.48653036]
[3.5933068, 3.04586, 2.3934345, 1.2793455, 0.24006328, 2.0941038, 2.4240072]

 

Accuracy: 28.57143%