Final Weight Matrix:
[2.9434679, 0.7042706, 2.2861626, 3.4377618, 4.132559, 0.5811736, 2.8428576, 3.3454924, 3.2268646, 2.1337488]
[2.6329203, 3.574848, 3.58187, 2.8545637, 2.631636, 2.3960207, 0.9002161, 3.8977718, 0.3175819, 3.9864173]
[1.488893, 1.7392176, 0.9026474, 0.9528819, 0.37286013, 1.608176, 1.4018476, 4.3665648, 1.6742768, 1.9742149]
[0.54047257, 4.2895417, 2.2084382, 1.8741316, 1.6308063, 0.18623888, 3.2047176, 1.106649, 1.5777409, 2.5165248]
[2.2508035, 1.9013062, 0.41728795, 4.147189, 4.6266904, 1.4430612, 2.5325787, 0.83143353, 1.8649688, 2.9815435]
[1.40989, 0.86942255, 3.6976247, 4.3152323, 2.427103, 2.5451014, 3.1567779, 2.3733404, 1.3464957, 3.0441432]
[2.9454842, 4.8446937, 0.503709, 1.1944511, 3.8211007, 1.2618647, 3.9390364, 4.574169, 3.5019703, 3.3444202]
[0.15298277, 0.7333064, 0.96075475, 0.45699954, 0.73545694, 0.5451229, 3.175082, 0.73150486, 0.7203758, 0.00430882]
[1.8169775, 0.23886204, 1.2612786, 0.22322923, 4.653514, 4.841235, 0.66836417, 4.43826, 1.8571538, 1.2924817]
[0.2558571, 2.6593351, 1.0683936, 2.330831, 3.036621, 4.2016215, 2.0766463, 4.9867945, 0.4873699, 4.893816]
[3.8771005, 1.9402065, 4.264816, 3.8185763, 2.688953, 3.3478334, 0.45577347, 0.20331383, 2.1794357, 4.2374783]
[0.22095561, 3.6309533, 4.602044, 1.9519848, 2.2744079, 3.3077958, 3.1281588, 0.6185278, 3.7127776, 3.3275006]

[3.2086267, 2.6223862, 1.1586199, 0.9652108, 0.053908825, 0.2527982, 0.8504978]
[2.1733894, 1.0542047, 2.2500396, 4.243734, 4.9210587, 3.2888076, 2.8715875]
[4.376311, 4.5015116, 1.8891925, 4.280923, 2.904878, 4.7514744, 3.4435205]
[2.780464, 0.47934413, 2.489028, 3.4599688, 0.4113713, 4.357631, 0.7409781]
[3.0693398, 0.24402976, 1.6743457, 1.2358081, 0.14864951, 1.8162205, 0.081146955]
[1.5698165, 0.21983147, 0.43910265, 2.0382025, 3.6858048, 4.2324724, 1.7976799]
[0.5243552, 3.2508683, 1.4158747, 2.5014994, 2.4704576, 4.9880724, 1.1010911]
[0.08763522, 2.6310391, 4.452382, 1.9134059, 1.8019435, 2.6723168, 2.4810543]
[4.243698, 3.1620514, 3.9510293, 4.070337, 2.9749537, 2.478232, 3.2231998]
[3.6019297, 0.19776821, 4.833378, 4.4924555, 4.673019, 4.05405, 4.423638]

[-8.153421, 4.621534, 1.8861059, 2.0262735, -0.037596114, 0.17979641, 2.3653355, 4.3352604, 3.8781793, 3.6427338, 1.3203362, 2.453263, 3.1053987, 3.3123305, 3.6886942, 4.5136824, 0.7751281, 4.932561, 2.669595, 2.1389449, 1.6142373, 1.142102, 4.561019, 4.066401, 3.4395704, 2.727123, 3.4980779, 0.46493593, 0.93687576, 4.6757464, 2.0460641, 4.1851234, 3.2181418, 4.5523257, 4.071509, 2.5235496, 1.5984341, 4.939606, 4.278641, 1.2802819, 2.3368578, 3.5722637, 3.5816567, 4.220258, 0.11330603, 2.664502, 0.5531546, 3.6782825, 1.1586785, 1.927885, 3.404676, 0.5075106, 0.9859906, 3.071076, 3.8753965, 4.3171277, 1.1465791, 4.39021, 3.3009617, 3.4796395, 4.6602454, 2.8130345, 1.2983902, 2.9408805, 2.7204578, 3.6439664, 0.9265407, 3.816914, 2.814551, 0.02153411, 1.526336, 0.17459436, 3.9636664, 4.8973675, 3.4853818, 1.9820123, 2.9305887, -0.022735115, 2.7589881, 3.762807, 2.545963, 3.426405, 2.7311077, 3.917134, 0.8327028, 4.5474544, 0.55785835, 3.1768942, 1.407189, 4.351308, 0.68270785, 0.32814255, 2.954821, 0.50755775, 3.619818, 2.2834196, 0.5414277, 3.6157193, 3.8267949, 3.7921157, 4.655213, 1.1028163, 3.33953, 2.02622, 0.41918883, 4.1180463, 2.201667, 3.4968884, 0.7411228, 1.3657504, 3.6343675, 1.9755541, 4.660797, 4.6685424, 3.2689917, 4.7120743, 3.7614453, 1.0140955, 0.48400086, 1.3189692, 3.4682572, 3.2973049, 1.8879842, 0.9059466, 0.7800103, 3.6994996, 1.7137238, 4.523294, 1.2375138, 4.4850283, 4.1036916, 2.5649827, 4.247067, 4.333946, 4.580796, 4.817473, 1.231095, 2.5037067, 0.65198034, 1.8967175, 2.7903287, 4.6580234, 2.6306334, 4.93128, 2.5744143, 0.6144926, 2.6109807, 0.8678775, 3.2171786, 4.411007, 1.8199036, 3.9788349, 4.11168, 1.9186108, 0.45652938, 3.218312, 0.33746633, 3.158069, 0.04402746, 2.2330844, 2.8468528, 4.8171625, 2.1541724, 3.5983622, 2.1342194, 3.7150254, 3.4360883, 1.5651028, 4.1669884, 1.0596523, 4.742955, 3.5794096, 3.330234, 0.5398152, 4.7498603, 3.745315, 4.2081227, 0.21479337, 3.4826057, 2.3441885, 1.7122724, 0.33115137, 3.312162, 1.3416327, 0.28439984, 3.9666526, 0.8321577, 3.446753, -5.7264757, -3.8001752, -5.0861053, -6.3882003, -6.1637163, -5.053751, -3.8741856, -4.881844, -6.174717, -7.150411, -7.701856, -7.1953464, -7.878153, -3.5835786, -4.0103245, -4.486776, -3.4517186, -3.675181, -4.299433, -8.395779, -4.0649867, -5.407056, -5.2916493, -5.800491, -5.7671604, -4.1036386, -5.7987823, -5.516056, -5.160732, -3.6926267, -5.9239182, -3.6976018, -6.2609363, -7.850714, -8.1906395, -7.6367655, -6.223808, -5.3672786, -8.159927, -5.3914027, -8.388926, -6.7749624, -6.768836, -4.0010805, -3.725364, -5.134854, -7.318756, -6.906338, -6.642582, -5.459796, -7.035345, -8.444615, -4.027394, -8.06252, -4.4156427, -6.7376857, -5.121585, -5.4972553, -5.9600363, -5.0091734, -7.583596, -6.13887, -6.5945387]
[-4.5159373, 0.99704623, 2.3417962, 3.5735068, 1.0967449, 3.3404932, 3.5335062, 3.4956458, 1.6670617, 2.5294566, 0.92854667, 3.597989, 3.0211437, 3.1276307, 1.4506018, 0.47363693, 3.8118186, 1.9757978, 2.1754026, 1.2111484, 0.5307002, 2.927341, 4.11591, 3.5311363, 0.98620975, 1.200525, 2.2921002, 0.9603266, 3.1571524, 3.1105523, 4.495425, 0.6158874, 3.0562093, 3.8832493, 3.1263106, 2.8559525, 4.6237903, 3.0646424, 4.0623784, 0.3129888, 3.8938072, 1.535744, 3.0846303, 1.6130742, 3.3968203, 2.3616836, 0.12336424, 1.2874109, 4.7192855, 4.2101564, 4.573129, 2.1936157, 1.40042, 4.3857565, 0.39417583, 1.7937547, 4.0329423, 1.9831574, 3.5828028, 1.633026, 3.1975188, 4.559915, 3.5381317, 1.5354769, 1.4343085, 2.0587475, 1.0119387, 1.4075149, 4.1025615, 3.7327585, 4.727056, 4.910129, 3.0909843, 0.05572887, 1.3475755, 0.6566266, 3.9583685, 4.0461893, 2.7628798, 0.98141545, 4.8216763, 2.9637492, 2.453493, 2.6868978, 0.9836169, 1.0158346, 4.5326753, 0.6202748, 1.9225436, 0.5482101, 0.19505252, 0.9250685, 2.1477342, 3.9721065, 1.0111295, 4.3246717, 4.6738253, 0.8784127, 4.0225177, 0.64447504, 3.1997943, 3.2800698, 0.5651187, 1.926546, 2.8943243, 0.53561157, 3.36074, 4.0240016, 1.6359563, 1.6126587, 2.58602, 3.1967626, 4.2976108, 4.2195845, 1.3738111, 4.637299, 3.5929563, 3.1538696, 2.2281272, 1.6756467, 2.699951, 3.483659, 0.4295733, 0.19534796, 2.356431, 3.4487457, 1.0057694, 0.9254914, 4.677769, 4.0812745, 4.4797506, 1.0312105, 0.70668304, 0.20235576, 1.1036817, 3.136937, 1.3705856, 1.4113542, 4.3215194, 0.04773328, 2.24837, 3.8550637, 4.269776, 4.7857227, 1.3111072, 4.0381627, 4.0085497, 1.9633604, 3.2734625, 4.793405, 2.031796, 2.5516562, 4.47714, 0.05235779, 4.293054, 2.1794312, 0.977665, 3.2232068, 3.4837198, 0.28869703, 3.8703434, 2.268065, 0.38739678, 3.2063522, 1.9103963, 0.5775065, 4.6795897, 4.191956, 1.7207931, 3.2777255, 0.21451862, 3.76933, 0.35750258, 1.4980623, 2.2656732, 3.6751747, 4.8016615, 2.6559355, 2.160471, 0.082416154, 0.96872973, 2.6122425, 2.952462, 4.630359, 1.4180707, 4.313673, 0.91915524, 4.233079, -5.81175, -7.7210107, -7.830712, -8.485593, -8.369276, -4.9958644, -6.994533, -6.7985215, -3.5840092, -3.6283994, -6.200747, -4.158582, -7.007732, -5.829287, -4.4580555, -5.68623, -6.1453443, -4.145658, -4.7682543, -8.240598, -3.6562176, -6.8354096, -3.815755, -4.004579, -5.9332414, -7.3592696, -3.4553225, -8.44747, -3.692439, -7.5887294, -7.7836013, -6.8137245, -3.823876, -7.727676, -4.7518926, -5.774099, -4.354897, -6.76329, -7.5706506, -5.2894006, -6.356154, -7.6117024, -6.87859, -7.7005124, -4.280075, -3.6724772, -4.124348, -5.706054, -4.6971593, -8.154459, -8.108101, -4.280579, -4.038625, -7.2530675, -5.412309, -4.1073737, -8.38645, -4.119882, -8.060549, -8.419758, -8.086483, -6.9016156, -4.381264]
[-8.228091, 2.1905382, 0.24367663, 2.0325649, 4.799979, 3.3299382, -0.048585042, 0.37008902, 3.2997918, 1.487995, 3.341259, 0.22989531, 2.5091014, 4.6980586, 0.97097313, 3.7407534, 1.0975783, 1.5990975, 0.9311263, 1.393549, 1.4233055, 3.8557718, 1.0889114, 3.3217125, 2.5258179, 4.2247534, 2.376481, 1.9531184, 3.3712063, 3.4130542, 1.163755, 1.598755, 4.9459248, 3.3365822, 3.870271, 4.429721, 0.19844227, 3.1632755, 4.0607305, 0.6064222, 2.6026144, 2.5774636, 2.7333455, 4.3654885, 2.3772838, 1.2344687, 2.4693768, 2.049792, 3.4353309, 4.220369, 3.2340593, 3.655636, 4.0410824, 3.3316474, 1.7276907, 1.8754432, 4.2697678, 4.840526, 1.313179, 3.9239073, 3.9641342, 2.8742268, 3.8117132, 4.4953556, 0.55741745, 3.0919094, 3.5028532, 0.79312044, 0.38461196, 3.818939, 0.6337367, 3.0008552, 4.8205686, 3.3468518, 0.90993655, 1.9653516, 3.6581082, 3.42117, 4.736666, 0.6376997, 4.2958636, 0.6294912, 2.424733, 3.3235924, 1.878405, 0.40259808, 2.637322, 4.651931, 0.22775629, 2.4316292, 2.1189275, 3.2827091, 0.7068972, 2.3568385, 3.1282544, 0.5010672, 0.4268818, 0.93040454, 4.578794, 1.174699, 0.063031785, 0.56319535, 3.6509037, 4.120543, 1.2066349, 1.0979961, 2.7528007, 0.2498109, 0.7809154, 0.4193707, -0.03354591, 2.8224564, 1.7953612, 4.6470294, 2.2218988, 1.0438169, 3.0311587, 1.626346, 2.5987377, 1.9509556, 1.9201921, 3.1177483, 1.9146585, 3.3907251, 1.5666863, 3.5524094, 3.6156127, 2.6271942, 2.6867385, 4.6835213, 1.0724887, 1.9302789, 4.6036615, 4.3209667, 2.1429572, 1.1345477, 1.497523, 3.8888059, 2.589362, 4.235116, 3.9040735, 4.430074, 2.4003599, 2.8448215, 4.086362, 1.754152, 0.30906484, 1.9310492, 3.4763427, 0.51333565, 1.8913987, 2.8374255, 4.8232265, 4.386955, 1.304591, -9.897802E-4, 2.6789374, 4.004945, 0.5109122, 1.7773635, 1.9529179, 3.429824, 1.9673169, 2.428241, 2.2681742, 0.34445712, 3.356449, 3.9561577, 0.24413836, 3.870503, 2.6866639, 3.143004, 3.081784, 0.7299149, 3.4896817, 4.853059, 1.5506302, 1.2299739, 1.4167317, 2.128664, 2.626931, -0.045123227, 0.3467082, 2.974247, 3.1477935, 4.259335, 4.290248, 1.9381123, -4.344059, -5.808894, -7.6457214, -8.18338, -5.4356093, -6.2460785, -6.6396947, -3.7654257, -4.5445337, -5.838178, -7.3440466, -6.505382, -8.02439, -8.017305, -6.8070865, -4.5946784, -7.769367, -6.7161674, -3.6466262, -3.9530187, -5.621695, -7.372879, -7.748769, -3.6993308, -6.156445, -6.707353, -4.4181523, -5.311434, -4.980482, -7.1226063, -8.650706, -3.7127721, -5.2081323, -3.5438104, -5.377259, -3.9348464, -4.8859854, -3.8536994, -6.920619, -5.212524, -7.7527876, -7.7519155, -8.197997, -6.2608037, -4.8326826, -8.552367, -6.1043673, -6.368727, -5.018895, -6.6913495, -5.081281, -8.058706, -4.5275435, -5.378984, -3.8922765, -6.9112396, -6.761275, -4.5816336, -5.0814886, -7.3730903, -4.665507, -5.3555956, -6.374787]
[-6.8736224, 3.3242476, 1.1850104, 2.4331415, 3.7034874, 4.294474, 4.315958, 1.8574926, 3.3120723, 3.6138983, 3.736337, 0.6298018, 3.2966099, 2.0701563, 1.4629633, 1.185265, 4.2590294, 3.8354137, 1.1497355, 0.68214214, 4.2578654, 0.52019453, 0.70507574, 1.5332843, 0.6371408, 0.6644556, 3.241389, 4.014531, 4.3669953, 3.4137926, 0.4417602, 3.7445, 2.6069913, 1.5611969, 4.063887, 1.314254, 2.9658523, 3.027243, 2.5440276, 1.6899247, 4.161862, 0.8323481, 1.1386586E-4, 2.4435053, 4.5844655, 1.9221588, 2.585562, 4.5591683, 0.414788, 0.03846038, 0.9334255, 2.6949332, 3.7231069, 0.6234817, 2.6453826, 2.3026664, 4.24388, 4.1746984, 3.2441783, 0.95001215, 4.938412, 1.590143, 0.11561354, 1.929287, 0.25459212, 1.8615834, 3.7006767, 3.60656, 2.1130116, 0.7735709, 4.204141, 2.2474082, 4.9097285, 3.3632193, 4.482702, 1.9679589, 1.3662556, 1.0252739, 1.6578225, 3.24061, 4.1148705, 4.7361927, 1.5411407, 4.4327064, 0.7803548, 3.0005093, 2.980027, 2.1723382, 0.5004823, 0.067839436, 1.1235831, 3.8203022, 1.9676201, 1.2962236, 3.363704, 1.3218364, 4.343767, 0.7140477, 3.0408125, 4.376269, 3.7740533, 2.3444052, 2.466717, 3.2747142, 1.7162262, 2.186062, 3.0850365, 1.964398, 0.7851687, 0.6003627, 1.2916452, 4.681564, 4.1510534, 4.088511, 2.6137874, 1.0710634, 3.1611676, 1.1455305, 2.989104, 3.6070256, 3.3101828, 2.8268504, 3.6896563, 0.2008301, 0.7674206, 4.425838, 2.8730443, 2.0969963, 3.329519, 4.673843, 0.39171556, 4.940978, 2.6673834, 3.7646945, 4.2363844, 4.748393, 2.0892572, 3.609871, 2.8402917, 4.022226, 3.3056548, 1.1836346, 1.6265811, 0.94902676, 1.0132331, 4.442617, 1.5660489, 2.2380655, 4.105191, 4.9487967, 4.790869, 2.8957255, 0.20846488, 0.78939664, 0.17783406, 1.9835593, 3.3422012, 0.16413826, 0.5450147, 3.7119887, 3.6058156, 1.90042, 1.9712538, 1.6852399, 3.7530909, 4.0423317, 0.82817763, 4.738422, 4.928426, 4.0839796, 0.17556994, 4.4410233, 0.4084218, 3.9368746, 0.8036025, 3.5984051, 1.9261923, 4.4025702, 3.2372277, 1.0225953, 2.1437562, 3.1458406, 0.5615595, 4.675456, 2.2882407, 4.329912, 3.6938643, 2.1528966, -6.148936, -3.488765, -4.7101436, -6.853106, -4.616141, -7.7951093, -6.342651, -7.3859277, -6.40163, -4.375974, -4.768062, -7.1218143, -5.162046, -5.993318, -3.3077767, -5.531922, -6.2280593, -3.6271222, -7.979999, -5.2896, -5.742945, -3.6191406, -5.0227866, -7.810065, -4.931419, -4.2055936, -3.2419312, -6.8077846, -5.019939, -5.8962474, -8.11798, -3.2232766, -4.6763186, -7.690597, -6.1165996, -3.7429013, -7.542216, -7.975124, -6.497358, -5.6689696, -4.09108, -4.394921, -7.7620263, -8.14698, -4.624071, -7.357653, -7.494987, -4.072513, -7.2846036, -5.3595405, -7.7321954, -8.254667, -8.153884, -4.6771483, -5.326223, -3.7102296, -3.960318, -7.157045, -3.4969683, -6.6586223, -8.368495, -7.8561473, -5.537482]
[-8.068046, 2.5759125, 0.6961082, 3.6292973, 1.4607143, 1.6631273, 2.9027596, 4.7995358, -0.06583053, 2.3689187, 4.8142495, 2.2111526, 3.2814229, 4.0166717, 1.2949575, 1.2992696, 2.719271, 2.069943, 3.390483, 1.4616042, 2.439159, 1.8989002, 4.839578, 1.794263, 2.5266619, 1.5100278, 3.8748813, 3.9733293, 1.5917332, 2.7580323, 1.1004658, 3.888723, 4.694527, 3.3454864, 2.3082378, 0.11012823, 1.9145002, 1.2441851, 2.7898579, 4.5744576, 2.2888374, 2.5290885, 0.81408733, 3.0832891, 0.43208724, 0.66373706, 0.48854417, 0.6563434, 0.98093367, 2.1363404, 2.0068722, 1.7605159, 1.314741, 2.0431254, 0.9152416, 3.032371, 1.6780356, 1.5005076, 1.0032089, 3.691731, 0.0140921, 1.3408073, 1.0591751, 2.0449393, 1.407507, 2.6616683, 2.3492193, 2.5383775, 2.1406188, 1.0233655, 3.3404615, 3.3946257, -0.032332174, 3.0490685, 2.213745, 4.394634, 3.471367, 3.0925004, 3.9887915, 3.2548757, 3.984767, 1.3000115, 0.70195377, 0.7818969, 0.769379, 3.0769906, 4.4668703, 0.93824714, 3.4436285, 4.3187175, 4.902603, 2.8506243, 0.111622944, 0.75675404, 2.0740778, 1.9220443, 0.30026156, 1.4352375, 0.78754365, 1.3902595, 0.46917066, 4.443322, 4.9465647, 0.1423193, 2.1668665, 2.025274, 0.35464996, 0.25026768, 4.1405773, 1.0834695, 0.4568273, 1.4506941, 3.9515462, 4.727542, 0.9699276, 2.9827728, 1.4810776, 4.5688925, 4.929757, 0.5489786, 4.36463, 0.8064478, -0.075624965, 0.7523586, 1.5309163, 3.8550804, 1.9951885, 4.5395494, 3.9530287, 0.28208292, 0.7124026, 0.63570815, 1.5378618, 2.283716, 4.8198013, 2.8158398, 0.9460986, 2.645665, 0.33520898, 0.9503481, 2.5343301, 2.2149124, 4.680605, 0.48717546, 1.3009577, 4.4930673, 0.584888, 3.4931896, 0.12148951, 3.0177631, 2.7890527, 0.64223015, 3.9648342, 3.186702, 4.67487, 3.1208062, 3.8799875, 2.6132667, 4.7215962, 4.8002915, 3.115326, 0.6405898, 2.0993402, 2.586193, 1.2322648, 0.24002773, 1.9367216, 0.5875661, 4.0007706, 2.0607371, 3.0125172, 4.531732, 1.1301072, -0.009865797, 0.14784044, 1.263686, 4.794948, 3.2982502, 0.14422494, 0.54266053, 0.67047924, 0.30267963, 4.3606086, 2.9694917, 2.7703915, 0.6178753, 4.1055527, 3.1550152, -5.537208, -7.0682535, -7.406659, -5.662363, -5.7740364, -4.010256, -6.4302573, -7.297379, -3.2454188, -6.98926, -6.38013, -5.0440497, -5.117313, -6.6563053, -4.1954474, -7.613612, -5.2730846, -8.226314, -4.247177, -4.759362, -4.295106, -5.725282, -6.175766, -5.686308, -8.19987, -4.992899, -3.387467, -8.292247, -5.6608176, -6.090803, -7.8697715, -7.4498954, -8.080323, -4.5747066, -5.381015, -6.322607, -8.261034, -5.152646, -6.078979, -7.7195077, -6.995099, -7.742119, -4.76145, -7.382159, -4.4686923, -7.1133795, -7.4229617, -4.767478, -6.721653, -6.184438, -8.053444, -5.626272, -4.1995997, -5.2157836, -7.915785, -5.858234, -6.4405494, -7.0946536, -4.5703588, -8.613981, -6.517308, -7.5787525, -7.391425]
[-7.5293097, 0.17236489, 2.810232, 3.76077, 2.4334068, 0.5044393, 3.5507588, 2.7094715, 3.9921865, 0.8645866, -0.037781496, 3.310052, 0.9097747, 3.4132063, 4.864544, 1.227259, 4.382754, 4.2803845, 3.9577944, 4.508656, 1.7598011, 1.2557799, 3.9423027, 0.9028359, 1.4035134, 2.4871829, 1.1958238, 0.59276885, 2.8854582, 3.023204, 2.913426, 4.465462, 2.5403094, 0.23499435, 2.5196257, 2.051929, 4.170814, 2.9398537, 3.7071788, 0.27937952, 0.23915479, 1.7018396, 3.7919736, 2.0696383, 3.792024, 0.5525728, 4.0240097, 3.0632641, 1.615476, 1.8745251, 1.249505, 1.2923813, 0.10234624, 2.619013, 4.5317082, 4.599119, 4.913774, 1.2083714, 3.9432042, 0.96064043, 1.2376347, -0.004734468, 0.29307714, 4.325434, 3.2610352, 4.9005337, 3.819844, 1.1013336, 1.9428178, 3.901406, 2.4561217, 3.0992656, 1.6471585, 3.3506246, 1.8536007, 2.3693182, 4.061133, 2.9358883, 4.6504965, 4.5668287, 3.7588432, 3.2581928, 1.0241563, 0.6278102, 0.966208, 1.3710771, 0.5989989, 0.6862626, 3.2003508, 4.6261754, 3.754359, 2.9297462, 1.9279486, 2.8635547, 3.4085088, 0.69866544, 1.130933, 1.761696, 3.0810473, 2.10587, 0.30655375, 2.7901058, 1.7728105, 2.5898752, 1.4475944, 2.7845523, 2.366512, 4.2218127, 3.1784408, 1.4428781, 0.96646136, 3.528525, 3.5936508, 0.28649226, 4.3698516, 0.113710806, 4.0081286, 4.67804, 2.3903553, 1.1922725, 4.272663, 2.248651, 0.07383869, 0.7549279, 0.2656708, 2.7518194, -0.049096346, 4.351658, 4.2678857, 1.1013367, 2.7986975, 3.2359855, 3.6084547, 3.2289917, 2.6542184, 3.9599514, 4.642414, 0.28524327, 0.7649415, 3.292576, 1.8903229, 2.82186, 1.4295477, 0.32869366, 3.167725, 2.1481974, 2.7502751, 0.65190387, 4.7485304, 3.6211588, 2.046124, 2.6316998, 1.082479, 2.2602017, 1.0297478, 1.9991679, 2.552502, 3.656418, 1.0880041, 4.147648, 3.804682, 0.49963018, 1.3716503, 2.1694062, 2.685356, 2.2527606, 2.7650874, 0.11474354, 4.935165, 0.7135295, 0.6160898, 2.3335087, 1.5915155, 1.2025611, 3.4912462, 0.066013396, 2.7131174, 1.0459545, 4.492615, 1.5979596, 1.8840356, 2.3632247, 3.1567862, 2.7455025, 1.0685906, 4.2130423, 4.6499076, 4.79376, -3.2927294, -4.0404286, -5.59833, -3.7868648, -6.1147294, -5.9563074, -3.6921034, -3.7847834, -7.243215, -8.218794, -7.5948577, -6.48097, -8.591786, -5.1164613, -3.7073205, -8.170347, -4.8537803, -7.395478, -3.3398557, -6.8059983, -6.5851116, -6.5387616, -4.060887, -5.0312643, -8.235173, -4.057848, -2.946367, -3.6748943, -7.9621954, -7.1159816, -6.480145, -4.8457675, -7.940744, -5.971233, -3.4123945, -6.459698, -4.0060425, -7.4791436, -7.62649, -7.3260264, -6.602348, -5.5893807, -4.970284, -6.6126246, -5.4160585, -6.899319, -7.638367, -4.1577277, -6.0954223, -5.411206, -6.0872827, -7.697801, -6.4844365, -5.345756, -5.2698684, -4.654768, -7.0482383, -7.287457, -6.0891833, -6.8634715, -3.730074, -3.9583306, -4.488104]
[-6.000195, 3.4106016, 3.8685749, 4.7066164, 0.3104561, 3.4976692, 3.300285, 4.599773, 0.014095773, 1.9083229, 0.74647063, 3.1755137, 4.683391, 4.671295, 3.1253457, 4.0344806, 3.621262, 3.1891189, 2.1251109, 0.3357132, 1.3238989, 0.55511415, 1.7178413, 0.3590606, 3.4650621, 0.60609937, 1.6398586, 2.712842, 3.1168606, 0.8518504, 1.5118182, 1.878751, 3.3677857, 1.2051197, 4.1041055, 4.260762, 2.0394382, 0.5327239, 4.0498643, 0.84858674, 4.242509, 3.5768027, 4.1774726, 4.3154325, 1.2412039, 3.912181, 3.1697383, 1.9769744, 4.7182093, 2.7818713, 3.39293, 3.5555599, 3.6725323, 4.166983, 0.2757781, 3.5605164, 4.6422668, 1.1760368, 1.2678256, 2.711014, 1.9922283, 4.4468837, 2.8785858, 0.6333112, 4.200919, 2.8988955, 4.3762, 1.5048181, 2.464569, 3.1324236, 3.5444343, 4.9396048, 2.7464902, 4.3105364, 0.56117123, 0.43280578, 3.7537096, 1.1628131, 2.8510818, 2.2633476, 3.5995321, 3.0215158, 4.007437, 4.819505, 2.2777345, 0.012923638, 1.0908923, 2.813781, 1.4483637, 4.4589667, 0.41256335, 4.6575923, 4.018349, 2.1748009, 1.965122, 4.002104, 3.9523463, 1.5701771, 0.530721, 4.8503904, 3.6633637, 2.7559752, 1.3612314, 3.9761298, 2.0216386, 1.3454343, 3.9146607, 3.2955914, 4.5761824, 0.7795865, 2.8566403, 3.9443111, 1.1229153, 0.0039675115, 4.259355, -0.0057663005, 1.3346308, 2.113746, 3.8475926, 3.1668694, 1.8634751, 3.2209802, 1.583512, 0.92295706, 1.9887768, 2.1460953, 2.762727, 0.50352955, 3.4462376, 2.7007554, 1.51831, 2.5389073, 3.5338166, 1.9219888, 1.65718, 0.9104996, 2.529142, 1.2198834, 0.0078073386, 0.08345049, 1.9518669, 3.5772045, 0.3265692, 4.443215, 3.2279909, 0.14786308, 4.448914, 4.7005014, 2.6638675, 3.1583023, 0.9487741, 3.8504841, 0.45462707, 0.350806, 3.429127, 2.1703615, 2.671739, 3.0120008, 1.8406626, 0.0722357, 0.121368855, 1.2205718, 0.30794847, 4.663522, 3.0674796, 4.186737, 4.9480996, 2.577384, 3.938032, 0.948099, 4.538207, 0.66024286, 3.832418, 0.579687, 1.6188956, 3.734302, 0.39916775, 1.3337718, 0.38056755, 4.773336, 3.0392916, 0.58502334, 4.657917, 3.1003318, 1.2905722, 0.698598, 3.29167, 2.4855127, -4.5193644, -7.8798704, -6.022061, -4.5928006, -5.254609, -3.3965788, -3.6364598, -8.158711, -3.9311588, -3.9279056, -7.433405, -3.9779477, -7.3642907, -4.7778425, -6.330925, -4.391397, -5.069204, -7.941225, -4.6962667, -5.143449, -4.054665, -6.937534, -8.369287, -5.160227, -5.107915, -4.0160556, -4.653962, -7.6043124, -5.3183594, -4.9841857, -6.1329727, -3.8161943, -5.465863, -4.7783184, -5.1669216, -8.035707, -7.090366, -7.1606307, -8.391099, -6.396316, -7.3322983, -6.5415096, -4.5411916, -4.1100655, -3.497783, -7.856598, -7.61375, -3.5347369, -5.86478, -5.787787, -4.1741323, -6.218259, -6.9036646, -6.293951, -4.5261507, -7.9097548, -6.2182302, -5.7512045, -5.5728283, -6.4963593, -4.920674, -5.8243546, -8.068925]

 

Accuracy: 44.230766%