Final Weight Matrix:
[2.2938385, 0.4305455, 4.3766694, 1.9943851, 1.3514233, 4.0674505, 3.0648754, 1.0694661, 3.1589243, 2.6488554]
[3.0419734, 0.50740033, 3.5623808, 0.56389093, 2.1043386, 4.5774403, 1.4003664, 1.0170019, 1.0681214, 0.5773333]
[3.658683, 2.097282, 2.1461132, 1.0276544, 2.7392318, 2.9425073, 2.0809555, 4.3248844, 3.5981326, 2.3141465]
[4.7987037, 4.2410502, 4.351693, 0.5918914, 1.3407085, 3.542771, 2.8151088, 4.838775, 3.49741, 4.3207793]
[0.3639707, 4.6192007, 3.198926, 0.9123936, 1.8570113, 2.876282, 3.061279, 4.4947033, 2.072389, 1.6115627]
[0.99401623, 2.096686, 4.9597626, 3.8447218, 1.8480637, 0.3859684, 1.8450079, 2.3643494, 3.3284478, 3.7331033]

[4.7204866, 2.8797917, 2.874526, 4.736107, 4.6661534, 1.1307492, 3.6833189]
[3.2344995, 0.85847557, 4.3535147, 0.23524493, 4.37952, 0.19632012, 4.804035]
[3.494957, 4.220669, 0.29482812, 4.127386, 4.775159, 4.573864, 1.0372925]
[0.58553725, 2.1434143, 1.3496354, 2.4266415, 2.1208344, 3.2493954, 3.627776]
[4.615971, 1.067301, 0.7841587, 0.29529452, 1.5234023, 4.91743, 3.1385107]
[3.1355486, 1.7302662, 1.8156517, 0.5919644, 2.6268146, 2.6312222, 1.5541365]
[0.8780736, 1.0277531, 4.336558, 3.4803433, 4.779945, 1.3852334, 3.234831]
[2.3430119, 4.5086174, 1.0775048, 3.6006021, 3.1737175, 2.7068713, 1.2239864]
[0.19774497, 0.56008637, 2.655281, 3.4639552, 1.5824046, 3.3652568, 3.4923613]
[2.082627, 0.17777562, 0.10278851, 0.3060478, 1.4877701, 1.180445, 0.8191538]

[-14.641511, 0.19775867, -0.2944306, -23.893688]
[-12.452986, 2.2382948, 2.0082364, -24.916683]
[-15.458568, 0.505023, 2.2417154, -26.207687]
[-15.000253, -0.18479985, -1.2478125, -26.137136]
[-12.152015, 2.4821236, -1.4325756, -24.743853]
[-14.898596, 0.019443817, 2.0667665, -22.466816]
[-12.634579, -0.13686612, -0.94487375, -21.528393]

 

Accuracy: 64.16185%