Final Weight Matrix:
[0.30436397, 1.9590902, 3.8623657, 1.7549493, 1.8902686, 3.0658772, 1.1206031, 4.674447, 2.6866748, 0.6089902]
[0.84380656, 3.9634206, 4.9749627, 1.0361323, 3.990495, 4.62254, 4.317938, 2.213552, 0.31762064, 4.1624365]
[2.8625898, 0.8473274, 3.0733461, 0.07726729, 3.9738817, 3.9008877, 3.8604176, 0.8939481, 3.2360058, 1.5070391]
[2.2602234, 1.1619133, 0.89326054, 1.2335354, 0.013783872, 2.233961, 0.23326069, 2.9279373, 2.0011618, 2.952316]
[2.9798627, 0.81923753, 1.0671678, 3.2011948, 1.7793021, 2.1851935, 1.733959, 1.1641347, 0.4761687, 4.0658836]
[1.7985144, 2.3681073, 4.3095765, 4.091661, 1.7164698, 4.68447, 4.965995, 1.1389992, 4.95795, 3.2573333]
[2.7335782, 4.8879614, 4.3235893, 4.351678, 1.7714614, 1.3530126, 2.620655, 1.7559805, 1.7725337, 3.5331192]
[2.4140577, 2.1772552, 3.4238749, 1.6816344, 4.5321164, 0.96090555, 1.9977906, 1.5510883, 0.07241279, 2.0249617]

[2.9086375, 3.8080308, 4.2222843, 4.579998, 4.99511, 4.639498, 3.8878682]
[1.6148883, 2.8110347, 2.152079, 0.9747213, 4.257667, 2.0849493, 2.2791862]
[0.944584, 1.603964, 0.3227818, 0.6098449, 0.7026553, 4.9671392, 4.9399514]
[0.3965336, 2.8667421, 0.40943682, 3.3084455, 4.319519, 1.4059153, 0.9178409]
[4.258239, 1.725379, 3.587039, 3.3881545, 4.2763834, 4.6284027, 4.1610537]
[2.263053, 4.374748, 3.8912342, 1.9886515, 1.9620031, 2.150593, 0.57713896]
[3.531524, 0.26118487, 2.322717, 1.3977695, 4.20842, 2.288659, 1.1978648]
[3.6402316, 1.8756053, 0.4434377, 4.393576, 4.6340055, 4.182953, 4.116843]
[2.328906, 4.165993, 0.27684033, 4.7712812, 1.6858735, 1.7403793, 4.969536]
[3.536558, 4.2626, 2.9444308, 4.7250624, 4.7290926, 3.4824953, 2.6728227]

[-117.9316, -121.44689, -124.68369, -114.076225, 2.0452416, 2.39896, -121.289795, -90.480095, -18.856133, -75.28106, 3.6783159, -120.550125, -105.76449, -15.306114, -67.78115, -84.81526, -81.312, 2.8686855, 3.2615607, 1.9093008, 1.874761, 4.597136, 0.19101462, 3.611751, 0.5459562, -33.11219, 3.9196656, -101.06221]
[-117.836235, -118.20473, -121.0006, -111.80566, 0.64441985, 2.7531073, -121.35078, -89.12385, -20.194096, -75.031044, 3.6306026, -117.13692, -101.824875, -19.58165, -67.30943, -83.45342, -77.14856, 1.5623319, 0.7017781, -0.18172617, 0.6198685, 1.379504, 1.6821299, 3.9197702, 3.7327626, -33.255077, 1.0180954, -98.59053]
[-120.02279, -125.99067, -124.906975, -120.632065, 0.3155138, 0.1915771, -129.04358, -97.31839, -17.421766, -76.53001, 2.6697206, -125.389145, -110.2971, -18.025507, -71.19795, -88.63112, -80.91791, 3.8700387, 2.800251, 2.4604065, 2.8200207, 4.370847, 3.1273892, 0.7712042, 4.527045, -35.177235, 1.8229581, -104.06763]
[-113.87898, -118.1939, -116.44686, -108.09405, -1.1374439, 3.557975, -117.13232, -85.84353, -19.571863, -73.921005, -0.5870636, -113.530014, -101.80331, -15.954188, -65.931694, -83.41831, -76.45967, -0.09855022, 2.2547479, -0.010715728, 4.392675, 0.11757406, 1.0925453, 1.1251825, 3.7216554, -28.641092, 1.906329, -92.916435]
[-111.28993, -114.066956, -113.82855, -106.34052, 0.9337549, -0.28045538, -114.60757, -87.97271, -19.595142, -72.587585, 2.6961868, -111.286964, -99.59289, -14.206391, -67.116936, -81.792145, -73.256966, 2.0962908, 0.7379602, 2.7197165, 3.758533, 4.009734, 2.03335, 4.4454026, 0.87745756, -30.39775, 4.22731, -93.84414]
[-114.7948, -119.99971, -120.66607, -112.17364, 1.6368157, 1.4913126, -118.525764, -87.7806, -19.733002, -73.78821, -0.7073581, -117.51123, -104.47933, -18.97388, -69.77308, -83.58772, -79.8079, 1.3232346, 1.5181795, 3.6342463, 0.13362074, 4.6864705, 3.8911085, 0.77472585, 1.3354716, -31.896275, 1.305673, -98.26655]
[-115.86283, -119.25377, -119.41363, -115.037285, 2.2174106, 3.9668467, -120.6673, -86.93071, -16.16112, -74.27177, 0.38013324, -113.38619, -102.57174, -16.804607, -68.754906, -84.86233, -79.728195, 1.9826338, 3.559321, 2.423646, 2.6210048, 2.2127254, 1.5970006, 4.7667747, 3.8996346, -31.86343, 2.8063383, -98.413414]

 

Accuracy: 14.593302%