Final Weight Matrix:
[4.089963, 3.2769763, 1.0602388, 2.056086, 0.4217288, 0.895983, 2.7810848, 3.8143706, 0.92951745, 0.9738529]
[0.7248494, 0.4921025, 4.1447306, 0.24961501, 3.9821532, 3.5310242, 1.0554749, 3.317913, 4.136142, 3.0461578]
[4.0752563, 3.4430232, 2.3312118, 1.4742961, 2.489359, 0.92294425, 4.8347864, 4.249775, 1.1040807, 4.022547]
[2.1940658, 0.6255263, 1.2166128, 4.410922, 3.361204, 4.274518, 1.6613481, 2.1739917, 1.4824972, 0.5577618]
[1.1704955, 4.580138, 2.7763507, 1.6826355, 1.5397558, 2.370669, 3.8705685, 4.142465, 1.618402, 2.9605854]
[1.6446239, 3.2089756, 1.2803918, 4.366219, 0.4927799, 3.1177056, 3.6902652, 3.238311, 0.6582469, 4.357897]
[1.0937971, 1.151154, 3.009, 1.958304, 4.3560715, 2.3751953, 1.1576766, 3.2951877, 3.6843193, 3.1023927]
[3.9494095, 1.0752994, 1.6331649, 4.3765697, 1.0340273, 1.2425396, 0.14759421, 1.4466697, 1.9372592, 1.4902785]
[4.183892, 4.566333, 0.88719994, 0.3409204, 2.3189893, 1.3315532, 3.7280846, 3.7795198, 1.7502689, 2.917678]
[0.85734427, 4.7392173, 4.5651064, 0.25189728, 2.0010633, 4.2635674, 0.064748526, 1.4573014, 1.2474921, 2.4858236]
[4.030945, 1.3149216, 2.4915438, 1.1297691, 4.9747767, 3.0119057, 2.911625, 4.6533737, 0.7820934, 2.8437014]
[1.3633325, 2.4184656, 0.5237323, 1.5980635, 1.3951516, 4.0106196, 3.1143122, 1.116704, 3.6851473, 1.5779507]
[4.641964, 3.5699692, 1.9837075, 3.4704838, 3.5421362, 1.6201148, 1.497724, 4.5989637, 3.9190223, 3.2343411]
[1.1413878, 4.4896164, 2.6236362, 1.0500405, 0.23637205, 0.5764079, 0.6518233, 2.0177076, 3.3009644, 2.5723128]
[0.83022654, 2.443286, 0.20835102, 4.914146, 0.9933543, 1.4285368, 0.60634106, 1.0404482, 3.1284235, 4.2382455]
[0.41526258, 1.2881297, 2.5626757, 1.995157, 2.001444, 0.2711165, 1.8047109, 0.7715547, 0.25771737, 4.913807]
[3.3193445, 3.080124, 2.0099318, 2.6749544, 0.33517957, 1.701503, 0.5628589, 0.6256309, 0.85402876, 1.9726803]
[3.656568, 3.790673, 4.7783666, 1.1158031, 3.9348993, 4.7696967, 2.5019548, 4.943177, 4.243783, 2.0050957]
[4.2527204, 3.6291676, 0.64463705, 4.9349127, 1.8469701, 3.0068026, 2.1159055, 3.5730622, 3.5493922, 4.605247]

[0.14600247, 1.1037991, 1.2513819, 0.9886828, 2.1187348, 0.80782056, 3.8265371]
[4.7478304, 4.8359933, 0.8909112, 3.020371, 0.10841489, 2.1935666, 4.540096]
[1.6330945, 0.697816, 1.858932, 0.15504986, 3.6896493, 1.7092953, 3.4324944]
[2.2027864, 2.2179995, 2.945305, 0.5968046, 3.420838, 1.7111871, 2.9460003]
[0.9657359, 0.18830419, 0.19505233, 0.32028288, 2.9844995, 1.2259024, 3.5041847]
[4.214197, 3.2519422, 3.4468389, 4.1541753, 1.5606904, 0.94209343, 3.72182]
[1.4371333, 2.8565369, 2.6988864, 1.646387, 1.7365375, 3.973301, 0.025902987]
[1.6001439, 4.811661, 3.2117114, 1.0546303, 4.5991592, 3.0240507, 2.0006676]
[0.8658293, 1.6892457, 1.3300133, 4.386734, 3.6781988, 0.07403195, 2.8329778]
[4.586498, 0.07861048, 0.37337124, 1.8453887, 4.2273254, 2.6240077, 4.5609837]

[0.89859873, 4.1808558, -0.5746593, 2.5740216, -0.13260819, 0.03706294, 3.5555315]
[1.2830299, 0.065554954, 0.45918214, 2.2644117, 4.336882, 4.029299, 0.75455433]
[4.094566, 1.822728, 1.1887368, 1.0829537, 0.28912497, 4.121914, 3.8444607]
[3.7836397, 2.8489122, 2.995281, 2.072625, -0.08227547, 1.1188111, 3.8102674]
[-0.09401852, 0.13662279, 2.0806227, 1.1222304, 4.002373, 3.641091, 3.7224538]
[1.4056543, 1.14916, 3.0893464, 0.032561064, 0.50913304, 0.5889553, -0.50818646]
[1.4072691, 4.008121, 2.5103188, 1.083243, 4.1623015, 1.8595195, 1.3169358]

 

Accuracy: 14.285715%