Final Weight Matrix:
[4.4509907, 3.6140647, 1.8606672, 3.007791, 0.6970966, 0.4193318, 1.4897442, 3.5417435, 0.32862067, 4.7677937]
[0.31085968, 0.78748345, 3.3963094, 1.3701081, 4.732458, 3.1128845, 3.6237712, 4.8022757, 1.6081343, 4.9899673]
[3.8311152, 4.479906, 3.04326, 1.7633438, 0.70174664, 4.2665577, 1.1834705, 0.3189504, 0.42321444, 1.2028795]
[0.32398164, 0.28561115, 1.0659146, 1.5654578, 0.8700484, 4.9897647, 2.4679492, 3.958959, 0.16884953, 4.74256]
[0.18791288, 0.5071074, 4.8469014, 4.6147213, 0.9153545, 2.7975776, 0.80308735, 4.985058, 1.8147159, 1.9289985]
[1.4069736, 0.3107521, 1.1745312, 4.4465623, 2.169843, 4.629796, 0.56936085, 1.7934418, 2.329512, 2.776922]
[1.4754238, 1.071166, 3.510324, 3.5735285, 3.9482691, 3.8318043, 4.180675, 3.8794425, 4.936355, 1.5223318]
[1.779089, 4.300601, 0.010484755, 1.2866352, 3.5664473, 4.103102, 4.506168, 1.5886178, 0.8897644, 2.9525363]

[3.1527734, 4.551756, 1.2183657, 3.0805743, 2.3765862, 1.7828236, 4.0960298]
[0.37163198, 0.369429, 4.5426235, 2.8052964, 1.2948391, 4.293417, 1.4922009]
[1.7785281, 2.104921, 4.306741, 0.4427457, 2.5334105, 3.9650152, 4.434466]
[1.900244, 4.5304337, 4.6605234, 2.2394829, 0.06665915, 3.921726, 3.072164]
[3.1675549, 1.9483981, 1.7127278, 3.1453238, 1.820398, 1.4559579, 0.62202185]
[0.45918822, 3.0537848, 1.7476255, 3.5848072, 2.781073, 0.083551705, 0.4820794]
[3.7896175, 3.9477184, 2.9191926, 1.2726293, 0.7068601, 3.6954343, 1.7185488]
[1.1680439, 1.3054719, 4.454933, 0.68220913, 3.875627, 2.557528, 4.8151474]
[1.0749915, 3.161054, 3.100238, 0.16454399, 2.8948402, 4.14192, 3.213682]
[3.6504083, 4.7051983, 4.2888536, 0.93735814, 3.9087045, 2.6322384, 2.8761134]

[-56.313286, -71.406296, -80.52176, -92.55301, -88.2547, 1.9064778, -57.490837, -85.95593, -44.999317, -97.419, -89.730804, -6.979095, -29.785883, 2.1792402, -64.63726, 2.8550086, 3.426967, 1.9110024, 3.1970022, -1.8228669, -9.272976, 3.8792427, 1.5271597, 3.188085, 2.5837398, 4.755963, 1.4459405, -10.114527]
[-48.61224, -66.22624, -75.51063, -81.87444, -80.11597, 3.5460525, -54.798424, -80.5966, -40.978645, -89.49487, -83.997536, -9.907486, -25.051823, 4.5940614, -60.67813, 1.1305993, 1.0469624, 2.1569815, -0.3657638, 2.4253044, -4.6479974, 1.0199999, 1.0192946, 3.0392923, 2.3157077, 0.7877139, 3.1681483, -13.74507]
[-48.41325, -68.81138, -73.45653, -85.87766, -81.59502, 0.6670851, -56.005913, -82.4273, -43.12954, -87.31589, -82.505775, -10.1955595, -24.820543, 3.4801986, -56.743195, 2.611945, 4.3504424, -0.2840952, 2.1852095, -0.60868883, -6.017895, 4.4229097, 2.527019, 0.73363525, 1.874819, 2.8146102, 1.9667145, -9.411183]
[-53.872715, -76.16248, -82.55213, -92.76893, -85.64087, 2.5017335, -58.34104, -86.702736, -46.515373, -99.09852, -88.59776, -10.627394, -28.272251, 1.1402227, -65.367096, 0.8137879, 2.925905, 3.1862164, 3.0333545, -1.0827752, -7.415241, 4.089812, 3.3181722, 3.3962898, 2.603656, 4.1340504, 2.805719, -10.966969]
[-50.77435, -69.483795, -77.28129, -88.144936, -84.63303, 1.9244262, -56.318027, -87.68323, -43.481297, -94.66447, -84.02313, -10.639933, -25.864483, 0.7243362, -59.79677, 3.4446306, 2.4655411, 0.29904518, 3.529537, 2.0853665, -8.970459, 1.6773868, 1.5030117, 0.6143438, 3.9663153, 4.3491197, 1.0077589, -10.671447]
[-51.81855, -67.28962, -75.63269, -82.23072, -77.31047, 4.3291616, -51.699783, -80.55123, -42.013027, -89.52016, -80.382576, -6.975679, -25.075357, 4.2319937, -57.426632, 3.2989802, 4.2645526, 3.1542993, 3.8237817, 2.2696536, -5.4907265, 2.1514914, 2.5053682, 1.1739647, 1.7711633, 3.7005098, 4.6674924, -11.142473]
[-49.27579, -69.86684, -78.518845, -84.54005, -79.35329, 0.3988513, -53.301994, -81.24844, -40.785122, -90.44168, -83.24655, -6.911538, -29.12849, 0.98237413, -60.628887, 0.4248064, 0.20534325, -0.12754086, 2.1060214, 2.6239088, -5.9454446, 0.728747, 2.071519, 3.6084046, 1.953066, 1.5470232, 2.6394687, -9.412235]

 

Accuracy: 5.980861%