Final Weight Matrix:
[0.009158254, 1.0481709, 1.1150336, 1.646266, 2.1540606, 1.4447254, 4.6634016, 2.6331236, 2.5808802, 4.734836]
[0.72849333, 2.2191563, 0.43174535, 0.348787, 1.0597, 2.4982812, 1.1248988, 4.037739, 2.0669918, 4.909243]
[1.3279992, 3.8469782, 1.830714, 2.7700753, 1.2662842, 0.38253456, 2.477378, 4.2247143, 4.128395, 2.8134794]
[3.2922888, 1.8696115, 3.3516667, 1.9026206, 0.5775219, 1.6618893, 2.9961948, 0.7048851, 4.576088, 2.2968152]
[3.711027, 0.83823323, 2.3608482, 3.9804955, 1.4924798, 4.3550043, 2.2238934, 3.4537723, 4.3981876, 4.926237]
[3.0456936, 1.6760331, 2.0533385, 0.017442107, 0.3235519, 4.8242326, 1.4382384, 2.9669144, 4.899136, 4.16489]
[2.4274282, 3.8779335, 0.051482916, 1.0176101, 1.5368783, 4.2706704, 1.0745046, 4.9410157, 3.582126, 1.7905917]
[2.9993267, 3.5695987, 3.539674, 4.4854155, 2.9676123, 1.2374046, 4.997605, 4.305745, 3.3312793, 4.8065615]
[3.6684797, 1.3844889, 3.718811, 3.5312703, 3.5855696, 0.15173376, 4.643849, 1.5271459, 2.7077856, 3.555343]
[3.2663016, 0.56873024, 1.6929984, 4.209036, 3.381212, 0.73210776, 3.8655093, 2.5707972, 0.7906899, 0.45297742]
[2.7811403, 4.672304, 1.7970437, 1.1421249, 1.990754, 0.14754266, 3.481604, 2.739325, 0.40613562, 3.5343812]
[4.7476454, 2.7834132, 3.1953206, 1.0006573, 1.30427, 0.41118264, 2.070018, 4.74608, 1.0513842, 2.4922495]

[3.696264, 4.5882626, 0.8472392, 4.072925, 4.3594894, 0.4064992, 1.7559042]
[0.79205036, 2.87354, 4.707039, 2.3920557, 3.6887965, 4.544733, 2.1208653]
[4.4172683, 0.23043007, 3.119804, 4.9471784, 3.061458, 0.7213831, 1.4716747]
[2.2263722, 4.414132, 1.9287205, 3.0486717, 0.34445494, 0.2747807, 0.57887733]
[0.14847994, 2.9312146, 1.3952432, 0.7927054, 1.0232697, 1.1774316, 3.7675488]
[1.8672464, 4.9007015, 0.53798646, 1.1900153, 0.56087434, 2.7686481, 3.7494442]
[1.1168215, 0.061603487, 0.34938604, 1.8298492, 0.89960843, 2.6252816, 0.03965527]
[0.16783893, 1.0546639, 3.8604755, 2.7525754, 0.38633972, 2.4299011, 2.3501418]
[1.9301059, 4.5870457, 0.849199, 2.6673412, 1.4430139, 2.0654254, 2.4279327]
[3.4345765, 1.4296114, 2.1174273, 3.6860049, 3.3557138, 1.1935248, 1.1393833]

[-6.932065, 4.6681137, 2.2091002, 3.5668921, 4.2420864, 3.6654038, 1.2953845, 1.5524328, 2.017428, 4.66297, 4.8143706, 4.790225, 0.90303427, 3.7148323, 1.4014086, 1.9442772, 0.4475868, 2.0124333, 0.58742464, 2.3225207, 0.10685902, 4.331531, 0.8990047, 1.5907172, 0.5536299, 6.228695E-4, 0.11989986, 4.225076, 3.7189176, 0.55026966, 2.4139292, 1.5826621, 1.2670032, 0.23711395, 4.242305, 1.2216951, 4.725979, 4.203625, 2.667727, 0.06716687, 0.6872548, 4.9252234, 1.126123, 4.224688, 4.1979837, 2.4581778, 2.051164, 2.8125703, 3.6827435, 1.8746533, 3.6359599, 3.405444, 3.5513628, 0.3174916, 4.1201797, 3.974081, 4.838899, 2.274331, 3.1250305, 2.8125927, 0.42359784, 1.0135256, 1.2620559, 3.7768219, 2.573467, 2.7758949, 0.08937743, 2.8511147, 0.7782028, 3.8039894, 2.692586, 0.668767, 1.5645719, 3.396674, 1.4659686, 4.8645387, 0.41702393, 3.577014, 1.4505204, 4.624846, 2.2936885, 0.6375618, 1.4711013, 1.5170308, 3.765875, 1.6707509, 1.4529095, 4.420891, -0.04742852, 1.5824438, 0.4273557, 0.029183839, 3.5809314, 0.0055679185, 2.2800827, 3.4591036, 0.13303114, 3.1231663, 0.41256922, 1.5455306, 4.8512597, 2.288268, 4.0182076, 0.792576, 3.3300629, 0.6163845, 2.266277, 4.87589, 2.8657653, 4.429877, 1.7714566, 2.6522522, 0.59398454, 2.5221627, 0.9509763, 0.0022028277, 4.908374, 4.643483, 1.9649457, 2.9606516, 2.6716049, 2.3394089, 3.3316767, 4.597109, 2.2443452, 0.7572083, 4.7317705, 2.3918087, 0.45073473, 4.052359, 0.6280716, 4.144085, 3.81177, 2.4726026, 4.631889, 4.456896, -0.030838495, 3.5307136, 4.1469445, 0.99542993, 0.5594887, 1.3240765, 3.219405, 4.704061, 0.918259, 0.20107444, 1.2976999, 2.7528927, 4.444942, 0.96878976, 2.3811545, 0.5587101, 3.5684974, 3.6075692, 3.107397, 4.6551185, 3.9102652, 3.4868536, 1.8353668, 2.4048533, 4.4901686, 2.4210076, 3.184638, 4.100298, 3.0846477, 3.849176, 1.0478225, 0.10559688, 3.5737665, 0.8826511, 3.9487455, 0.35064423, 0.04651248, 1.6867551, 0.5309488, 3.7274349, 4.9420867, 4.6439257, 3.345459, 2.7548692, 0.23087128, 2.3632188, 0.1104799, 2.1139708, 1.7530088, 1.396932, 2.748378, 1.559424, 4.474249, 2.7881782, 4.123479, 4.569513, 1.0347937, 0.79732776, 4.5012517, 4.0914497, 2.2266905, 0.77982527, 1.2109213, 1.9488752, 1.5477539, 0.571326, 2.794761, 4.587594, 4.2273135, 3.9565654, 4.088738, 1.6157178, 4.6504016, 1.0270494, 4.345636, 1.0375288, 0.23509024, 1.7109457, 1.4227568, 3.7571416, 0.115689576, 4.195996, 0.97748286, 2.0311177, 1.5182073, 4.0311, 4.361876, 0.78308296, 1.2019299, 4.6241674, 3.072036, 4.4686007, 4.423596, 4.7581596, 4.5845466, 1.4060638, 0.5284764, 1.4832708, -10.567192, -7.9673967, -10.73292, -6.8056602, -6.6633167, -9.475771, -9.962595, -9.527336, -10.219927, -7.8297796, -9.1126995, -7.5357437, -6.5748987, -8.911903, -7.3207035, -6.6189632, -6.483347]
[-9.969477, 3.3970091, 2.3555372, 1.5899663, 0.3117633, 1.5425271, 4.23543, 2.9145994, 1.0116631, 2.4117396, 1.1832768, 1.8988986, 1.8974357, 4.5334377, 2.2880156, 2.8465028, 3.4038398, 2.3012252, 0.049037073, 0.0693603, 2.4950845, 2.1551862, 3.450824, 2.8918157, 2.4220173, 2.3539405, 0.17233509, 0.2474304, 2.1090682, 2.6044145, 1.9291362, 0.46802977, 4.0786986, 1.5598152, 1.4039948, 1.7125577, 3.7361822, 3.2610843, 2.4579492, 3.2807918, 4.3474717, 3.3256052, 4.4450793, 2.4446476, 4.328469, 4.848042, 4.7229476, -0.04673959, 2.7347422, 1.8244414, 2.6749501, 3.2510214, -0.02787432, 4.2852006, 0.15260124, 4.603755, 1.4386853, 0.89435667, 4.5358157, 2.9631634, 3.4746997, 0.30026692, 1.1306555, 1.1122749, 2.7447014, 3.9960976, 4.2950416, 2.1870396, 1.9112209, 0.05260618, 1.3787818, 2.884836, 2.857773, -0.023752972, 3.3369417, 0.21990916, -0.035122633, 4.1128697, 3.7873201, 3.1750011, 4.0032997, 4.314381, 0.16359061, 4.173199, 1.1806644, 2.0682456, 1.4537653, 2.7851076, 0.38381723, 4.681652, 1.3016036, 3.7893438, 4.08779, 4.143474, 2.5227914, 4.932239, 2.14709, 1.2162168, 4.5083923, 3.2748885, 2.2823193, 2.0651293, 0.3997038, 1.1473858, 2.5445256, 1.0534422, 4.31283, 3.484782, 4.833723, 2.4320107, 2.7138793, 3.1185725, 3.5750065, 3.4327636, 3.4095678, 3.197682, 1.6073391, 1.6917082, 2.472811, 1.8798939, 2.9220548, 1.6969521, 4.655563, 3.7070346, 1.960354, 1.6170648, 2.7569678, 0.34185916, 1.5839161, 4.0335064, 3.8757699, 3.4825625, 0.19043706, 3.353769, 3.1389434, 3.780088, 0.8687376, 2.732176, 0.48471257, 3.018908, 1.4750841, 1.9863093, 4.166703, 0.26990893, 0.34649393, 0.37376243, 4.8156495, 1.3609909, 3.4808195, 3.62354, 1.8698025, 0.29158342, 4.482868, 4.548813, 1.9659212, 0.053872976, 0.8436045, 0.3182478, 1.8337346, 3.9830887, 4.6860795, 3.854619, 0.45048517, 1.2283388, 2.6299224, 0.91143364, 0.6765691, 0.09381294, 1.8605353, 4.262596, 2.7568023, 3.03276, 1.5338538, 4.3708577, 1.8946878, 2.6782784, 4.579676, 1.5375775, 3.3244631, 3.9725564, 3.0063987, 2.7827067, 3.2728107, 4.728256, 2.9322896, 3.938648, 1.0977743, 1.9141507, 2.739223, 2.1175654, 1.1932659, 3.142106, 0.19819157, 4.361373, 3.8948405, 1.2465488, 1.9058367, 1.3189753, 3.673246, 0.06861689, 0.3893432, 4.909854, 2.3805194, 1.9372371, 1.3823442, 1.3738623, 3.64814, 3.6793573, 3.739967, 4.24946, 2.8641775, 4.622157, 3.6807957, 3.6034544, 0.9659911, 0.18929824, 4.510654, 4.7705517, 0.3480441, 1.4489865, 4.7399225, 2.0446057, 0.019780556, 4.4131804, 1.1956394, 0.7018684, 4.937008, 1.8574646, 1.766789, 4.792636, 0.79527104, 2.9285867, 2.9116066, 4.8802934, -10.691991, -6.1511087, -8.020288, -7.6892805, -6.795847, -8.914901, -7.6345844, -9.622349, -9.135979, -9.000142, -8.084291, -8.37446, -6.2936087, -7.651305, -8.206933, -8.233058, -8.805188]
[-7.6531587, 2.6877077, 0.46193448, 2.2839363, 1.1378046, 0.14574108, 0.48322338, 3.0190327, 1.731604, 3.4638004, 1.8285482, 0.9678996, 0.322031, 2.2111378, 2.6362815, 4.410185, 0.37950096, 4.7427473, 4.554863, 2.9791045, 2.684809, 3.788777, 2.7219086, 1.4812609, 2.6206846, 2.298204, 4.5970616, 0.9212414, 0.101141915, 1.191626, 1.9353276, 1.6322199, 2.3319497, 4.0899796, 0.6919059, 2.0045357, 2.0997777, 2.3786058, 2.3032117, 3.2108352, 3.3448179, 4.2601323, 1.440859, 2.279548, 1.6213131, 3.6609938, 1.1711789, 4.1725817, 2.3812752, 3.1277409, 4.8788986, 2.0792675, 3.5452867, 4.3434396, 2.5086002, 4.292265, 4.207575, 0.42752084, 4.4448867, 4.1555047, -0.05580949, 2.5275943, 1.7443503, 4.6259103, 3.8640468, 3.1746716, 4.5934267, 4.2180467, 4.0185885, 0.3927445, 0.3906677, 0.3840434, 0.00655555, 0.8664789, 2.8972855, 3.93626, 2.7679052, 0.41252625, 0.6139879, 2.9812603, 2.0599535, 3.7506204, 0.17840782, 3.3216362, 4.250368, 0.9373678, 1.4588878, 2.3162706, 2.841136, 0.101467684, 4.4027796, 3.7818074, 1.0989774, 3.034614, 0.9383243, 0.052768614, 2.8119204, 4.463451, 3.687277, 4.160706, 0.27478307, 1.6026016, 2.505067, 3.387528, 4.8783393, 0.3405328, 3.4996905, 0.64558136, 3.1905987, 0.4164525, 0.10745445, 2.9108498, 0.695864, 3.1692395, 3.3679698, 0.73504376, 1.0513234, 1.0995489, 0.68641835, 0.48703948, 0.14128786, 3.04917, 2.0030143, 0.651218, 2.4148722, 3.7634227, 1.0454209, 2.1371512, 0.3279651, 4.227122, 3.2092466, 2.3594353, 3.43211, 1.8173325, 3.6152704, 1.4492034, 4.1381083, 0.90533274, 0.3267276, 0.015038544, 1.2335333, 1.6812938, 0.3299496, 2.1266108, 0.7113734, 0.96691567, 3.121449, 2.6833122, 2.1851604, -0.005465272, 1.3521749, 3.875148, 1.9425337, 3.353999, 1.7762526, 0.88582474, 4.5247498, 4.7260394, 0.76702476, 1.8486408, 3.7829835, 0.39938873, 1.6431805, 2.4178853, 4.018662, 2.5409145, 2.8968835, 0.13681318, 1.4168272, 0.22085343, 2.3043184, 1.612709, 1.8303634, 0.0425305, 0.94948846, 4.7913766, 4.238842, 1.3530133, 4.670642, 3.7096114, 0.751675, 1.2625906, 4.5378633, 0.92516494, 4.606123, 4.117469, 3.845409, 2.7926674, 4.319275, 3.1186655, 0.8402148, 2.9943786, 4.790817, 4.9429097, 3.518366, 0.29006538, 3.0807924, 3.2428482, 1.5358155, 0.05380994, 1.4992322, 3.6009696, 1.8981898, 0.06289881, 3.5152364, 0.12362802, 3.7872865, 1.4005859, 1.1545007, 3.7895622, 4.765444, 3.5157151, 2.597709, 0.013125073, 2.3846865, 0.20909123, 1.67985, 0.33165085, 3.358828, 3.8354104, 0.098133296, 1.0241127, 1.5514711, 4.9394608, 3.2208958, 4.7131004, 1.9634576, 1.1374209, 1.0056432, 3.1446264, 3.8128498, 4.8421264, 0.5829811, 4.66352, -9.347515, -7.13123, -9.159234, -7.548159, -10.6550665, -9.184256, -6.316854, -7.6071963, -7.7909064, -10.831504, -9.872071, -10.520457, -5.9358487, -7.688626, -7.5231795, -10.437655, -9.24835]
[-11.065539, 4.8664145, 1.1768715, 0.468807, 4.504383, 4.6421165, 0.15484543, 0.21718644, 2.1649354, 0.11115035, 3.030634, 3.935981, 1.7576513, 0.60433304, 0.9170165, 2.7680702, 3.6751153, 0.11046968, 4.5804057, 4.4863195, -0.0010023683, 1.3530984, 0.13575096, 4.877899, 1.8664948, 0.5719355, 0.43923947, 2.2709038, 0.8042629, 1.3335034, 4.08634, 1.8951985, 1.6669493, 0.20224681, 2.9317887, 2.8180418, 4.492137, 3.732144, 2.5406933, 2.944306, 3.8629336, 3.506479, 0.80351675, 1.5158346, 2.1817744, 0.15148722, 1.8074032, 1.916878, 2.025735, 4.70572, 0.17496663, 2.279889, 3.4129283, 3.4833963, 2.5736454, 0.28004983, 3.505577, 3.2263825, 1.1894193, 4.048924, 0.31181684, 1.3674799, 3.5597818, 3.8059955, 3.513591, 3.6101909, 0.9683107, 2.0457542, 1.4244273, 1.1442094, 3.352539, 0.7335369, 1.4666616, 2.7257473, 2.8526607, 2.0186965, 3.6696246, 4.4179316, 1.6362177, 2.1164293, 1.1202604, 4.549338, 0.72154754, 3.8864515, 2.128857, 1.0690023, 0.65543485, 4.6471434, 2.0067909, 3.1034057, 3.4316008, 2.6303148, 1.7403443, 1.286125, 1.4375718, 0.7621299, 4.2812448, 0.721399, 4.306675, 3.032954, 4.8848286, 1.3461227, 2.915097, 0.1450862, 0.050477862, 1.6289364, 3.725836, 1.6229652, 2.8416915, 2.0259078, 0.2345105, 1.8606199, 2.6930635, 0.09367465, 4.585497, 2.666691, 2.7106767, 1.1077288, 3.7401254, 0.5415956, 0.7747267, 3.5415602, 3.6504173, 3.3196633, 4.531854, 2.006744, 1.8997767, 1.2948507, 0.55921614, 1.6778383, 2.9939003, 0.64052796, 1.0523641, 3.8035152, 0.8457509, 1.729677, 0.372027, 4.064609, 2.018645, 2.010281, 4.770029, 0.18995629, 2.8203654, 1.038225, 1.4364667, 4.9399605, 0.6942584, 4.4363785, 3.640169, 1.514833, 1.4449996, 0.9851867, 3.324401, 3.2830772, 2.531364, 0.6240104, 3.1026971, 3.173708, 3.2530696, 4.497334, 2.1108854, 2.336234, 0.061277375, 0.49955592, 2.895857, 0.5445342, 0.8165644, 3.3361008, 2.6639225, 2.8193476, 3.8662558, 3.800898, 2.4545658, 2.4588523, 3.2920942, 2.4064627, 4.870769, 3.1151087, 2.8856974, 0.75263184, 3.5636222, 2.2773023, 0.5608608, 4.1179924, 1.0062817, 4.482166, 2.3536804, 4.2497573, 3.3373792, 2.6387799, 4.1443133, 3.02774, 4.533735, 4.227039, 1.5029546, 0.62843764, 4.5134277, 1.2673336, 2.1624312, 1.8071618, 1.3195415, 2.3177245, 3.3221865, 0.9759292, 3.5429406, 4.733716, 1.7472914, 1.6940339, 1.8628001, 1.7296379, 3.1868002, 3.740056, 4.902479, 1.3333621, 4.2327747, 2.0873792, 2.7197814, 0.7318933, 2.4906554, 2.1285024, 2.6376734, 0.5111034, 0.94782674, 0.95085096, 2.0463715, 4.3579307, 0.7773673, 0.14498428, 2.144763, 0.57546055, 0.7602616, 4.7402253, 2.7736762, 2.6094363, -11.1107435, -7.992355, -9.612669, -7.4356503, -6.053394, -7.355205, -8.154678, -6.2403636, -9.529217, -11.327352, -11.152687, -8.269049, -7.9407697, -9.19395, -6.7635703, -8.20855, -6.9441314]
[-8.349785, 1.0058297, 1.3396002, 3.869257, 3.9496827, 2.8479233, 4.160641, 2.0113618, 3.4061065, 4.3361163, 2.7695513, 1.6982346, 0.47285995, 4.094588, 2.1040049, 0.09420895, 3.1132965, 1.0433168, 2.2393403, 0.117058516, 2.6997144, 3.2899914, 1.6886425, 0.08367116, 0.29139426, 4.9263005, 3.8602386, 1.3819697, 4.2238407, 3.5487204, 3.2869487, 0.38970464, 1.1138469, 0.60484535, 1.5921714, 4.230593, 4.389856, 4.6022997, 3.3297818, 2.8358278, 2.0133715, 3.7748048, 2.9986334, 1.5832067, 3.7736247, 4.8145432, 1.6106069, 0.22870076, 0.67742455, 3.4187713, 0.6439805, 0.22204049, 2.2347367, 4.551642, 2.7247114, 2.5043144, 4.062283, 0.59368074, 1.5335566, 4.771296, 2.125696, 3.1016912, 1.5384797, 1.1741297, 0.29071364, 1.679341, 4.9286947, 0.43303177, 3.7646682, 2.4798317, 2.104857, 0.083056904, 1.462667, 3.266347, 1.7832985, 1.8525661, 3.6588461, 4.409026, 2.0466478, 4.5232925, 2.6451292, 0.552689, 1.8581249, 3.7471533, 0.7834647, 2.2862198, 3.4385085, 4.307138, 4.704238, 1.7495779, 0.57160604, 3.4120903, 4.8050914, 0.7141972, 4.934869, 3.1135361, 0.28594065, 1.2041382, 2.8652713, 0.10146465, -0.018002719, 2.3566155, 4.160309, 0.8635469, 0.89655685, 3.3958862, 0.4203491, 2.482478, 2.8996208, 3.3259697, 3.767849, 4.510934, 4.736759, 3.9970121, 1.888117, 1.0051535, 1.9226205, 2.1807942, 1.6945156, 3.174972, 4.039681, 3.2516146, 1.2157419, 1.4053587, 1.2036049, 2.7160032, 0.42337263, 4.6243944, 2.5236092, 3.647628, 3.212298, 1.1113126, 2.0312078, 1.4686177, 2.6156816, 1.3636762, 3.0711722, 4.328456, 0.19627163, 1.6925957, 4.61471, 3.9681036, 3.8818264, 2.187047, 2.854706, 3.4262156, 2.8344038, 3.8056142, 3.6601646, 4.1255784, 3.4366214, 3.8751664, 3.150092, 4.047955, 0.84430456, 1.9755037, 1.6642574, 2.3036041, -0.0073889345, 0.73427707, 2.9524002, 4.3997154, 3.8338661, 3.2664206, 4.502191, 4.5938077, 1.7120736, 0.6723534, 1.7084719, 4.2747693, 1.7707843, 0.2705196, 4.710246, 0.9097626, 0.84091663, 1.0235043, 2.9593456, 3.8690965, 2.8422067, 2.6800566, 3.8474097, 2.8030243, 0.91102177, 4.596902, 2.144748, 3.6472964, 2.3013709, 3.6367283, 1.4649382, 3.568769, 3.8447344, 3.0167394, 4.4243484, 4.87828, 4.516304, 4.447205, 4.478052, 1.9404498, 1.6323283, 2.8150642, 4.198016, 2.1318028, 4.025942, 2.9027295, 2.2488587, 1.0199982, 2.087546, 2.879088, 1.4999425, 1.1803057, 0.054173928, 4.216803, 4.196963, 2.150594, 4.4937444, 2.2718043, 1.3696816, 4.0200562, 2.9094706, 4.3845406, 3.6256049, 1.7234871, 3.5605726, 1.621111, 1.1560869, 0.34980223, 3.4381328, 2.305482, 3.2842307, 3.2577577, 3.9533885, 3.5538864, 1.9525754, 1.765132, -8.404192, -7.80899, -11.190128, -8.550877, -7.6097665, -7.9332604, -6.492431, -9.502165, -8.031758, -10.420925, -11.192001, -9.809615, -8.314077, -6.516066, -9.38281, -6.4871745, -5.8608947]
[-9.826004, 3.4516354, 3.1055098, 2.8290591, 1.9490346, 2.7133386, 4.7982645, 2.4324267, -0.09732, 0.5996264, 3.6921678, 0.1807375, 0.2310728, 0.9229914, 0.450463, 0.3371246, 1.1498228, 4.816209, 3.414236, 0.7623846, 2.6567988, 2.1963682, 3.7906768, 1.1985843, 0.6119429, 0.7981424, 3.4151778, 4.057735, 0.013261296, 0.18357472, 1.5181155, 1.0907985, 4.33443, 2.2477448, 2.1152613, 3.169115, 3.4326398, 0.060684267, 3.5651104, 1.9202173, 2.735492, 3.4383476, 0.111873135, 1.2884426, 2.0509806, 4.8013186, 4.003394, 0.73933125, -0.013961097, 3.9032755, 0.48423597, 1.6893752, 0.75379205, 2.0118551, 0.9653544, 4.447595, 3.5763667, 1.3709251, 3.273847, 0.65421295, 1.750376, 2.3366616, 2.690214, 2.1927357, 2.832283, 3.1096697, 2.5862708, 2.1671987, 2.9810152, 1.1465179, 2.3339055, 3.8417578, 3.9349265, 2.4834821, -0.040001743, 4.5461936, 2.2750354, 3.340073, 0.97448266, 0.42314824, 4.086147, 0.21187061, 1.4403591, 0.9941647, 2.1490731, 2.4144413, 4.5261292, 0.064240836, 4.780327, 4.059894, 0.5038102, 0.042338263, 2.4955828, 2.1637292, 4.40702, 4.3750253, 3.895971, 0.1378107, 1.2107201, 1.7201736, 0.51339996, 3.5799043, 4.606294, -0.007921375, 1.0613819, 3.302407, 0.119774796, 2.1338873, 1.8552071, 3.6594362, 3.8485358, 4.5947638, 1.9083323, 3.6597133, 2.0514114, 1.0832545, 0.092495196, 0.014706359, 3.4617922, 3.8246193, 3.2134008, 1.3865007, 1.5353293, 3.540749, 3.0512135, 4.1609764, 3.7378824, 3.8234944, 3.4840798, 0.4692826, 0.33718473, 3.9933507, 4.1497293, 1.7163333, 0.18891668, 3.1882746, 1.6480025, 4.898757, 3.735939, 2.006649, 4.926991, 0.96723986, 3.6239414, 4.2037435, 0.4792325, 2.4794235, 3.2195127, 4.77243, 1.1025841, 2.4664893, 0.27537453, 1.116273, 1.3333763, 4.6531973, 4.6816263, 2.1088228, 4.070501, 4.860981, 0.21062954, 0.9270425, 1.7254093, 4.680344, 2.767703, 1.8167403, 2.5155592, 1.2407893, 2.244208, 3.5294194, 4.635406, 3.153172, 1.3436445, 4.7626834, 4.917506, 2.966786, 2.0585039, 3.4744496, 4.2795873, 4.02717, 1.5448947, 4.4324684, 3.0693917, 4.671476, 2.2775836, 4.5020065, 1.929707, 3.2320418, 1.0418926, 4.453521, 4.3886547, 4.5308967, 0.5806218, 1.7709467, 3.5692756, 4.5693216, 1.2853004, 2.504662, 1.6867546, 2.3801665, 0.36319232, 2.9478288, 0.6741865, 1.6167904, 0.60480905, 3.823093, 3.3431926, 3.6225753, 2.3619342, 0.9137997, 0.72938275, 4.5291867, 0.5016756, 0.06873519, 4.201188, 0.81648296, 4.355483, 0.3441315, 4.938644, 2.476441, 0.21894015, 4.486888, 3.393705, 4.5158305, 3.9863245, 4.302384, 2.553325, 4.355099, 4.4324117, 0.86794996, 4.2561927, 1.3338364, 2.1746671, 4.6008406, 3.5979588, 2.165517, -11.088374, -10.320555, -7.586371, -10.708661, -8.985338, -9.897133, -10.624173, -7.4290595, -6.266936, -7.5340705, -11.202794, -6.2324557, -8.119487, -8.852752, -9.171675, -8.093045, -9.112439]
[-10.52672, 4.9008937, 3.819394, 0.060959917, 1.7245071, 0.10368631, 4.632865, 2.709543, 0.14337882, 3.028696, 0.35728884, 0.91967905, 0.3927401, 0.5700365, 3.0147076, 2.7939355, 3.6578045, 4.0895214, 4.8157463, 3.2686055, 1.0155154, 3.3393538, 2.0894601, 1.0765635, 2.463596, 3.1133776, 0.6929714, 4.12445, 2.3175619, 4.0515957, 2.0584295, 0.015771572, 0.0030450402, -0.04202513, 2.0619636, 2.4214857, 0.55588967, 2.9094942, 4.7925653, 1.1108228, 3.0704072, 1.8474003, 0.29711083, 1.9194121, 3.9754438, 3.4292352, 1.6150277, 0.098310426, 3.0164084, 2.635501, 4.296874, 4.0789533, 4.599098, 0.92243034, 0.3364183, 0.16885611, 2.3811047, 1.6247113, 3.4544322, 2.7985194, 2.1012654, 1.152416, 4.8062305, 2.1781683, 3.232241, 1.4937918, 1.3294655, 0.076043926, 0.9682293, 0.8658532, 2.5009391, 1.2649713, -0.011397953, 1.0498482, 2.5967665, 4.221828, 0.83271056, 3.6829867, 4.8373423, 4.47637, 2.6223514, 3.9591446, 4.917082, 3.0929956, 4.3617787, 3.019519, 4.1700573, 2.3383944, 2.2628844, 4.8015037, 2.847105, 1.1208414, 3.5148473, 0.8057116, 4.177251, 2.5302353, 0.36778164, 2.1764722, 4.5466757, 4.22144, 1.7508173, 3.1029084, 2.362004, 0.6512524, 2.3702939, 0.056382515, 3.2758934, 1.9506929, 4.7569404, 3.981813, 4.3406, 2.6621153, 3.572202, 3.3540316, 4.8854804, 0.13681625, 1.3831162, 0.61645114, 1.9588255, 4.0463963, 2.6127899, 2.2700353, 2.574461, 2.6972609, 4.383589, 3.8288982, 0.58753467, 0.19176258, 2.395408, 4.812375, 2.639001, 3.10894, 2.5282152, 4.449964, 1.3070704, 1.2618254, 3.897797, 4.565795, 1.8063476, 0.7455247, 1.36122, 2.5432744, 3.5427215, 3.3092318, 0.4697985, 0.031500816, 1.8813289, 4.3698664, 4.619583, 4.7650175, 4.0614996, 1.1103376, 3.8616533, 1.0743278, 4.67798, 1.6670113, 1.9009222, 2.4703896, 3.7948139, 4.7100344, 2.6930423, 0.9245713, 3.179222, 1.840444, 0.6876635, 0.428775, 3.2334752, 0.0305456, 1.2864916, 0.9219047, 1.2564249, 3.1367166, 2.2378297, 4.7618117, 0.44805166, 4.395151, 3.4452302, 4.706482, 3.436744, 4.233646, 1.17228, 4.943949, 3.325575, -0.0178203, 0.7720861, 0.77119994, 1.6827234, 1.9925394, 2.8203576, 2.318728, 1.1052898, 3.2406626, 0.24165928, 1.4471568, 3.206352, 0.8661696, 0.48726755, 1.8434813, 0.39012408, 4.1451325, 2.7968278, 0.06408908, 3.9968116, 0.11630588, 1.8990896, 2.7055576, 2.1273983, 3.2431722, 3.148012, 0.9124931, 2.3829448, 1.6806465, 4.9415746, 4.266304, 2.7565722, 4.737767, 0.6289226, 4.393221, 0.506711, 4.0030107, 2.752678, 3.3834949, 4.177919, 1.5484152, 2.2835238, 0.6193225, 2.7499945, 4.11501, 1.8932711, 3.6723335, 3.978358, 2.8960538, 1.7417376, 3.6375751, -7.7098346, -10.274577, -11.333656, -9.4366665, -6.380504, -9.466036, -9.216774, -10.124141, -11.058474, -8.044378, -10.224663, -6.8808722, -5.8819566, -8.51123, -8.101551, -7.957379, -6.7424912]

 

Accuracy: 67.30769%