Final Weight Matrix:
[4.8733306, 3.8365223, 1.2558335, 4.36247, 4.8150406, 1.937952, 4.6303067, 4.304054, 2.3908827, 0.3010428]
[1.4339259, 1.251334, 3.385168, 4.830613, 2.1214998, 1.0540253, 4.3596964, 1.445269, 3.0748818, 1.1607955]
[3.512864, 3.2787857, 0.8385524, 1.4366815, 3.7676346, 2.8346732, 4.247857, 3.8030071, 1.512332, 3.4498646]
[1.8006867, 1.7852592, 3.3223515, 0.31574786, 1.1373951, 3.9719627, 2.8718786, 1.6443577, 0.36015868, 0.43070436]
[4.15433, 0.49609363, 0.07625997, 0.664317, 0.6983784, 3.4599879, 4.1277347, 4.729549, 3.1510568, 2.221273]
[1.5631789, 2.5818315, 3.9367464, 0.002142489, 1.3102748, 1.5929389, 3.5550604, 3.624388, 2.4668167, 4.9441957]
[1.8941209, 1.236639, 1.0938785, 2.2976089, 1.9790345, 0.5596924, 4.7706213, 4.752874, 0.19707948, 1.3317666]
[3.0624838, 3.7121322, 4.9180393, 1.74815, 4.0227633, 3.3898008, 0.8150989, 1.3687807, 3.1545236, 1.4555699]
[4.171769, 3.7606997, 3.1212006, 1.7091582, 0.19459844, 1.1135131, 4.329173, 0.920673, 3.329144, 0.04409522]
[2.185973, 3.5861301, 4.8652964, 3.6364741, 0.9389213, 4.540092, 1.6129825, 2.5545337, 3.0491579, 4.2234483]
[3.1042304, 4.444816, 1.7866504, 3.1515777, 1.934273, 2.2058897, 2.327476, 4.3847046, 4.3726897, 0.4467389]
[2.9830985, 0.82695156, 1.9635723, 0.26222616, 0.13337195, 1.1228204, 0.27742594, 3.5074022, 3.0145216, 1.0696596]

[0.39131016, 2.008352, 2.227447, 4.502722, 1.7499032, 3.5751393, 3.880575]
[2.857017, 0.31929553, 1.5175476, 1.8184632, 3.279202, 1.9859755, 2.3577335]
[3.7688754, 2.6057844, 2.9024706, 2.1021852, 3.276684, 0.484083, 3.443259]
[0.3107521, 3.495395, 2.7735133, 1.942972, 1.0808146, 3.7421603, 2.4012442]
[4.8546104, 2.2634125, 0.858798, 4.473124, 4.1278105, 4.824396, 4.98162]
[1.4637091, 0.7834947, 0.35216928, 4.1320076, 0.17448813, 4.9969964, 0.65470725]
[1.8759606, 0.19392937, 1.7206624, 2.0582018, 3.145753, 3.2943063, 2.5306842]
[1.0595536, 0.6048912, 4.4265437, 2.1014404, 1.0521982, 3.8065286, 4.234377]
[3.4519336, 2.8622627, 3.9361155, 4.7023215, 1.9090724, 4.2383146, 4.435354]
[2.218377, 1.9559246, 4.4370503, 3.0234954, 4.902653, 4.721926, 4.8589096]

[-6.344821, 3.9984798, 1.495322, 2.7463489, 4.720865, 1.8608727, 1.1063777, 3.7215583, 3.2301488, 0.10426352, 3.4408214, 4.348977, 1.036, 4.2395573, 1.6487467, 3.9989128, 4.58397, 2.752609, 2.7773983, 3.755459, 1.6367657, 1.8276705, 1.6528436, 2.7985232, 0.91781735, 1.9135315, 0.86371315, 2.8751435, 3.3528101, 1.194302, 4.357098, 4.0619617, 1.8260636, 1.1843448, 1.587709, 0.3158017, 1.8632845, 0.035430945, 4.1542544, 0.9799592, 0.15303573, 4.5046, 4.2212887, 0.90388566, 1.301913, 0.7849986, 3.2971592, 3.3048398, 2.3125935, 4.806318, 3.893319, 2.5076928, 0.59265983, 0.58331376, 4.532901, 1.448379, 3.2213778, 3.6845891, 2.349333, 1.7156756, 2.068421, 1.3427123, 0.73835444, 2.5579662, 2.9911876, 2.1877275, 2.449938, 1.4685081, 4.4048967, 4.4580736, 4.8479834, 0.63146466, 4.6302876, 0.77790064, 1.3697381, 4.84064, 0.3361668, 0.21726371, 0.05453322, 0.073526405, 2.5824707, 0.57459795, 4.020099, 4.1881685, 0.82913893, 2.1478992, 4.053167, 3.4436758, 4.487189, 0.15598579, 2.4956143, 0.263702, 1.2062765, 0.8406152, 2.858998, 2.9352086, 1.1008095, 0.015466366, 3.9206274, 3.8715112, 1.4786018, 1.1158433, 4.367591, 0.28404838, 0.2669358, 4.1547456, 3.6365097, 3.969957, 1.8941643, 4.849048, 1.3199687, 2.6017714, 4.886683, 3.744294, 1.4419708, 1.024026, 2.093887, 0.0142146805, 2.940891, 4.8464737, 0.45342115, 0.15066136, 0.69253623, 2.057711, 1.2086323, 4.1530967, 4.283882, 3.4625309, 2.5788298, 3.930949, 3.5296984, 0.3540142, 4.165934, 2.672301, 1.3420401, 0.7012865, 0.39768898, 2.4615357, 0.4952556, 2.0820386, 2.5890813, 4.169073, 1.961633, 4.3909583, 2.3768723, 2.9497612, 4.1293797, 0.14489591, 4.2147374, 1.1846796, 4.3989725, 4.531483, 1.4350019, 2.0692651, 3.7665067, 1.275389, 1.1201017, 0.6572575, 0.4957595, 4.842711, 2.447846, 1.7043061, -3.5746937, -4.572122, -3.5996768, -2.8752134, -2.0619721, -6.1676173, -5.975947, -2.0507028, -4.0852757, -4.154381, -2.444176, -2.9817636, -3.1929517, -3.6566973, -4.227716, -4.071935, -6.812439, -5.9300275, -4.676687, -3.051999, -5.555371, -4.451511, -5.0006013, -1.4538827, -3.6941059, -4.866446, -3.5828476, -1.2772751, -2.0829182, -3.040618, -4.5748267, -4.3826027, -2.5696924, -2.8531678, -6.7149477, -3.9472961, -6.775511, -5.361401, -5.0981617, -5.969896, -5.396184, -4.4377728, -4.364196, -6.843887, -6.3123755, -6.1014376, -3.5744193, -4.9749107, -3.4285533, -2.0584326, -5.012645, -5.7020974, -6.676122, -3.6260302, -3.2114966, -3.8042643, -3.3807569, -3.9608285, -5.3711734, -3.9366486, -2.0379517, -5.895552, -3.4189577, -3.6219554, -1.7941399, -2.7220147, -4.0982876, -5.637599, -4.0721164, -6.7669134, -1.6578971, -2.200786, -5.140657, -2.2637901, -2.232119, -4.8914137, -3.6762512, -2.4491215, -3.1619244, -6.507127, -5.2765927, -2.8327188, -2.6054175, -4.2821326, -2.213755, -2.1442578, -1.6157974, -3.996265, -4.330741]
[-1.9306265, 4.340835, 3.4902122, 3.5854514, 1.0365595, 3.356002, 0.22510587, 4.6704097, 3.44928, 3.0475292, 0.071986035, 4.708345, 4.510825, 3.4694247, 4.791655, 1.2628073, 0.80539596, 3.1990862, 4.34182, 0.9265298, 1.3553919, 0.9750499, 3.8033762, 0.22501393, 2.9654086, 0.64050645, 4.1977777, 1.7496843, 3.6633828, 3.368398, 3.203426, 3.9715223, 0.91150814, 0.188074, 1.602466, 4.533554, 1.0215105, 2.8576314, 4.238339, 1.5432682, 1.9206799, 0.05152511, 1.959135, 3.6133468, 0.5793965, 3.851309, 4.3800898, 0.10587117, 2.0008278, 4.6604247, 2.878808, 2.0588126, 1.076962, 4.167466, 3.0214627, 2.2335072, 4.654653, 3.3318915, 3.2509515, 2.985906, 1.9510322, 3.365205, 3.577784, 1.8743535, 1.6564274, 3.4649305, 3.4613602, 2.3732018, 1.8947849, 0.3466685, 1.559948, 2.4685397, 4.557692, 0.56512964, 1.4119886, 0.50679415, 4.6728435, 1.519768, 3.7279546, 2.4563127, 0.18916555, 3.1300983, 0.95742244, 3.8939395, 4.2228208, 0.21869965, 4.1915436, 4.762397, 3.1208806, 4.34352, 2.1905556, 0.21688122, 1.1070623, 2.2839053, 0.18164559, 1.2949269, 0.86371183, 3.2736487, 1.243266, 2.8280962, 3.4508665, 2.4474003, 3.0894992, 4.9180183, 1.9124769, 3.82183, 1.6234913, 4.169642, 1.7058185, 0.80920404, 1.1767888, 1.0310484, 2.2720928, 4.0689383, 2.7836788, 4.6763353, 4.5214376, 3.6162996, 4.5070257, 1.6699597, 1.4158913, 0.61686724, 4.7474494, 4.1096945, 0.61690336, 2.593968, 4.9077992, 1.9367794, 1.1734048, 1.9695302, 0.2512258, 2.29421, 1.3563579, 2.2553692, 3.646907, 2.4138124, 2.4136224, 1.8456143, 3.1135137, 4.6242433, 1.7092423, 0.029745273, 0.21456978, 0.7575912, 4.0528235, 3.9101458, 3.3313136, 0.3790885, 0.9647748, 4.477993, 4.457408, 2.3811953, 1.3720583, 0.83133614, 0.4874279, 3.0777228, 2.0579293, 2.6088996, 4.5037303, 2.4923658, 2.1179345, 1.5945961, -3.5443592, -4.1413164, -2.9527745, -3.4521513, -6.3701506, -5.5445952, -4.0508275, -3.127536, -4.4611945, -3.772241, -2.4503639, -3.5719988, -3.5111077, -2.133235, -6.0824594, -3.1416438, -6.627487, -3.2743304, -5.712456, -3.0211942, -2.2084465, -4.2020216, -3.709188, -4.6666584, -6.621136, -6.8177476, -5.5040154, -1.3007772, -4.54713, -3.7808466, -5.375143, -6.49611, -3.257012, -1.6317883, -3.7737095, -6.554083, -5.2592816, -5.791979, -1.9940792, -4.210128, -4.9750643, -5.1449823, -4.1359954, -6.096893, -2.2954712, -4.555588, -4.4152975, -2.358109, -4.723035, -4.338072, -5.467236, -5.7046213, -2.6199853, -1.901797, -5.774118, -6.6568913, -6.0034504, -7.0210586, -3.6455088, -2.8471644, -6.815594, -3.540401, -5.0018053, -4.5216346, -5.7044654, -3.8956156, -5.4874687, -3.0884194, -3.5879533, -4.9707246, -1.5082525, -3.037169, -4.360218, -3.3328679, -5.639109, -6.1456842, -2.85437, -1.680347, -2.2337084, -5.813142, -4.098533, -5.4440436, -5.6684484, -2.7798502, -6.7782264, -5.2769146, -4.7886143, -2.6465738, -2.6450763]
[-2.3635662, 3.8820865, 2.317073, 2.6147254, 4.06096, 4.744376, 1.2631752, 0.02598445, 3.3212903, 1.4456166, 2.4356093, 1.7889968, 3.681254, 3.618651, 1.6646649, 4.041237, 0.4646076, 0.8568217, 3.9841242, 0.4446422, 2.7008371, 3.743938, 2.1225855, 4.108431, 1.1742177, 4.732463, 4.2222013, 0.870636, 0.054329574, 4.376368, 4.4286923, 1.8628063, 0.115854174, 4.3012853, 1.0642697, 1.7261152, 3.2522526, 0.5628415, 2.828215, 1.1454532, 1.7015252, 2.1942658, 0.8509699, 0.13722615, 4.800682, 3.072007, 2.6948614, 4.30969, 0.89331657, 4.4142146, 0.33788282, 0.38333905, 1.3565212, 4.9353843, 0.46350214, 3.2317278, 2.6742616, 3.9501843, 1.6949722, 2.181308, 1.806208, 1.8827248, 0.4437511, 4.262152, 1.9363983, 3.2373655, 1.628752, 4.1964192, 2.0271094, 0.5419748, 2.2546084, 1.1168523, 1.9405988, 3.6788306, 2.5126832, 4.2957, 1.0934482, 3.271463, 3.9555137, 3.7630055, 3.1452682, 0.00870904, 4.0068064, 1.6505251, 2.471595, 1.8697426, 3.1351695, 3.1106238, 3.7394528, 0.6362198, 0.6821632, 3.4729486, 3.7115836, 3.78917, 2.1464932, 4.2940335, 1.0498585, 0.9232477, 4.291337, 3.1963298, 4.911025, 4.4558835, 4.1736674, 4.4137635, 3.652227, 1.7959996, 4.133234, 3.0735672, 3.6367397, 2.309988, 1.013416, 0.101684704, 0.890505, 2.786245, 3.768612, 2.5621266, 3.883217, 4.624688, 1.3919147, 3.8829198, 4.0558114, 1.086141, 2.2273498, 3.8878531, 1.7940329, 1.8233734, 0.6380205, 1.3781435, 3.9350057, 1.3621626, 2.8099406, 3.6753566, 3.7152593, 0.9466097, 2.3442566, 4.1683917, 4.2195563, 4.8167796, 2.8458197, 3.6845605, 4.062314, 0.20117827, 4.392274, 0.2866173, 3.965003, 1.3149531, 3.1767519, 0.3090313, 3.4008167, 0.9831021, 1.8338438, 1.0725023, 4.5662923, 3.1415625, 1.4478523, 0.39667475, 4.778363, 1.6133423, 1.4446388, 4.3315387, 3.3991024, 0.9787078, -2.356757, -4.675121, -4.3151507, -3.3826857, -3.7913241, -2.0380723, -5.4528155, -1.961062, -2.703607, -6.347513, -5.074944, -5.2791595, -2.061828, -4.0563526, -6.0161414, -5.3264728, -5.914719, -6.264268, -2.0707777, -2.1280296, -5.2409635, -5.6756434, -2.5510392, -2.24177, -5.5390215, -6.450891, -2.2102728, -1.8277544, -4.548005, -6.54936, -3.7029512, -5.949853, -5.397179, -2.6820748, -3.9176283, -5.149636, -4.4856505, -3.6802764, -2.4018962, -3.9963574, -5.498752, -2.011034, -3.391381, -3.201621, -3.4932783, -2.4250019, -6.335318, -6.42285, -6.206257, -5.6551833, -5.451493, -6.4178877, -2.6146631, -5.066053, -6.241526, -6.8264856, -5.7114058, -5.5722146, -4.1187296, -2.2017496, -4.341313, -5.101237, -4.6366277, -6.267489, -2.1838512, -6.3469405, -4.750361, -2.7385056, -3.957297, -3.6327384, -4.9562187, -5.879339, -2.4620624, -4.49562, -4.568772, -2.6945968, -4.773988, -2.9513333, -5.9634247, -4.1425214, -6.7935247, -5.0643015, -5.3734236, -5.4785357, -5.3596, -6.0937543, -1.3904874, -6.591028, -6.1446023]
[-1.7427659, 3.853632, 4.4492283, 3.0903187, 0.79939806, 2.7964168, 4.7498584, 0.8479911, 1.5739052, 4.2224774, 4.898437, 3.2489543, 1.4916478, 3.5629404, 4.75556, 0.93650454, 4.3356524, 1.2006818, 2.8923836, 2.8714187, 1.5379183, 0.63123965, 1.26777, 2.0749745, 2.291108, 0.63749504, 1.8336807, 3.7572598, 2.0762393, 3.6553535, 3.4394972, -0.031320933, 1.2811546, 4.059191, 4.147449, 2.1499736, 0.12464241, 3.644254, 1.981628, 4.1798706, 2.878309, 0.4110608, 3.465853, 2.8265562, 3.6629012, -0.01204496, 2.6024902, 3.085082, 0.94508106, 1.7113116, 3.4210327, 1.208167, 2.0239754, 4.720402, 1.9042209, 3.090842, 3.874993, 3.3322434, 4.276571, 1.571254, 1.2402072, 0.08987785, 4.46682, 4.818262, 3.4887714, 1.9193852, 0.5780275, 1.6068004, 1.5923903, -0.045387715, 1.6595452, 1.1661808, 0.52950764, 2.9319434, 2.5195208, 4.63351, 0.7737495, 3.9588833, 0.87077606, 4.1538887, 1.1186998, 3.5108786, 0.208084, 0.17724901, 2.1466928, 0.9271259, 0.9765463, 2.8503625, 1.7932796, 3.6469889, 1.0431376, 2.7174919, 2.9554224, 3.9441364, 1.8585353, 1.8848654, 0.7856878, 4.838414, 0.6728639, 4.4804955, 2.6315794, -0.0047193663, 2.4742036, 2.9934652, 3.6730175, 1.3296208, 3.0674365, 2.0174286, 0.44812042, 0.8977866, 0.49689147, 2.0406587, 1.8709893, 2.0544102, 3.4279869, 2.9605181, 1.3950647, 0.3733468, 1.9075351, 3.6649122, 1.186711, 0.7541803, 4.0312138, 3.3489435, 2.2650301, 3.9231696, 1.5217093, 0.5228836, 2.6517558, 2.4493597, 2.7115376, 2.9249966, 3.7744782, 3.9552724, 3.8864093, 4.240318, 0.2081265, 1.3329687, 1.6917028, 0.13935442, 0.64403087, 2.3439903, 2.593965, 0.27991927, 4.2364435, 4.20671, 0.758514, 1.0423917, 1.7417063, 1.1483606, 1.0830386, 4.4191847, 1.0647221, 2.8005164, 3.0987182, 0.52351826, 0.4702721, 4.764904, 3.3978944, 3.8167956, 2.217903, 0.2751828, -6.414858, -4.170678, -1.572862, -3.2821598, -1.9825464, -5.1277285, -4.424127, -1.7194932, -3.4429128, -6.678938, -6.070785, -5.433515, -2.8943217, -1.7256248, -4.273619, -6.4985347, -5.170737, -6.139292, -3.909618, -2.7809732, -5.4460897, -1.6281288, -1.8916906, -3.3580706, -5.9606776, -3.1368659, -3.3174174, -4.4619517, -3.06606, -5.4379873, -2.101339, -6.0129824, -6.2662477, -4.856013, -5.057352, -4.5724335, -6.8921003, -6.843299, -6.591447, -5.577201, -6.068496, -2.890852, -6.3366904, -5.714845, -3.2424593, -3.9863892, -6.86866, -6.7529683, -3.4425428, -6.3811975, -3.4611695, -6.82062, -6.9061604, -2.0619967, -2.7552636, -3.497097, -4.689594, -4.116864, -5.422097, -3.0921283, -6.6308684, -5.68512, -4.23286, -6.896673, -6.293772, -5.221124, -3.8779376, -5.165331, -3.3555632, -3.054859, -1.5333171, -2.9831147, -4.6340365, -1.0603019, -3.1764467, -6.5744658, -6.335372, -2.1648576, -5.1348915, -2.1404934, -3.2707279, -5.294796, -6.37106, -6.2968364, -6.601486, -1.7639477, -6.0308037, -6.6242423, -3.4118056]
[-1.5601727, 0.8703014, 0.5037879, 3.2461824, 3.8040364, 0.35113493, 0.1503069, 1.0836196, 4.5223055, 0.07961329, 2.3559256, 4.8389525, 4.1320252, 3.3492134, 2.1302192, 2.2400897, 2.457398, 1.600941, 0.4087668, 0.9997828, 3.2493572, 3.9042873, 2.3015435, 1.9971987, 4.1018686, 1.0988026, 2.7802587, 1.5445083, 0.86843115, 3.013017, 2.3068469, 3.109422, 1.791668, 2.1223297, 3.8636346, 4.317379, 4.8551774, 1.8509442, 4.5937014, 1.0896221, 3.8011148, 4.1400394, 2.3539195, 2.6364007, 4.031344, 3.2216434, 4.142988, 2.200667, 4.790841, 2.3981028, 0.70497257, 1.7002549, 3.1329486, 2.4660182, 1.0001122, 1.9360079, 2.7723641, 3.9920063, 4.469359, 2.7030926, 1.9429709, 1.7772901, 1.2201822, 2.290421, 4.242716, 4.6741867, 4.1272483, 1.136127, 0.02024494, 0.76239544, 3.1553276, 2.8794587, 2.6912072, 1.2126092, 4.3672495, 0.51652044, 1.9165727, 2.1335866, 2.3122258, 0.7869504, 0.22022344, 1.4191917, 0.7161754, 3.9824896, 1.8710109, 4.6247835, 3.9116697, 0.24658991, 1.2312955, 4.2414117, 3.5316563, 0.24968499, 0.92765814, 0.10375315, 3.6522288, 4.4867463, 3.3037705, 3.3646598, 4.3408794, 4.556691, 3.9981306, 4.211946, 3.90956, 2.1472044, 3.2776558, 2.4955668, 4.8898916, 0.26607946, 3.273333, 3.8566012, 1.7484384, 0.9109096, 4.265498, 0.096199624, 3.4202623, 2.7930982, 4.6138196, 1.1758596, 1.7709197, 4.0903893, 1.5380856, 0.50409496, 0.66377825, 3.9298081, 2.6750147, 1.793649, 1.2985485, 2.235649, 4.0867233, 1.9709454, 4.829078, 2.2444563, 1.1618719, 0.42005965, 1.3928717, 1.5771114, 0.58514756, 0.07626455, 0.71990836, 3.2437363, 3.0307384, 4.193443, 3.9348683, 4.0269613, 3.0816813, 3.2202542, 2.8407657, 2.2554445, 3.6616845, 3.4190013, 3.8043423, 4.7230887, 3.6655545, 3.3410714, 0.7796957, 2.188279, 1.6744258, 0.7648879, -0.007765284, 2.5075321, 4.443758, 2.4511049, -3.6632955, -2.060356, -5.798629, -3.1074128, -5.8548613, -4.9783015, -3.3976555, -4.8736577, -5.696883, -3.791419, -3.303403, -4.2664814, -5.2060237, -1.5697366, -2.9946554, -3.749436, -5.0975885, -6.264246, -2.6264079, -2.9376838, -1.7546151, -2.640764, -3.1899877, -2.5440297, -5.8951435, -6.673032, -6.6863785, -3.6906838, -5.991007, -3.1025524, -3.832618, -4.7958612, -6.685035, -4.6349244, -4.328036, -5.04767, -2.452615, -5.240236, -1.9154191, -2.2391536, -5.4357944, -4.726519, -3.4989724, -6.241919, -5.700026, -3.2959828, -6.2136936, -4.2333927, -3.352456, -5.002842, -5.4911013, -6.48908, -5.0588665, -4.815697, -5.662532, -4.3900614, -4.013607, -4.2791467, -6.557708, -3.633028, -6.581854, -5.4820743, -3.7244601, -5.964967, -3.3873713, -4.0787826, -2.1440651, -6.137951, -4.653271, -5.4088225, -1.2079717, -4.235715, -6.338962, -2.8068953, -2.425666, -4.4979186, -4.752654, -2.8445818, -3.9667668, -6.275918, -3.4748826, -4.8238964, -4.5599294, -2.3477366, -6.889536, -5.401315, -2.3929863, -3.6647499, -6.139926]
[-2.059749, 3.037518, 2.2059784, 3.1532993, 1.214125, 1.3606962, 2.200425, 3.8968525, 2.1841989, 4.505368, 1.1393342, 1.172364, 4.162332, 2.213746, 1.7328578, 1.0061369, 2.583266, 1.9054723, 4.9130616, 3.2166238, 1.9065629, 3.4783561, -0.0026970021, 1.3727028, 1.529285, 4.3898883, 1.9441444, -0.009074574, 2.7350354, 2.91521, 2.2667642, 4.8004403, 4.536988, 4.3230395, 2.7337515, 3.7380207, -0.024721239, 2.702131, 3.4622922, 1.519758, 2.487211, 1.4823923, 3.8662107, 4.5616174, 1.6567227, 4.4650254, 3.9609835, 4.4023523, 0.8102942, 3.0716612, 0.97223824, 0.082205825, 0.2579409, 1.6164347, -0.006416418, 2.305352, 3.390748, 0.87696284, 3.743919, 4.7618546, 1.6886524, 0.30383793, 3.040441, 0.6600469, 1.6756185, 3.0845442, 1.6014909, 4.883109, 3.6764824, 3.1486778, 4.8574653, 4.440461, 3.5213273, 0.38983107, 0.4201123, 2.425835, 1.7064836, 0.5314927, 2.1001117, 1.2626795, 4.5928693, 0.57720006, 3.2797, 0.4584976, 2.6001527, 2.5536206, 4.574243, 2.0778048, 1.1029496, 4.157275, 4.0220566, 0.46211982, 0.6261194, 0.48526633, 4.8132076, 2.2039073, 3.86977, 3.1843805, 1.2265265, 0.5316996, 4.601227, 0.33743027, 3.7893999, 0.23499432, 4.523333, 4.4111505, 2.5651593, 3.5004613, 0.48168376, 2.158698, 0.29370117, 2.950662, 3.7126276, 2.3985093, 3.7491236, 0.5942009, 4.3814826, 2.7152214, 4.760293, 3.3614247, 2.5825264, 2.8135374, 2.4783673, 3.9972506, 3.5255084, 0.64845914, 2.6700206, 2.0005755, 0.18426757, 0.88220227, 0.93305594, 1.1336384, 4.70202, 2.4026945, 1.4465506, 3.4318123, 1.9287131, 4.674839, 0.67072433, 4.016138, 2.9225502, 4.0830994, 2.654723, 0.78575504, 2.466117, 3.3696952, 1.1638651, 4.4961486, 3.8689463, 3.8648322, 4.189581, 0.7989856, 0.17828241, 0.26323676, 2.263223, 4.053701, 1.3131409, 1.7567605, 4.2578554, 0.3039169, 0.41129562, 1.1924479, -3.9348273, -3.939634, -3.1642613, -3.0692217, -5.900471, -3.7891228, -1.7782831, -2.033712, -2.3736932, -5.165913, -5.7827067, -5.2732267, -5.73101, -5.6570406, -5.159002, -5.0047283, -3.682125, -2.93558, -2.724476, -6.257369, -5.1618867, -5.0581346, -6.4289603, -1.8367786, -5.7989397, -3.2943296, -6.6541934, -3.0226123, -5.2935586, -5.9884553, -4.094267, -6.503367, -3.8644812, -3.2388191, -6.618963, -4.574068, -5.176213, -5.473725, -4.6790886, -3.462989, -5.383313, -4.7192802, -6.73352, -5.2795105, -3.673882, -6.3269486, -2.3486521, -3.6445374, -5.5384736, -5.5793176, -6.1916294, -6.7465, -5.0463424, -2.3551812, -2.9747274, -3.1637712, -3.82259, -6.2940936, -5.805692, -5.208726, -2.7849963, -6.8317814, -6.230812, -5.1452336, -2.9511623, -4.4858966, -6.4789057, -2.564693, -5.142748, -1.8479959, -1.0887325, -1.9264832, -4.9522, -1.3544531, -5.9674025, -3.6694067, -6.107922, -3.7944608, -3.0997434, -2.4447062, -6.6753135, -3.1681755, -2.0551753, -4.7242575, -1.9122554, -3.196272, -2.8642778, -4.1377645, -3.292068]
[-5.0992627, 3.2935338, 0.99829835, 3.7663314, 4.32989, 3.0873234, 2.9704616, 4.5791698, 0.7942989, 1.5013517, 4.578183, 4.6821485, 3.9328005, 3.731283, 4.0975947, 1.6589968, 2.8856053, 1.2772461, 4.6215224, 2.1227107, 4.6708646, 1.9081396, 4.0694413, 1.6253599, 4.2440295, 1.7846123, 3.3607044, 2.7895536, 0.3710076, 4.008172, 0.23612802, 0.31452608, -0.036774293, 2.9886703, 1.9841509, 0.034454703, 4.9039273, 0.18956447, 2.2144172, 4.024262, 0.50598794, 4.1666446, 0.7257734, 0.64388716, 0.56390715, 0.5932055, 3.4597065, 3.0921822, 2.370223, 4.937063, 4.7998776, 4.486139, 1.0604638, 4.898363, 4.8878675, 0.9543339, 0.827893, 2.0629601, 3.9853973, 3.4947336, 0.17340063, 1.0011793, 2.492409, 2.5635452, 3.443885, 4.8552504, 2.476321, 0.89151627, 4.7012773, 3.9116352, 4.2433743, 1.41057, 4.03554, 0.6155678, 1.35254, 1.7243401, 0.5394703, 2.1075714, 0.62664646, 1.4820622, 2.5218744, 0.7350154, 3.1269562, 1.2014552, 0.4823511, 0.65210706, 0.60785604, 2.797453, 0.25348908, 4.2292233, 3.8243275, 4.2647805, 0.60946643, 2.8786137, 1.4611332, 0.17233159, 0.33169588, 0.904261, 2.675794, 0.6609097, 4.768294, 1.2024866, 1.629316, 3.4983807, 2.7251632, 4.3855658, 3.2847152, 0.27014306, 2.4050214, 1.6775019, 2.7415729, 0.38294485, 2.9869652, 1.8304954, 1.4248681, 3.564576, 0.77768075, 2.128735, 0.026008485, 1.1076405, 0.46655238, 2.0176337, 3.506898, 1.4858146, 1.0966774, 4.473323, 0.19115667, 2.0555973, 4.559933, 1.616829, 1.1740264, 3.2511308, 1.7952579, 3.4662526, 0.75741583, 1.971356, 1.8871266, 0.65361506, 1.7484586, 4.0519023, 2.4643745, 1.5476753, 4.4385734, 0.72906446, 3.0813124, 3.2932777, 1.145459, 3.1211698, 0.7073782, 2.6173909, 2.4255934, 2.5385215, 4.8145223, 2.4260013, 0.14595492, 4.621096, 0.21877445, 1.5633296, 0.5259026, 4.7307167, 1.405227, 3.3293912, -4.15, -4.6376734, -1.3844013, -5.2883024, -4.148514, -1.8193252, -6.6241536, -5.4010687, -4.3838124, -4.77312, -1.6461937, -3.61469, -6.0639997, -4.2251987, -6.159728, -4.6791244, -4.982107, -4.2109447, -4.3667593, -3.9176254, -3.6203341, -2.254308, -4.41236, -1.5994016, -6.1294284, -4.9072194, -3.1554103, -1.0549202, -5.2832212, -2.5090375, -6.6393337, -2.8653467, -4.2168665, -1.6379606, -2.7933362, -6.2312913, -3.3343267, -2.5129514, -5.930392, -3.3335865, -5.994523, -3.5733805, -2.7772985, -4.2551503, -5.9979277, -3.3634758, -3.109317, -5.1485686, -2.0152185, -3.9014053, -6.761348, -2.3904934, -5.998117, -1.6773258, -6.718047, -6.646895, -5.99742, -6.732629, -5.8347745, -5.7586193, -6.555547, -3.2062695, -1.7771246, -2.2238538, -5.8694944, -6.4283333, -4.6478343, -5.4069233, -6.066149, -3.406967, -3.447963, -2.3249373, -4.6043363, -1.1711392, -5.7052717, -6.633718, -3.8176084, -5.924751, -4.691959, -3.0916147, -4.382011, -3.1476574, -3.5300007, -6.104192, -5.573787, -2.8535101, -2.3988698, -4.4790688, -6.182252]

 

Accuracy: 44.230766%