Final Weight Matrix:
[0.053843558, 4.7012324, 4.770679, 0.85276484, 0.12366384, 1.2809577, 1.0646838, 3.448679, 4.846829, 1.5268192]
[2.204387, 3.3966973, 1.065383, 2.6871862, 4.654598, 0.30351102, 4.087535, 4.829411, 4.9170504, 4.2307844]
[1.5313456, 2.3546705, 3.2953548, 0.006070435, 2.8271997, 4.4472337, 1.2975693, 0.36663473, 4.660556, 2.5737822]
[0.34109682, 3.5937154, 1.358706, 4.8402543, 4.215779, 0.04117936, 2.5767412, 1.2583163, 4.40061, 3.9087362]
[0.10784924, 0.60008794, 4.689604, 1.3115034, 0.29884517, 4.3729086, 4.238152, 4.351073, 1.2889844, 4.636058]
[2.6210487, 2.5852118, 3.0822346, 1.5344185, 1.5287163, 1.2515134, 2.612069, 4.931716, 4.503505, 3.4427884]
[2.3433628, 4.7953634, 3.5210953, 1.4176443, 0.28612852, 1.689004, 1.0937113, 3.5078526, 2.3567605, 0.055976808]
[3.9560661, 4.9448676, 1.928426, 0.88131636, 3.7887332, 1.0518533, 0.8556098, 0.7711655, 2.0372224, 3.956096]
[4.7591305, 2.7220945, 1.8516868, 1.4816823, 1.5157948, 4.619648, 0.85840136, 0.5362597, 0.6380293, 4.3221707]
[3.6894736, 3.8518286, 0.058193803, 0.5847573, 3.454372, 1.7615712, 2.082844, 4.856941, 4.1016273, 1.0671228]
[3.3651245, 1.4598825, 1.5603802, 1.3885045, 2.3979635, 3.8935435, 0.791443, 1.497786, 2.574223, 0.1362446]
[4.2413526, 1.4637647, 3.437916, 4.138568, 2.458874, 1.3154018, 1.5866822, 2.1566792, 0.783, 2.8440351]
[1.3316649, 3.75843, 2.4792564, 2.9766011, 1.8066508, 1.9263273, 4.624752, 1.3731003, 3.7018063, 0.59738874]
[1.5127406, 0.93066573, 2.2147245, 0.65961003, 2.6584208, 1.2539699, 1.5270283, 1.0722959, 4.386381, 0.80791205]
[1.0708573, 0.61258554, 1.9166529, 3.974918, 4.8166733, 0.25850475, 1.2441486, 3.0576384, 1.6406345, 2.4007764]
[3.531711, 8.973479E-4, 3.6930203, 1.6979796, 0.2697146, 1.2475812, 4.343747, 0.23476571, 1.8577927, 1.3255763]
[0.30990958, 0.75849235, 4.252655, 4.0112357, 1.6346335, 3.7193465, 4.8190536, 0.8942747, 2.2755802, 3.9518974]
[0.89081705, 2.9350667, 4.7426405, 4.456735, 4.870698, 4.8543816, 4.893109, 3.4798229, 1.9998932, 1.5145439]
[3.1226783, 1.0703337, 3.441938, 0.56735873, 2.5835958, 1.4167225, 4.7358227, 2.676106, 3.0972493, 2.4227512]

[0.36732048, 2.3252413, 4.3152413, 1.3630837, 3.5264683, 4.2615633, 1.7068305]
[0.7402751, 3.6068747, 2.754564, 3.7257288, 2.1056843, 4.6560717, 3.3021235]
[0.22800922, 4.075708, 3.5057101, 0.9619558, 1.8958241, 2.807148, 1.34933]
[0.87112874, 4.167372, 1.0424588, 4.950161, 3.5781612, 4.4088726, 2.5136473]
[0.7614854, 4.7977643, 2.7940521, 0.035012066, 0.040254295, 1.9910517, 4.413865]
[3.3174524, 0.49665987, 2.548409, 1.4349577, 0.21436393, 3.317227, 3.2232218]
[4.899027, 1.3401291, 1.1487212, 1.1379617, 3.8241029, 2.3817506, 1.160017]
[3.1060598, 1.278362, 2.81254, 2.8873, 0.020394325, 4.7710757, 4.4899664]
[1.6960964, 3.6297097, 4.6953683, 3.9194047, 3.2961354, 1.5259445, 0.29358]
[3.9487963, 1.4597049, 1.6071508, 2.1561363, 2.7490225, 0.5117586, 1.561775]

[2.1459444, 0.9714454, -0.9258318, 2.0334063, 0.97466254, 3.6922772, -0.78888226]
[-0.024944488, 0.26400915, 3.9638264, 3.391007, 1.5185971, 3.5325959, 2.479412]
[1.1232923, -0.9195453, 0.04656353, 3.9131124, 3.5307767, 3.864976, -0.93347675]
[-0.0900047, 0.53954166, 0.4155772, 1.0815783, 1.4225177, 0.2160159, 3.8519735]
[2.5335639, 2.3750403, 3.3856492, 3.2118003, 1.4703196, 0.955956, 3.7974274]
[2.047331, 3.51731, 2.3851953, 0.93097156, 0.15137996, 3.083994, 0.5782968]
[3.0284228, 2.6636996, 2.9729629, 2.353143, 4.016803, 1.3295337, 0.061938483]

 

Accuracy: 14.285715%