Final Weight Matrix:
[4.262701, 3.4915137, 0.7273972, 1.8516614, 2.9485002, 4.3496084, 4.6731677, 0.5945307, 4.502757, 0.019021928]
[4.0971045, 4.892209, 3.3504508, 2.346888, 2.9176104, 3.0291317, 0.23002863, 4.1896396, 3.773568, 2.9975047]
[4.470922, 2.79667, 0.2802497, 2.6829753, 2.9769278, 0.7032329, 0.8994013, 3.2551117, 0.1997301, 2.291559]
[4.499365, 1.9587264, 3.7854104, 0.9347978, 4.893192, 4.2268314, 0.7852447, 3.1391888, 2.1729603, 4.6607513]
[2.4703004, 1.0030591, 3.6446464, 3.4563951, 3.8353314, 3.5397148, 4.7007165, 3.6973486, 3.8573334, 0.40347934]
[1.3410821, 4.1252766, 2.8521693, 2.5181556, 2.014221, 0.46688795, 4.7912407, 3.2547793, 3.4493396, 1.7155495]
[4.969803, 3.626029, 1.5907562, 4.396637, 1.8078262, 1.4590476, 1.2336433, 0.3912431, 1.9900403, 3.443307]
[2.5554707, 0.34622014, 4.368865, 2.1077478, 1.2026292, 4.6934447, 2.6453118, 1.2095871, 4.64261, 0.36206752]
[2.4697974, 0.27940392, 3.0477002, 0.05942732, 4.256374, 4.4924626, 4.4085226, 4.574882, 0.24756193, 2.969473]
[2.960072, 0.62238395, 3.5982358, 2.661437, 1.3675067, 3.8690517, 3.9395568, 0.26889235, 2.695316, 4.725873]
[4.8394566, 0.07732451, 4.656104, 4.3211184, 3.1745884, 1.065011, 3.3918931, 2.5958843, 1.8779633, 4.32993]
[1.4222968, 0.30380905, 4.112809, 2.4770987, 1.9441324, 1.6534569, 3.2607946, 1.5609028, 1.3831091, 4.5828156]

[1.3940281, 4.9583383, 1.6802862, 3.0220912, 0.14569074, 0.8940175, 2.8974504]
[4.6954107, 3.2023978, 3.4972074, 3.202758, 2.88671, 1.4392, 3.2617207]
[4.460602, 0.39316058, 0.01039058, 4.633353, 0.51027626, 4.4947376, 0.32898903]
[1.4646552, 1.7425698, 1.9554043, 2.726077, 4.0665646, 1.9407425, 0.75488716]
[2.9172883, 3.1299543, 4.164596, 3.7358336, 0.03513187, 0.48216462, 0.048682988]
[3.5855472, 2.5579288, 1.3444684, 1.5364442, 1.3914261, 2.702603, 2.842108]
[4.26266, 4.392186, 2.8011715, 4.1306677, 0.46164066, 4.8611407, 4.4793797]
[0.7983282, 0.055714548, 0.31199545, 2.5585403, 3.6058414, 2.058678, 2.311206]
[0.044413805, 1.0733175, 3.4058433, 3.1540215, 4.2141333, 3.6192913, 2.0432518]
[2.9444928, 0.10614306, 1.6226786, 4.5237184, 2.2843275, 3.9293907, 0.8975816]

[-8.116944, 3.7325664, 2.335798, 0.09505925, 0.13017848, 4.007801, 3.2653484, 4.1939144, 0.3916267, 2.18013, 4.661364, 3.9885807, 4.4363422, 3.7352653, 2.9265096, 4.090043, 2.2598503, 2.8204412, 2.7799127, 0.16745873, 3.5766218, 1.5789921, 1.1311333, 1.112287, 0.755129, 1.390597, 0.95779413, 0.21936418, 0.8542972, 1.2392895, -0.014136148, 0.9700059, 0.9048589, 1.8541492, 2.3207264, 4.361097, 4.3446045, 4.730984, 2.0632539, 1.5512137, 2.1278834, 4.07733, 4.5295305, 1.1124977, 0.67622864, 3.1176338, 2.3997102, 3.394363, 4.4385247, 1.571485, 2.890117, 4.278878, 4.58708, 1.4956731, 4.0463724, 4.0178924, 1.2938288, 1.545445, 4.3280935, 3.8763874, 0.57179725, 2.5437257, 0.58873814, 4.3114915, 4.814505, 3.144317, 0.320656, 3.72168, 4.3645573, 4.0667014, 3.7867875, 0.63091975, 0.53476727, 2.8532481, 0.6673551, 0.11219905, 3.842296, 3.8476434, 4.875692, 0.5578835, 2.4943697, 3.5008142, 2.6174784, 3.9432158, 0.846208, 1.7902744, 3.5701683, 2.470489, 0.8870449, 0.2935387, 1.8212333, 0.7792354, 2.5142047, 3.8055487, 2.0037875, 4.6733923, 3.47942, 4.3913217, 0.59598374, 4.8329296, 2.8332775, 2.4635732, 1.2317145, 3.8725302, 3.7108858, 4.0574036, 1.5660435, 4.8538036, 2.7291281, 0.6301901, 1.5242732, 4.7498856, 2.742277, 2.1348958, 3.1769795, 2.7843602, 4.315616, 2.813877, 2.3012702, 3.0018377, 4.6688414, 0.020634178, 1.279036, 1.8323915, 2.780452, 4.914325, 3.4013827, 2.8725643, 3.8353345, 1.007828, 2.2774143, 2.22218, 2.195131, 4.5793853, 2.4050462, 2.2484624, 0.43832347, 3.6024873, 1.4288088, 2.064659, 4.5230045, 1.8307109, 4.915544, 3.6703546, 0.60693455, 4.654959, 2.7625873, 3.9849784, 4.329796, 0.21994036, 2.9328427, 3.2041614, 4.752588, 0.36389196, 3.9016929, 1.8642242, -0.03661788, 2.782951, 4.650181, 0.97058684, 3.2681658, 1.073422, 3.541006, 0.07296249, 0.48094517, 2.962362, 4.468308, 2.2738786, 1.580012, 3.1274009, 1.4836854, 0.26549137, 1.2504241, 2.5342746, 0.65771693, 1.6928736, 2.206832, 2.9822724, 3.4403734, 0.46900386, 4.918506, 1.0025886, 3.8780403, 4.1529303, 4.551886, 0.15800567, 4.8659096, 2.6953788, 3.4061377, 1.8096075, 2.2191217, 2.3873713, 4.349582, 1.6435207, 0.8473297, 3.9621527, 0.7041857, 4.8198767, 2.073988, 2.047198, 2.9326668, 0.7186189, 0.27153215, 0.051320434, 0.4751643, 0.6232758, 4.184225, 0.08992854, 2.9273229, 3.4538047, 2.6212327, 1.2955363, -7.2994127, -5.2325444, -8.709805, -6.0567465, -9.018954, -9.382803, -4.4983907, -8.8452015, -7.504935, -6.5876904, -7.05549, -9.50974, -6.517952, -4.4520636, -5.417527, -9.442811, -8.04225, -9.103774, -6.8008204, -5.6792073, -7.6216598, -4.844537, -7.3205776, -7.9826903, -6.7209153, -7.8617983, -4.5262604, -7.5645075, -8.852199, -6.9181137, -6.695097, -7.833883, -7.047923, -9.478127, -8.453656, -4.6350055, -8.911702, -8.366043, -9.067731]
[-9.333883, 0.6921323, 2.2235174, 2.0503988, 2.4824917, 1.8590384, 1.403949, 0.7270744, 3.9778407, 0.5592189, 0.3931849, 0.7867203, 0.3867271, 1.0510159, 1.9375498, 4.6549172, 3.4613032, 3.1295571, 0.41969514, 0.43400773, 3.946743, 0.5375827, 0.89965737, 0.8099628, 4.510703, 4.521846, 3.4884067, 4.1377387, 0.25796458, 1.2884158, 1.3565347, 3.9370847, 3.4047074, 3.1542659, 4.803854, 2.1946106, 3.120898, 3.3463423, 3.551353, 2.4211435, 2.8819368, 1.3924794, 4.1141357, 0.23547378, 3.4466674, 4.5221534, 1.2536392, 3.6282973, 4.579437, 4.9119463, 3.419076, 3.4511843, 3.4231062, 0.50333667, 3.9412985, 1.8068306, 4.8181953, 3.2492838, 1.1127495, 0.26053208, 2.093353, 0.76888216, 0.9543825, 4.7057467, 4.647713, 1.5659424, 2.2574065, 3.6241305, 2.370478, 1.65911, 0.7707422, 4.489922, 1.4170083, 0.407417, 2.3181262, 4.3066916, 0.33053824, 2.2630725, 4.3461823, 2.6493194, 0.87848127, 1.9328228, 1.2677045, 3.3798456, 1.682335, 2.466559, 0.5088, 1.0571485, 1.4083341, 2.9291413, 2.0520043, 3.9567692, 2.6335056, 4.695354, 1.2461222, 2.89483, 0.26581532, 2.504036, 4.6327996, 0.04905571, 2.9053726, 4.729732, 4.8997574, 2.8325965, 0.9177447, 3.0045888, 0.7337422, 4.151247, 2.7325394, 2.0916345, 1.7760425, -0.03875142, 0.4264255, 3.1215825, 2.3685281, 0.73290026, 2.6329703, 3.5799665, 2.4062128, 0.45852977, 1.4757346, 0.9747702, 2.4617357, 1.5806926, 0.32575193, 4.650905, 3.580607, 4.0741253, 0.21585196, 0.6181721, 2.9544387, 4.51615, 2.8919935, 0.6701626, 2.7016237, 4.6601386, 3.2413628, 1.7782552, 2.6837542, 0.36229444, 4.219808, 3.9289477, 3.5302656, 4.9367948, 0.11788501, 1.1063132, 2.2121933, 1.4340044, 3.1956513, -0.0049164067, 3.2006605, 4.6272097, 1.6672653, 1.2993783, 4.657194, 4.083981, 1.5577492, 3.6220174, 0.1785455, 3.9011827, 3.7963457, 2.8042827, 4.3072815, 2.1720402, 2.2575912, 3.6385376, 3.188649, 0.78720725, 2.0655496, 1.2602721, 3.2781725, 2.9034827, 4.306218, 2.0908258, 2.5717735, 1.8483452, 3.3574839, 2.5451596, 3.2415502, 3.6421847, 3.5094004, 4.806781, 2.4157465, 4.898536, 2.8191657, 0.98426443, 3.9342744, 2.9914947, 0.16311587, 1.6611234, 3.3991425, 1.3929114, 2.2355106, 0.35356218, 3.6195264, 1.8173517, 4.8324637, 4.736456, 2.2200408, 2.0409932, 4.170309, 1.2154983, 1.7186177, 3.7403004, 1.5163924, 0.04981968, 3.9161193, 3.292423, 0.74210906, 2.7426305, 0.94152635, 4.624599, -5.0935745, -6.8616004, -6.0166783, -5.5134, -8.943947, -8.633439, -8.945251, -7.365114, -7.313582, -4.9484267, -6.7777295, -6.7765913, -8.8278885, -7.7351265, -6.5381265, -5.8017445, -5.573572, -8.06102, -7.5336394, -7.256465, -6.515589, -8.355886, -8.534559, -6.624467, -6.5086484, -6.1061797, -7.9699454, -8.665969, -8.112425, -7.4810567, -4.6869583, -9.466232, -6.473647, -5.1104836, -6.780579, -6.972047, -8.011228, -9.4147625, -5.5023665]
[-7.513458, 3.358004, 1.7814513, 4.5765867, 1.0819888, 1.6725485, 2.670021, 1.7089009, 1.0129321, 3.4228797, 3.2164955, 2.2654622, 0.28741178, 2.8722422, 2.946842, 0.41414762, 2.708201, 2.8995912, 4.226229, 0.45672858, 0.3711298, 2.033306, 1.0744289, 0.66686225, 3.781389, 4.701602, 4.143489, 1.7849848, 2.5763595, 0.76566386, 2.355105, 2.7806034, 0.82477117, 1.9219127, 3.4833913, 0.57025975, 0.97568434, 3.6750493, 3.3805115, 0.23743203, 2.9472568, 3.3212054, 4.339163, 2.7126024, 3.77132, 3.9640384, 0.76027757, 0.42625663, 0.20618136, 2.8358727, 0.18030299, 2.5028436, 4.670516, 2.3111343, 3.6812873, 3.8530416, 4.010573, 3.327212, 4.8817754, 1.4132456, 2.0803444, 4.925786, 3.2541428, 1.966435, 2.7580235, 4.105168, 1.4078096, 2.913509, 4.6669044, 0.42258775, 1.600165, 3.8998728, 1.0927118, 4.392232, 4.011466, 0.74068433, 1.7361065, 4.422063, 3.0423124, 0.3849369, 2.3022985, 0.5886314, 3.8234508, 1.4380594, 0.6534368, 2.538198, 3.0455284, 2.5273657, 0.972933, 4.1700435, 1.8272294, 3.2461033, 1.1783447, 0.7833832, 0.265066, 4.8006797, 1.998424, 4.8893204, 3.1251442, 2.92921, 3.068463, 0.59277946, 2.7252946, 0.49439922, 2.4216099, 2.9626393, 3.6093931, 0.6950941, 3.9861574, 3.226621, 1.7645996, 3.3214264, 4.441199, 0.87479115, 2.025709, 1.7650629, 3.8868997, 1.9531014, 4.827789, 1.8415042, 1.0271645, 3.8616185, 0.2084712, 3.080773, 0.50103915, 0.23010236, 0.4686545, 3.0608094, 0.32418248, 1.5584517, 1.5155684, 3.162177, 2.68705, 3.2440765, 2.3075228, 3.4257324, 0.9365288, 0.5357729, 0.19296953, 4.0226655, 4.471668, 3.9788537, 4.850498, 4.250028, 2.6796074, 4.92499, 0.71029145, 2.65511, 2.7091136, 0.72367954, 0.09894829, 4.5223203, 1.1923971, 2.535269, 0.036320735, 2.495094, 0.088600084, 0.7800759, 3.5695446, 1.9491643, 0.036841463, 2.4785337, 1.2312897, 1.2352585, 3.0981293, 3.6449587, 4.138843, 3.0296829, 0.5759436, 2.1410456, 3.501795, 0.73095393, 1.2728388, 0.22383715, 4.7241216, 4.9417295, 2.9958615, 1.5456907, 4.5731287, 4.8105636, 4.6784697, 2.1125224, 4.3989353, 0.97364026, 1.1560794, 1.4842594, 0.45391196, 1.5211722, 1.0968741, 4.771228, 1.5141857, 2.6892645, 0.091003574, 3.6128244, 1.3102298, 2.8844166, 2.873191, 0.15167214, 1.3160286, 3.6535552, 1.9294642, 0.5023289, 3.0166633, 1.3782586, 0.6579693, 1.7574255, 0.59640086, 2.49262, 4.9268537, 2.2387853, 2.4803329, 2.764487, -6.6169477, -7.188005, -8.235723, -7.8116345, -9.517106, -7.484671, -8.286218, -4.5236564, -6.6447225, -9.406985, -5.463082, -9.700036, -6.5463977, -9.022538, -4.7313747, -7.8645444, -7.971045, -8.856219, -6.617641, -5.53859, -9.438895, -5.813665, -5.155563, -9.078561, -6.7357583, -6.8430524, -7.7263856, -5.2355866, -7.312474, -6.652764, -7.289394, -9.512795, -6.5772824, -8.096924, -7.0661645, -6.3649783, -7.3047404, -9.029288, -6.172358]
[-5.241493, 2.6492245, 3.6803856, 0.20050819, 3.5022624, 4.268769, 1.9222637, 3.4504857, 2.523689, 4.5140505, 1.105178, 3.008256, 2.9136343, 1.8309981, 3.1258488, 0.51027477, 0.6969987, 1.1176637, 4.210455, 4.3489122, 1.6248842, 2.3381517, 3.9038372, 0.917659, 4.91667, 3.8098636, 2.5829463, 2.3354375, 2.327483, 4.1425967, 2.3477259, 2.3268397, 3.8248868, 1.0843065, 2.6361907, 1.6807919, 0.87841606, 3.9229696, 1.4289523, 1.0142503, 2.8806496, 0.3638725, 2.5564466, 1.7488087, 4.090438, 2.7530124, 1.2162601, 2.198523, 3.7458615, 4.3423934, 1.1184889, 4.791022, 0.14780779, 4.085334, 3.212747, 1.1150225, 3.6339703, 4.91408, 1.1564573, 4.483982, 3.959392, 4.4164853, 4.6274056, 1.1047755, 2.681522, -0.030037485, 2.7102828, 1.2613348, 3.0907416, 4.238193, 3.169636, 0.44618106, 1.702868, 4.3651953, 1.1325455, 2.314806, 0.5770021, 4.905389, 3.2421606, 3.2864113, 1.0884287, 1.1486229, 1.4137056, 1.0790863, 3.5121672, 3.252103, 1.6891147, 0.97590405, 4.6310024, 2.8477464, 2.146033, 1.6533095, 0.96958363, 4.1232166, 3.093408, 3.8116884, 4.55606, 0.74344766, 3.6626272, 2.7603915, 1.352703, 4.8240767, 0.54671985, 4.690137, 1.1099712, 0.0547983, 1.4258276, 0.15663886, 3.1887903, 4.337118, 3.8219588, 0.029845431, 1.6446635, 2.4876072, 8.4102433E-4, 0.725615, 3.8775473, 0.6553197, 0.7460137, 0.13856861, 0.23343804, 3.2179232, 3.392181, 3.244943, 3.8124523, 1.9466563, 4.635634, 0.4836631, 4.5399904, 0.66630787, 3.3798683, 2.6984057, 3.0337045, 4.5341287, 1.6083164, 2.3316114, 1.8075005, 3.0912807, 2.0616455, 3.8614185, 4.3821325, 3.2758636, 3.790103, 0.8789559, 0.571882, 2.5934677, 1.0334206, 2.128271, 1.0113027, 0.02393538, 4.343714, 1.3031394, 3.9244587, 2.0411816, 1.6644752, 1.6830888, 1.9632134, 3.7548397, 2.1307096, 3.1295896, 3.9458885, 4.3600836, 2.480003, 1.9314492, 2.4407363, 0.12374385, 4.857597, 0.93348014, 0.2165914, 1.4308251, 0.7834607, 2.9664016, 0.37801751, 2.6750565, 0.4938255, 4.6695232, 3.1975446, 1.5837986, 3.7938426, 2.0639486, 2.840604, 2.415132, 1.9003893, 0.8128075, 0.51022214, 0.2793489, 4.3541055, 0.5861031, 4.8445215, 4.7050447, 3.164269, 1.4838625, 1.2670608, 3.1513362, 3.5947788, 4.656082, 4.196325, 2.2967224, 2.8180413, 0.5703346, 4.7868204, 3.9108353, 0.6230862, 2.0568037, 4.027575, 4.579917, 4.063702, 4.5743184, 1.1792666, 2.1929042, 2.7625885, 1.8110443, -4.4153376, -4.828407, -9.012092, -8.473011, -8.094309, -7.343502, -5.1578317, -7.187425, -4.7151055, -7.781395, -7.5109544, -9.090392, -7.7302456, -4.540702, -8.334721, -7.1899347, -7.6924767, -6.837602, -8.54265, -9.427977, -5.6448507, -4.594285, -8.072149, -7.56826, -8.558832, -9.418028, -7.479669, -9.090709, -5.9448323, -6.3532615, -8.9284935, -5.1849704, -9.007719, -9.348883, -6.204954, -9.028807, -4.9311686, -7.3718786, -4.5909367]
[-8.030289, 4.159762, 2.376186, 4.5518894, 4.25128, 2.61748, 0.905181, 4.8388844, 4.508644, 3.2270837, 3.999146, 3.7401884, 3.2154734, 3.2171342, 1.781635, 2.1434257, 2.4329603, 0.9705268, 0.80853635, 4.3402734, 1.5110987, 4.5612617, 1.1267221, 0.013446672, 0.32538024, 1.5039451, 4.3456154, 2.4304879, 2.4063444, 0.29304218, 3.6965272, 3.5313017, 4.4514785, 0.19972287, 0.7314788, 3.016888, 2.245242, 2.7356014, -0.0059340713, -0.029305158, 0.73697954, 3.197115, 0.6193889, 2.4941528, 3.1691356, 4.0297885, 4.929065, 3.510966, 2.2786899, 3.913681, 2.9822278, 3.1535168, 3.4843194, 2.4345875, 0.52013534, 0.57417166, 4.771036, 2.8223476, 1.4517599, 3.2481248, 0.23997658, 1.4172419, 3.9655674, 1.1572781, 3.623791, 3.3701046, 3.6829667, 2.1064672, 1.4625108, 2.0748837, 2.9882362, 0.557648, 3.1901598, 0.60246146, 2.6368415, 3.9105694, 1.330077, 1.6257166, 4.108151, 1.4552265, 4.9215956, 4.5578566, 3.3941433, 1.6123805, -0.019538214, 4.144449, 0.8646122, 2.1270945, 2.900646, 3.019949, 0.69767624, 2.0445943, 0.694011, 3.5126648, 0.557532, 3.344448, 1.9443411, 3.3637466, 3.537085, 4.6347156, 0.8268289, 0.90409154, 4.327125, 4.252115, 0.3831663, 3.288056, 0.26393017, 0.6191886, 4.4429727, 4.6200438, 2.345763, 0.6185407, 1.7421731, 1.9993973, 3.305927, 2.4105253, 3.3900423, 0.40014187, 1.4117509, 3.1605444, 1.6923606, 0.36994517, 4.8033595, 1.0093169, 0.394563, 0.595581, 1.3827926, 3.4692113, 4.1419077, 4.349997, 2.951295, 0.85285753, 2.0651617, 3.8907726, 0.80845135, 0.78748107, 2.7816634, 4.186043, 1.4922534, 3.1300523, 1.6328211, 4.0320854, 2.6730883, 4.329289, 2.1591253, 4.289288, 4.826775, 1.6905022, 1.0147113, 3.4025865, 0.22191751, 3.1038713, 0.18830785, 2.350294, 2.5999, 1.8128673, 3.9932551, 0.5965356, 4.3950777, 3.2358284, 2.0126424, 2.217171, 4.237916, 0.05359249, 2.31763, 3.823733, 0.7750217, 1.5782846, 3.3231828, 2.9301267, 0.6388331, 3.50941, 4.172588, 3.1824675, 0.8700177, 4.0173187, 4.5768003, 1.3144271, 4.6452475, 1.3894392, 4.698706, 4.0126877, 4.2464266, 2.18889, 0.9161009, 2.4268658, 3.602425, 0.75591016, 1.2010443, 3.7482557, 3.8193154, 3.8990483, 1.4897774, 1.2652104, 2.1620746, 1.8223531, 1.2943257, 0.60453427, 1.1255126, 3.0440557, 0.34208426, 0.008491449, 4.304516, 0.08944384, 0.42053878, 2.7915747, 1.775026, 0.39356557, 0.25446612, 3.456808, 0.78371644, 2.488721, -8.08499, -8.687777, -5.7743526, -7.907265, -4.8911233, -9.744153, -7.4456706, -6.4562564, -9.222468, -7.7865853, -7.3481, -9.359712, -5.4709916, -6.438749, -8.435794, -5.098745, -8.950791, -5.481973, -4.7527404, -8.370156, -9.29852, -8.384048, -5.501675, -5.505564, -6.032581, -7.475571, -8.023346, -5.527248, -6.743027, -6.002091, -8.458951, -7.9553933, -8.881173, -5.00485, -6.401233, -9.486037, -6.6379304, -7.755941, -7.016639]
[-6.543529, 0.31409508, 3.6906888, 2.9935098, 2.005875, 4.3937163, 3.8316529, 4.5714345, 2.553289, 1.873341, 2.8447306, 0.3231299, 4.4548945, 2.9877684, 3.5913548, 1.0034661, 2.2563953, 3.7259467, 3.641578, 2.711598, 2.3513615, 0.030697977, 3.9350462, 4.4926286, 3.5858436, 1.5979351, 4.763582, 1.0551946, 1.91149, 4.738702, 2.4861257, 0.22491178, 4.3781676, 0.23821853, 4.399271, 0.48722458, 3.6653466, 3.4518516, 1.1087049, 0.8192768, 2.9923723, 3.9835002, 1.6068445, 3.5811846, 3.8116932, 1.4072059, 4.170816, 2.5645578, 2.278102, 4.804386, 1.6661153, 2.044147, 1.9465644, 2.7395272, 3.2766757, 0.8759263, 2.18933, 3.0068736, 1.203297, 2.3317616, 1.2911236, 0.9433262, 1.0757731, 3.8598304, 1.3072809, 1.3784382, 3.5923536, 3.786032, 1.0647494, 1.6641173, 1.829144, 4.507311, 3.820886, 1.7630596, 4.579403, 4.8691077, 0.14201106, 4.2326694, 2.7569609, 0.67056024, 2.666415, 3.7329876, 1.9557716, 4.372339, 1.359348, 4.8231993, 2.2759814, 1.6084158, 2.0300822, 3.3698926, 1.9707456, 3.1182706, 1.8397188, 1.4757962, 1.6308877, 1.0468265, 3.1702263, 1.6959319, 1.7097514, 2.8140976, 1.4028647, 2.8505638, 4.655379, 4.435779, 1.5617, 4.477977, 2.3777347, 3.4181979, 3.8700802, 2.9159045, 2.448178, 1.8677762, 0.7203799, 4.480798, 0.6344909, 4.227681, 4.219122, 4.5859694, 3.4601655, 3.673646, 3.6219208, 2.5941877, 2.2295158, 3.5196583, 3.7959747, 1.6801302, 0.052818004, 2.4415722, 1.5909989, 3.878849, 3.487998, 0.60720694, 0.6674185, 3.6415308, 0.880717, 3.4408445, 2.6462526, 2.4318266, -0.055240653, 3.248305, 2.8554158, 1.5567887, 1.7177501, 0.02648995, 1.7852956, 1.423351, 0.57713985, 0.21217689, 3.7244077, 4.4096847, 2.0341513, 1.6363093, 4.398492, 4.22159, 4.7864747, 3.881114, 0.9830884, 1.416751, 0.05313156, 4.413157, 1.0350908, 4.8584166, 1.2794392, 0.46013704, 3.825276, 3.2305532, 2.451043, 3.3177657, 2.0410075, 1.0304877, 3.2834527, 0.8054434, 1.5519964, 0.82105577, 1.7310413, 4.836524, 4.1764917, 0.48835972, 0.6100118, 0.43029866, 1.5962158, 0.56003886, 4.350147, 0.9856147, 3.1114695, 1.8944626, 0.5401516, 2.7318983, 0.25125647, 0.32798445, 4.752779, 3.768981, 0.99722743, 4.238504, 2.2674694, 0.29560962, 0.57666284, 4.1061583, 4.45631, 2.2900481, 1.5302486, 4.342866, 1.4869261, 3.7981362, 3.861697, 0.2656904, 1.3332616, 3.4044883, 1.797093, 0.5120367, 3.1232705, 1.3950033, -5.4660954, -8.908974, -7.1296477, -8.917137, -9.712858, -8.829198, -8.20839, -5.5807157, -8.6229515, -7.4596686, -6.2958894, -8.0551605, -7.253408, -5.1738057, -9.116366, -7.7686667, -5.2618985, -7.242595, -4.8262134, -7.0007234, -9.52598, -8.698662, -6.179662, -7.656034, -7.298434, -4.6865225, -7.4030643, -6.984099, -7.4150004, -7.1965165, -5.743632, -6.7127957, -9.089716, -7.717294, -8.236972, -9.110493, -8.547099, -6.26708, -7.532332]
[-4.767865, 1.3147539, 3.5693533, 1.8873359, 0.673314, 4.2807946, 3.1640112, 1.2341037, 1.229203, 0.7768527, 4.4695673, 2.146101, -0.02143031, 3.945451, 2.9761052, 3.9596431, 3.848843, 0.06402428, 3.5497186, 0.7074593, 4.0061083, 1.3858647, 2.5843477, 4.5445533, 1.218882, 3.0776577, 2.7728045, 2.7697601, 4.6676164, 0.9163906, 3.7673757, 0.6740822, 4.447942, 1.100593, 4.755421, 1.9456999, 3.0884402, 2.4973063, 1.2644529, 2.8702145, 1.3555584, 2.1203759, 3.8402555, 3.8127203, 4.742582, 3.6881526, 0.5560103, 0.8906294, 1.7505089, 1.3139704, 4.202788, 2.2367332, 0.86174715, 1.3015215, 1.3276678, 0.33081594, 3.6072628, 0.19872595, 4.88809, 1.9768445, 4.5356092, 3.0772595, 3.8197894, 3.5950148, 2.9424496, 4.9353795, 2.4974308, 0.5959978, 0.32743463, 0.878088, 4.2469134, 3.853133, 3.67745, 3.0758715, 3.4232545, 4.1345696, 3.2534945, 1.0889326, 1.3644028, 0.3541959, 0.7609122, 2.4158866, 3.773571, 4.935902, 1.3439738, 2.0746458, 3.525885, 2.2000601, 0.78762406, 0.75505835, 1.9874463, 4.3384056, 0.7654966, 1.8482252, 1.7741574, 1.1399744, 4.187041, 1.8704479, 4.2831635, 2.9706905, 3.5860677, 4.689458, 4.1558013, 2.1324513, 1.792463, 3.2140274, 3.0250237, 3.0376353, 1.0352582, 2.9369645, 0.5435285, 2.6780121, 1.3220466, 1.4336616, 0.2042828, 0.9268901, 3.8816073, 1.2392104, 3.6900449, 4.180553, 0.7657277, 1.452777, 0.7527316, 1.3785169, 2.0814118, 0.28944528, 0.9916728, 0.09151067, 1.2740169, 1.913686, 2.8926733, 4.6828527, 2.6353412, 3.6310194, 3.8133337, 1.7509459, 1.4126074, 3.2139227, 3.1636307, 2.124174, 2.7315092, 4.8556314, 3.8691103, 3.45116, 3.0021646, 0.5096617, 0.31050524, 4.1870084, -0.016619192, 0.67513686, 1.1667035, 3.4584064, 0.9284436, 0.43300524, 3.8808687, 1.9142071, 2.4745376, 3.121551, 4.183811, 2.4306784, 0.3991845, 2.5572991, 4.019917, 3.3356538, 3.8116972, 0.06522722, 2.7446003, 4.908361, 0.15242751, 4.636481, 3.4587328, 4.299706, 2.2168503, 1.4470346, 3.1256201, 3.3344512, 4.046875, 4.5264397, 3.6289167, 3.6588807, 2.922047, 3.517936, 2.505306, 2.312818, 1.1526458, 1.1969286, 3.7966685, 1.5243136, 4.753447, 3.092671, 0.32322273, 4.0634456, 1.4523306, 2.7347345, 0.9838374, 1.3994355, 4.896783, 2.982287, 2.0183759, 1.9692717, 4.564543, 0.20339075, 2.02481, 1.182208, 0.21546462, 2.1085792, 1.1493354, 3.8535366, 3.694726, 3.506958, 2.8803754, 3.985701, -4.786534, -6.0784817, -5.271613, -4.9529586, -9.450444, -7.090092, -5.0708404, -6.640194, -6.6204147, -5.94334, -6.0813737, -9.091425, -6.7286386, -7.599679, -7.1468177, -6.5858264, -5.045325, -8.29247, -8.898439, -7.6196504, -7.784306, -7.257653, -9.376778, -5.4925103, -7.5188813, -6.2419853, -5.662897, -7.751933, -4.5875607, -8.271466, -4.7852135, -8.263394, -7.2907715, -4.8547225, -6.2696204, -6.9077396, -5.4625974, -5.917773, -6.39422]

 

Accuracy: 53.846157%