Final Weight Matrix:
[4.1535563, 2.6449096, 0.49645424, 3.4343932, 0.49096704, 3.6038396, 3.6264086, 2.894761, 4.0523286, 2.7473073]
[0.46621233, 0.3518471, 4.167428, 1.5304902, 3.5945115, 0.016396642, 0.3493139, 4.3219943, 4.0767536, 2.978487]
[3.5456457, 2.0260515, 4.769542, 3.2421298, 1.2577444, 1.7867506, 4.030592, 0.9802875, 0.3011945, 1.4394846]
[4.626011, 3.2060208, 4.663802, 2.800753, 0.06302655, 2.2606657, 3.8958654, 4.6748266, 4.9978385, 0.82720846]
[0.92078626, 0.3711182, 3.8345647, 1.5796083, 0.8359736, 2.351684, 3.9049897, 4.7104235, 1.7677019, 2.411896]
[0.4158044, 4.964218, 2.8102942, 2.1025214, 1.5892136, 3.1078382, 1.5089083, 2.257261, 0.476242, 2.0464568]

[0.8037248, 0.84100515, 1.8649924, 3.74257, 3.236947, 0.4909864, 2.566812]
[1.3007662, 4.0064116, 0.21163762, 3.3732631, 1.7717093, 0.93245447, 3.5958958]
[2.8205333, 0.5224201, 2.967948, 3.5881445, 3.9631536, 0.17551303, 2.7330523]
[3.3498394, 4.9864464, 1.786876, 0.9824005, 4.926553, 0.22093594, 2.899465]
[1.52738, 2.598834, 1.9591099, 1.5610468, 1.1322894, 2.4986277, 3.1155815]
[4.147176, 1.3009298, 3.0233722, 0.8692366, 2.5993452, 3.768288, 4.0323043]
[4.83676, 2.324641, 1.337112, 3.7804918, 2.3606179, 4.7505, 0.45628905]
[4.067992, 1.1638083, 4.270175, 0.45998186, 1.4520621, 0.8943173, 1.8255708]
[0.58461785, 4.403084, 3.123151, 4.5693507, 4.994318, 1.5588353, 1.7931676]
[1.2332425, 0.8915505, 4.341756, 1.2668401, 0.9505972, 2.014248, 0.010167658]

[-16.988098, -31.079113, -12.969615, 1.1676447]
[-18.321182, -26.86952, -9.872422, 1.379827]
[-16.250437, -30.71859, -12.750938, -0.8321915]
[-14.760931, -29.895027, -9.054454, 0.650537]
[-16.69074, -30.756802, -9.2997055, -2.8840077]
[-15.209573, -31.842623, -13.489079, -2.1740856]
[-18.681705, -29.815899, -11.997025, 1.031232]

 

Accuracy: 65.89595%