Final Weight Matrix:
[3.2133155, 3.6639688, 3.8335097, 3.7820392, 0.42335212, 0.2248019, 1.984207, 2.5528882, 4.18623, 3.7482104]
[0.81870884, 0.46938837, 3.2661076, 0.2654174, 3.0832326, 4.846692, 0.17977089, 0.79140216, 1.2575358, 0.9527865]
[4.5409446, 2.2577128, 0.79001546, 4.2783947, 3.3020444, 0.22672832, 2.9951248, 3.949757, 2.7913728, 4.721947]
[3.2729483, 1.4595377, 3.5164678, 3.7137966, 4.0881023, 4.946505, 0.29489934, 1.423375, 1.0814657, 4.359394]
[0.59031695, 2.820349, 4.124384, 2.6439297, 1.2600332, 2.184403, 0.60489833, 2.3843753, 2.8752496, 2.826257]
[2.7563024, 1.2928674, 3.54846, 3.4940906, 2.1000772, 0.39245695, 1.8152211, 3.3595495, 1.7313967, 0.39515734]

[1.6678932, 4.035396, 4.0822806, 3.486897, 4.7539644, 0.84082097, 0.2647686]
[3.7402866, 0.03600657, 4.53278, 0.1368007, 0.5673018, 3.6972167, 4.2602215]
[4.812724, 4.7717876, 0.6769684, 1.3862628, 3.627357, 3.7811353, 4.174135]
[0.6403327, 3.1794991, 4.8332205, 3.5794995, 4.4027576, 0.35278022, 2.2150614]
[1.2378448, 4.6485744, 4.417178, 4.9304895, 0.91899306, 0.5614799, 3.934835]
[1.3930416, 3.946827, 3.214412, 0.16349286, 0.26541173, 3.2261267, 3.1574492]
[3.60774, 0.40690094, 0.3768611, 0.6794554, 4.903001, 4.9448614, 1.3705271]
[3.8555994, 4.123898, 0.7951209, 2.3274896, 2.96267, 2.1342242, 1.9504776]
[2.920434, 4.1577086, 2.6905365, 0.6068948, 2.4074852, 0.45825094, 0.5786416]
[0.66585124, 0.037932396, 2.535365, 3.2084084, 3.441031, 1.1105587, 3.900329]

[-13.843274, -32.94431, 0.978992, -18.050968]
[-15.098675, -34.686184, 0.19598949, -22.596766]
[-14.9406595, -30.648708, 1.8185388, -22.38334]
[-16.267828, -37.151196, -0.20582157, -22.330112]
[-15.91805, -30.677437, 1.0646403, -21.217905]
[-14.220986, -29.323427, 0.9612541, -16.699944]
[-17.590298, -31.627483, -0.98841184, -20.803339]

 

Accuracy: 68.20809%