Final Weight Matrix:
[2.2035754, 3.26021, 1.1350602, 1.2196523, 0.6824449, 1.2541268, 3.8306406, 0.24816006, 2.467508, 4.781623]
[4.3228126, 3.878497, 3.2721663, 0.1388964, 2.7714114, 3.2682636, 3.6213365, 2.1961763, 2.9363465, 1.3737378]
[3.4757895, 0.88908017, 2.6274014, 0.92372626, 3.0936089, 4.6489177, 4.0589914, 3.2783186, 2.3125803, 4.442839]
[1.4393673, 3.6175175, 3.854374, 1.7724035, 4.621429, 3.914328, 2.5398734, 4.608055, 1.4181203, 1.192224]
[4.829119, 1.0212348, 2.986387, 3.5785856, 2.8015063, 1.4351652, 2.960098, 1.2150695, 3.342593, 4.435062]
[0.16747177, 1.6347831, 1.7517692, 3.9596367, 3.4088502, 2.3671758, 0.40686697, 3.204842, 0.9557268, 0.27787477]

[1.2724519, 4.490147, 3.924394, 2.126058, 3.5010118, 3.7149873, 0.19332945]
[1.5508258, 1.8117073, 0.4319936, 0.9913671, 0.84539354, 1.7290127, 2.3131487]
[2.0559058, 3.4994931, 0.69083095, 4.230001, 2.422078, 4.2823863, 4.8880606]
[2.919718, 0.48326403, 4.1883225, 0.9486866, 2.3911498, 1.1920116, 3.6005845]
[1.0311079, 1.7307484, 1.8329217, 4.6677165, 3.923398, 0.704402, 4.083043]
[0.8848113, 1.5655968, 1.6908324, 1.4216113, 3.8833342, 3.3070512, 4.7136517]
[0.9035504, 4.244891, 3.7945082, 1.1165867, 3.8670313, 4.948253, 1.8515406]
[2.2194707, 4.0048223, 4.6561613, 3.07641, 0.83673686, 3.0454276, 3.1608393]
[4.2523212, 3.0862913, 1.9195905, 1.7872705, 0.45791656, 2.4814079, 1.0401473]
[1.6443286, 0.9917152, 0.9138927, 0.21122724, 3.1995988, 1.7150009, 2.1010609]

[-22.025068, -47.029, -8.1546335, -47.86749]
[-21.692184, -47.411354, -11.019759, -46.177197]
[-20.545166, -41.512154, -9.341011, -46.787823]
[-23.292686, -46.63927, -7.3845315, -49.182705]
[-23.389608, -45.523087, -6.3329935, -48.856865]
[-18.927202, -47.271667, -9.661825, -47.584675]
[-20.464857, -42.472157, -6.517577, -47.924088]

 

Accuracy: 68.20809%