Final Weight Matrix:
[4.9372363, 2.9903462, 4.8582287, 2.1807528, 4.483836, 4.7011266, 2.0078685, 2.9681983, 3.5827541, 3.2291574]
[3.3838031, 4.451111, 3.332064, 4.59418, 1.2027838, 2.5933516, 4.262573, 1.2959123, 4.939913, 4.063717]
[2.748969, 4.92893, 0.97543985, 3.8694272, 2.9574375, 1.7762107, 2.3914514, 2.217681, 2.474329, 1.0184433]
[1.749903, 0.98814666, 4.932001, 3.4532924, 1.8051996, 0.3278649, 2.421545, 1.2695036, 1.2241433, 4.9944887]
[4.262635, 4.497284, 2.5162485, 4.0579734, 0.62124044, 2.5566154, 2.4839804, 0.19907475, 3.4375083, 3.662582]
[4.7543483, 4.030455, 3.38806, 4.3004503, 1.9725683, 2.9183826, 2.9765673, 0.14793962, 0.35036832, 2.646356]

[3.9693837, 0.55812895, 1.7442906, 1.7732912, 3.9927416, 1.399807, 1.7744786]
[4.675792, 0.23640156, 0.82435757, 4.6164904, 2.394613, 3.4955356, 0.54670095]
[4.645366, 4.5385113, 2.6860132, 4.915261, 2.6732965, 2.5336955, 3.0243194]
[3.3408518, 3.8937473, 0.48404366, 1.1362782, 0.26088208, 4.0728683, 1.256834]
[0.8910185, 3.4531102, 3.9636264, 0.20224035, 2.0186386, 1.1676502, 0.2627024]
[3.1141477, 1.9105229, 4.7180643, 3.7912006, 3.747518, 3.096907, 4.128735]
[0.5172169, 4.9167438, 1.0020278, 4.458547, 2.8140044, 3.0439436, 3.776009]
[1.0580444, 3.1776502, 4.0303946, 3.4556446, 3.3321981, 4.931834, 2.6533122]
[1.9027394, 3.4027338, 3.0963788, 2.8996387, 4.9760146, 4.2374563, 3.166188]
[3.9346642, 2.1062799, 4.449441, 2.566079, 4.8531027, 3.8382719, 0.6923461]

[-24.485077, -12.775559, -0.94491464, 3.0252028]
[-23.241287, -15.441937, -1.5662291, 2.0191166]
[-21.650755, -12.419291, 1.571413, 0.032151658]
[-25.465935, -13.243504, 0.8341198, -0.7298012]
[-22.936138, -12.416606, -0.101323456, 1.4140027]
[-22.834991, -11.52982, 2.0154235, -0.4372405]
[-25.667854, -12.105319, 1.9750348, 0.60388756]

 

Accuracy: 22.543352%