Final Weight Matrix:
[3.4053836, 0.5967006, 4.3749104, 4.1311107, 0.89743257, 1.7854486, 2.1087692, 3.71011, 1.5211794, 4.9455037]
[0.8706179, 2.2234395, 4.4899116, 0.18096864, 3.2670803, 4.5414867, 1.2927467, 2.7480168, 2.9894686, 2.3908064]
[3.5836673, 2.08691, 4.5900426, 3.9660797, 4.2055717, 2.8424845, 3.5447612, 3.9060807, 0.93951046, 0.8010337]
[1.903426, 4.064864, 2.364218, 0.44313252, 3.3457317, 1.8507403, 4.6889124, 0.49083263, 4.967481, 2.1683931]
[1.1817586, 4.164834, 1.971477, 2.5362601, 1.784111, 1.3792586, 0.4419902, 0.5052483, 2.1815948, 1.32077]
[3.052905, 1.4597017, 0.33020437, 3.5828552, 0.36344707, 4.5117755, 0.62006235, 0.568558, 1.9608102, 4.9209814]
[4.24056, 4.314972, 2.2380347, 4.087334, 4.205619, 4.3250413, 0.8733675, 0.12557209, 4.05235, 3.7770903]
[0.8823851, 3.666166, 4.6640267, 2.4959147, 3.4277961, 4.3239455, 4.540796, 3.9528928, 3.8286839, 3.095189]
[3.2788372, 3.9735847, 3.5486207, 1.2978333, 2.9787157, 1.6925516, 1.4514973, 1.9564039, 4.8226113, 3.0451431]
[0.588921, 3.29345, 1.5022144, 2.928828, 4.9707713, 0.15329063, 1.4866972, 4.3220515, 0.62114507, 3.3230808]
[3.063874, 3.6019082, 0.13877153, 2.2924685, 4.5160108, 2.054122, 1.5705094, 1.6089988, 2.8815517, 4.8865213]
[1.7283072, 2.6350677, 1.2601604, 2.7225974, 2.8967035, 0.8274564, 1.1239097, 0.61272085, 3.905396, 1.1666713]

[4.2633796, 3.6206105, 3.6985705, 2.725531, 2.8130512, 3.3508186, 4.1916003]
[4.6403475, 1.8331134, 4.724039, 1.4416116, 3.6299038, 2.5701485, 2.4913201]
[3.999593, 4.284211, 1.2507492, 1.5317307, 1.9896319, 3.3441787, 4.8817034]
[2.792294, 1.6600618, 4.2331185, 1.4178529, 2.7113252, 0.25951713, 0.9401506]
[0.022099018, 0.2894768, 4.4489055, 1.6434991, 1.2674079, 3.3253467, 4.6120944]
[1.9884536, 1.632337, 4.1685057, 4.3707266, 0.88101834, 3.7119384, 2.1319904]
[2.0422137, 4.845329, 4.2253914, 3.1840265, 3.3579583, 0.13265312, 2.2490356]
[4.955998, 0.33763707, 3.7147741, 2.565343, 3.4770277, 2.1045206, 4.2879415]
[3.599677, 0.40723026, 2.6390197, 3.3391354, 4.950482, 1.1895993, 2.9687376]
[2.958578, 4.915871, 4.2880416, 4.252205, 4.336237, 3.9198148, 3.1054184]

[-8.8945875, 2.0103734, 3.060653, 4.8246803, 1.0512522, 4.346842, 0.74781203, 1.6029944, 0.6395169, 1.4245468, 2.1936576, 2.838444, 4.195486, 3.7376544, 4.7441225, 1.9624474, 3.1229033, 4.8048525, 0.30355972, 2.3161287, 3.6610978, 3.8035111, 3.0359492, 3.6497247, 4.5045586, 1.1746567, 0.7091351, 1.7924873, 2.0030568, 4.4666605, 0.3575786, 1.9797277, 2.8767357, 4.22778, 3.9283302, 4.194821, 0.49931842, 1.0302138, 0.19497357, 0.9149657, 2.7602975, 0.22076078, 2.837927, 3.516083, 3.8101125, 1.9630395, 4.5036054, 3.763749, 3.6504276, 3.6686366, 4.6876435, 2.003873, 1.854572, 2.6787562, 0.35444945, 4.609471, 3.546035, 4.058926, 0.8132629, 2.7805035, 1.6833402, 0.78420067, 4.483822, 2.1774056, 3.5109954, 1.2101864, 3.8112562, -0.004982001, 3.977584, 0.9729163, 1.014084, 3.753692, 1.8748008, 2.7153466, 3.8530614, 1.4321419, 3.4084342, 1.0113726, 3.084306, 2.1626306, 2.2255454, 1.5930322, 0.5620895, 2.2084467, 0.15602195, 4.3328357, 1.0317506, 3.4628565, 2.3669767, 1.8134181, 1.6342057, 2.5364077, 4.383483, 0.039961517, 3.4175923, 2.3542647, 2.301387, 3.1973627, 3.9620237, 2.9075754, 3.5593312, 4.3095126, 1.3474783, 0.061267417, 2.4395168, 0.6851951, 3.2085507, 0.86939734, 1.708059, 3.4762354, 3.635045, -0.0056801224, 4.6096168, 0.9424941, 1.8818496, 0.48436093, 0.16280875, 4.091789, 1.9508756, 0.5507353, 1.9248927, 1.8109959, 2.2324805, 3.0723724, 1.6715909, 1.8684733, 4.821587, 1.9250337, 0.043541986, 2.479122, 4.644087, 1.1748718, 1.7183144, 0.041569233, 4.377745, 4.140932, 1.3106883, 2.471481, 4.185234, 1.8435246, 3.1833088, 3.9053035, 1.666723, 2.6839714, 0.15404364, 1.5145713, 0.14924537, 0.19233887, 2.8787591, 4.3961744, 4.5296526, 0.024402427, 2.0559893, 4.408706, 0.30944183, -0.047593094, 0.8983891, 1.6116498, 1.6591773, 1.9742348, 0.8900874, 3.0852752, 4.1970634, 4.1068954, 1.6496582, 1.9448881, 2.4744132, 1.7446675, 3.711166, 1.2955141, 0.77317834, 1.018501, 3.0762389, 4.700004, 4.8832703, 0.33488908, 4.514049, 2.0426366, 0.8557753, 4.5915, 3.7251315, 2.9722042, 1.8216014, 4.888721, 3.7652721, 1.5870012, 3.5828214, 0.35867032, 0.37943962, 2.5565815, 2.7126691, 1.8055423, 1.8578174, 2.161242, 4.0075865, 4.879152, 2.7099426, 1.8154601, 2.6218693, 0.9696444, 2.4711308, 3.3633995, 0.64294463, 0.11328083, 3.487737, 3.332058, -0.04883776, 1.3248051, 1.6117288, 4.5748134, 2.4155288, 1.4958136, -5.5228276, -9.5559025, -6.3842335, -8.354123, -9.01369, -7.2629333, -5.894126, -5.135124, -7.351093, -8.914154, -8.806882, -7.5587273, -7.704824, -9.604392, -8.1109085, -9.923037, -6.052183, -5.1767974, -9.460156, -5.990166, -6.8152986, -6.8017936, -8.46824, -5.4456415, -7.013769, -6.5163426, -5.7290864, -5.1631255, -8.576402, -5.7390494, -5.2007494, -8.977434, -6.5746613, -9.823723, -7.3213243, -7.8382816, -5.0679636, -7.389182, -7.817119]
[-9.854856, 4.3507175, 2.0273502, 4.160342, 1.4406861, 1.6995517, 4.6061707, 1.7230537, 4.158661, 3.445146, 1.6192814, 1.50442, 1.7623672, 2.2199702, 4.086161, 4.076786, 1.8389868, 2.8703623, 2.308292, 0.9141879, 0.3028211, 2.067656, 2.0636702, 0.1552003, 3.819802, -0.0147502385, 2.0015428, 3.23926, 0.2703161, 1.6210899, 2.2398312, 0.14515226, 1.4624416, 0.6771, 1.1995603, 4.6874313, 4.740384, 1.2050258, 3.2734177, 0.7462204, 4.186065, 4.8345866, 2.2653267, 3.8615646, 0.6651762, 1.5082422, -0.011241909, 4.7463555, 2.1524038, 0.8833245, 1.9693711, 2.280159, 4.82547, 3.9577343, 2.8353832, 3.680438, 2.554872, 4.475147, 3.5152192, 1.8003037, 4.6504846, 3.2645202, 0.97369975, 3.3794675, 4.052157, 0.6756503, 3.3157969, 0.19951452, 3.886254, 4.7249603, 0.35201174, 4.1005387, 0.9311493, 0.36290354, 2.8643613, 0.24750857, 1.0829306, 0.4048456, 3.337734, 3.936672, 1.4859071, 2.2406094, 2.2004962, 3.217151, 3.471493, 1.3931277, 1.3461112, 0.9726893, 3.7088373, 3.2685184, 0.6489876, 4.625051, 2.87182, 3.0705001, 1.542387, 1.9562926, 0.96085536, 1.410592, 2.7198288, 3.5653453, 1.1793541, 3.7687807, 2.0131576, 1.3275563, 0.27078894, 1.1544771, 2.9553387, 1.5139843, 3.0005987, 4.244337, 4.267227, 4.214458, 2.1785638, 3.7811108, 1.4601011, 2.8536344, 2.5414996, 1.8537492, 3.782298, 0.63681823, 2.6395597, 1.216907, 0.09482411, 1.8734301, 1.2303958, 1.973866, 2.7273057, 1.1304082, 0.14264189, 4.4531326, 3.7677784, -0.020040313, 4.829117, 0.5048908, 0.5649332, 0.18528931, 4.4900723, 3.2762952, 1.4675785, 2.3084493, 4.4509788, 0.8418191, 0.017422408, 4.716504, 2.946267, 4.1247044, 0.19385852, 4.6089416, 4.7693357, 3.691384, 1.9299612, 3.8795104, 4.1307282, 1.6664531, 1.3161412, 4.6765857, 4.7992134, 0.7608989, 3.2381928, 0.030269425, 0.96559095, 0.13890831, 4.062362, 1.9909672, 2.24426, 1.2182705, 2.4154952, 2.9959354, 0.3257129, 1.7369362, 2.6323617, 0.40211233, 0.99069285, 2.867494, 1.5074543, 4.695181, 4.2464547, 2.5901756, 2.2701247, 1.2065194, 3.4200048, 0.32827714, 3.0738993, 3.8418553, 1.0096229, 4.875168, 0.5097262, 2.2705166, 4.452619, 3.515133, 4.1636457, 0.94333214, 1.8422558, 1.7285699, 2.730182, 0.122113585, 3.1924539, 1.5516378, 2.7247539, 4.3716264, 1.2948675, -0.01999977, 1.1109644, 2.3344486, 3.523904, 3.4897447, 4.726563, 3.658816, 1.3984642, 4.2006154, 3.041461, 1.5821657, -6.9337626, -6.676646, -6.787448, -7.904944, -6.7649465, -5.730883, -5.8755226, -8.363585, -5.790553, -9.117844, -7.62119, -9.357961, -8.635901, -8.221927, -8.76685, -8.428884, -9.190241, -6.704657, -5.890512, -7.6480455, -8.063836, -7.7162495, -7.84517, -6.925559, -8.113462, -7.128523, -5.007472, -9.508557, -8.00736, -6.720764, -8.779115, -7.809734, -6.515915, -7.762881, -8.000346, -9.955512, -9.305699, -9.303689, -6.2471695]
[-7.8915415, 2.656541, 0.6609881, 2.8012354, 3.2062333, 1.3984438, 4.027327, 4.712286, 0.27420524, 3.3114302, 2.5228543, 2.5719225, 0.1311654, 1.0539447, 2.117335, 0.0020623037, 4.4527793, 2.4820673, 2.8948636, 2.4647784, 4.7083654, 1.3277639, 3.3117101, 2.042347, 0.2625598, 2.5032969, 2.6417224, -0.038926207, 2.4450016, 0.011421147, 0.082721926, 2.2712424, 2.951133, 0.71493095, 2.164794, 0.90846443, 4.6003256, 2.0451534, 1.0816596, 4.7640486, 3.2301846, 2.300994, 3.641138, 1.1750277, 2.189088, 2.399045, 2.3116689, 2.6245086, 4.1577716, 0.29731882, 2.7259028, 3.7539656, 0.41795516, 2.9786317, 0.00444815, 4.4253807, 1.2764732, 3.9719644, 1.2307442, 3.7207325, 4.886753, 1.2982175, 3.1036901, 4.033488, 4.7785172, 3.1841323, 3.3856516, 4.8277283, 3.257971, 0.21521722, 4.0433416, 4.117705, -0.0075666336, 2.8619199, 1.0792214, 2.276851, 0.0927572, 3.9349458, 2.2955194, 3.8144164, 1.7393014, 0.9536316, 2.8835087, 1.5936563, 3.7021215, 0.8836806, 1.0177321, 4.2780786, 3.5771494, 0.9450033, 4.8233504, 3.306607, 0.1345357, 4.5076156, 3.6549058, 2.4142778, 0.093059264, 0.91121036, 2.5700781, 2.6772416, 3.186377, 0.0684092, 2.9323637, 1.9975379, 3.4186163, 0.2548682, 0.82964325, 2.4992888, 2.7856643, 4.4340215, 2.1060736, 1.6470273, 0.33532795, 2.8072631, 4.4481754, 0.5591132, 2.7004251, 2.2337887, 3.9515333, 1.8057789, 2.1972432, 0.6932254, 0.429611, 1.3015707, 2.6393712, 3.491495, 0.43586627, 2.6292484, 2.6212316, 2.7610097, 1.5481642, 3.7612345, 2.401384, 0.33007005, 2.6111174, 1.1367762, 1.8096452, 2.329489, 0.14582485, 4.908762, 2.32927, 4.182276, 2.4345822, 4.9076443, 1.966943, 2.4479964, 2.504466, 4.0909925, 4.8296223, 2.4406443, 0.43715996, 0.10220146, 4.6516585, 2.1973083, 4.483024, 0.44913784, 0.9445015, 1.5859782, 0.55199647, 4.520026, 4.6419134, 2.586773, 3.8416421, 0.7470138, 4.494183, 0.50423956, 0.9571325, 1.4077748, 4.0853953, 4.6117945, 1.6316605, 0.283308, 3.266772, 2.5539746, 2.490902, 0.28221607, 1.900755, 1.2106954, 4.672675, 4.3718214, 2.980892, 0.100012735, 4.047322, 2.5998096, 1.1092958, 1.7954757, 3.4543052, 1.6845618, 4.63411, 4.496282, 2.3801296, 2.5656888, 4.340426, 3.3489602, 4.770782, 0.36432275, 0.18053415, 2.3976903, 1.9042038, 3.985196, 0.57467157, 0.64811325, 0.9955125, 0.09171086, 2.8992965, 4.868045, 3.4194548, 2.7711406, 4.640073, 0.04139521, 3.223074, 1.9874742, -6.5056314, -5.6203413, -5.1661544, -8.145321, -8.60666, -8.5394, -6.481077, -9.888353, -5.7865453, -5.88218, -9.867944, -5.4256783, -9.524898, -9.216295, -8.919231, -9.9268055, -8.206223, -8.265605, -9.207967, -6.900927, -7.91477, -9.934452, -5.6681013, -6.035892, -10.054626, -8.837814, -4.6788583, -8.218238, -6.925662, -9.75041, -6.9918895, -7.0864167, -7.8794613, -7.4821587, -6.5035124, -7.814643, -8.176497, -5.3788896, -9.1728115]
[-8.972357, 2.3631678, 0.36280137, 2.7111685, 3.320115, 2.6274738, 4.574855, 2.8131692, 3.7720737, 3.3224435, 4.383889, 4.8974056, 2.2544842, 4.0675197, 2.1009326, 2.8379185, 0.9663714, 4.5869865, 3.9380875, 0.923645, 0.7319057, 4.18521, 2.5496452, 2.3588192, 0.09493523, 4.424632, 4.3404045, 1.5713509, 3.9273036, 2.7515473, 0.58387077, 2.882565, 0.1782428, 4.8605886, 3.4678633, 4.1883082, 2.1658647, 2.7542486, 3.234648, 4.196452, 2.2638936, 2.749, 2.654389, 0.5330207, 4.6712313, 0.15972298, 1.3478674, 3.987376, 2.638035, 1.0910397, 3.431414, 1.8428181, 1.6372044, 4.4199624, 2.2080796, 0.6012533, 2.7749777, 1.128798, 2.2208712, 2.422131, 0.59870243, 2.195658, 0.45136487, 3.1905053, 1.8701978, 1.8421394, 4.2448287, 3.6703944, 2.4668021, 3.3523073, 2.3452032, 2.5212297, 3.9434316, 0.40282643, 1.8914385, 1.0699087, 1.629555, 4.798711, 4.478582, 3.608277, 2.372379, 2.20984, 1.5104047, 2.5391705, 3.9125533, 4.489982, 2.2492073, 2.7861304, -0.011893314, 3.567856, 3.1951256, 2.4332173, 3.843047, 0.15472612, 1.4455416, 2.4974139, 2.8951547, 3.042009, 0.40823022, 1.7963939, 0.84805447, 1.9339916, 1.4906071, 0.32998496, 0.2743878, 4.638324, 1.0834278, 1.5404052, 0.11279398, 0.13671753, 4.149978, 4.4671936, 1.713266, 1.837562, 2.4034388, 1.8424287, 3.1487103, 4.486944, 2.861692, 1.0365559, 1.8102413, 1.4282949, 1.065193, 2.5969865, 1.0667019, 2.354017, 4.465354, 0.16323479, 4.9097795, 0.09382559, 0.41071248, 1.5082544, 3.119401, 0.9707856, 3.7149549, 0.91334015, 0.28235325, 3.045987, 4.884171, 3.3818178, 4.7949896, 3.1365976, 3.4517481, 1.9971756, 0.26609764, 3.395375, 3.4014177, 1.1487405, 3.4245005, 4.6310477, 3.87238, 3.8685493, 0.20536265, 2.8326693, 0.96108675, 1.545225, 4.9025917, 1.6381088, 3.2361317, 4.7260203, 0.43522716, 1.4619168, 3.1161087, 0.5724278, 3.0558147, 0.5972751, 4.5182233, 2.4519646, 1.0213575, 1.4608661, 3.5819523, 1.5339086, 2.8142457, 0.90338993, 2.9875472, 0.28470802, 0.15275808, 1.8461721, 1.714662, 1.2303357, 0.2586652, 4.8878646, 3.3966055, 1.3636456, 2.179697, 2.6901023, 3.8449807, 2.2522297, 1.3936675, 3.0386856, 2.513847, 1.1766446, 4.206209, 2.114082, 0.48542526, 3.3003802, 2.7699084, 0.44602352, 3.003232, 4.6259913, 1.5505912, 3.3071, 0.25215384, 1.4466879, 3.610833, 1.6325476, 3.2639115, 0.74110156, 2.460569, 1.6387517, 0.9277044, 4.532445, -8.037284, -9.193848, -4.699578, -6.395989, -7.369942, -6.2675443, -6.452088, -5.1519704, -4.7829204, -8.963027, -7.273827, -8.629739, -7.7586274, -9.734945, -9.228515, -6.061851, -7.3429303, -9.621462, -7.4441333, -5.259743, -6.9606347, -8.297633, -9.0806465, -6.281819, -8.747754, -6.244595, -4.5853133, -9.137332, -7.7891984, -6.9080405, -5.754473, -9.529203, -9.208007, -6.544954, -6.196235, -9.930762, -9.918576, -9.647535, -6.894814]
[-7.094628, 0.65744007, 1.4130414, 3.8778503, 1.9809111, 2.052992, 4.4232144, 0.16684552, -0.03132625, 3.7127507, 4.8552485, 4.168007, 0.48106635, 2.0605638, 2.3109221, 0.8746198, 1.0256064, 2.4848545, 0.61273676, 3.5927553, 1.1608593, 0.502163, 4.841266, 1.9392573, 1.2240012, 4.8455324, 4.9245915, 0.91704345, 2.3146539, 0.7249663, 0.7641795, 0.385088, 1.6138575, 0.7781906, 4.3646283, 0.31910434, 0.4494571, 4.0594563, 1.207586, 3.9834013, 0.3969176, 3.2954798, 0.69593537, 3.101832, 3.3021023, 0.65161085, 2.9859357, 0.44123262, 4.3697343, 1.0011332, 3.4403424, 4.0796204, 1.0290898, 1.1540439, 4.454327, 0.89891386, 0.46233138, 1.76136, 3.2335749, 2.3009818, 1.6707213, 1.5851032, 0.9827334, 0.7042768, 2.7432728, 1.900842, 2.5828092, 0.37459522, 2.8053405, 0.66839993, 4.7836547, 2.5168378, 0.62052125, 4.215399, 4.644989, 4.409126, 2.4017282, 4.014911, 0.14291778, 0.87101036, 4.713743, 3.2989876, 0.023365682, 2.7096226, 3.9429758, 2.9012818, 0.38552514, 3.1134732, 2.6413972, 4.2991047, 3.4248216, 0.63499624, 1.8457968, 2.4546845, 2.3989673, 4.7021885, 3.0699196, 0.57434404, 1.2235328, 1.8329324, 0.3123006, 1.562167, 2.0602791, 0.7187047, 2.2870634, 2.2815008, 3.2665222, 1.7895497, 4.400125, 4.893581, 1.891237, 4.7226267, 4.112742, 1.4314317, 0.97112906, 3.9863224, 1.5887874, 1.7465206, 2.1730735, 1.2605246, 0.22797517, 4.55367, 2.1451867, 1.3815329, 0.87380016, 4.831847, 2.3856955, 4.557334, 4.686073, 2.002338, 1.9194735, 1.6951597, 2.4164562, 0.036808252, 3.1901197, 2.4055047, 3.077266, 1.2270015, 3.2872605, 4.065457, 4.532474, 1.2277256, 1.9732139, 2.1171167, 3.8982348, 0.8261454, 2.514891, 1.8928883, 1.1771524, 4.5559845, 1.5044595, 3.4944935, 1.4379746, 2.3227744, 3.6976898, 2.427782, 2.00735, 1.5650086, 1.7366183, 3.0850046, 2.0900307, 0.19837137, 3.9236228, 2.3961945, 3.9723408, 2.4624994, 4.1581845, 4.0902233, 3.129134, 2.038398, 3.6809413, 1.2334476, 2.5466018, 4.902434, 1.402081, 0.7330694, 0.5914741, 0.844844, 1.7473464, 4.0397267, 2.823363, 1.8775612, 1.989783, 0.0684951, 0.9511934, 3.3518357, 4.822261, 4.62993, 0.25267425, 3.038831, 1.2069243, 3.032673, 2.8410456, 2.0182195, 4.5946565, 2.0004148, 3.5175064, 2.267006, 4.094358, 2.2980552, 0.6736987, 4.260743, 3.7643096, 2.6951923, 0.61744034, 4.000818, 0.47132632, 1.9996872, 1.9933013, 0.4109695, 2.7893226, 1.0647829, -5.2225833, -7.628776, -4.660333, -5.7677064, -8.9787, -8.098771, -9.157266, -9.2634945, -7.100039, -6.5717216, -5.430543, -6.9873867, -5.8766007, -7.587789, -8.283204, -9.178096, -9.428054, -6.7962346, -5.3001804, -8.584708, -5.493052, -8.295374, -6.8693976, -4.6048927, -9.294409, -8.846624, -5.812215, -9.105184, -4.984784, -8.781636, -8.918944, -6.2008286, -7.105223, -8.272475, -7.7749777, -9.891508, -8.821787, -7.257266, -10.074049]
[-9.998401, 2.7299027, 4.4467535, 1.0035349, 4.5059967, 3.6577764, 4.1089444, 0.5977859, 2.7267025, 4.758334, 1.643662, 4.891509, 4.169444, 0.34119925, 0.5356838, 1.5560275, 1.4731998, 4.580967, 0.28340313, 4.4156384, 2.4263525, 3.8549476, 1.1350324, 3.1837382, 0.6844954, 0.34073997, 2.5383563, 3.6244967, 4.864243, 1.9304901, 3.158328, 0.4911023, 2.1837935, 1.4479352, 3.2571535, 3.4537985, 0.3904272, 0.03205599, 2.230853, 2.050284, 1.1980886, 2.8370266, 2.6685011, 1.3773152, 3.7990592, 4.6586604, 0.81484544, 2.221009, 2.5957465, 2.0445147, 4.600717, 3.9071612, 0.58008313, 0.9359018, 4.946725, 0.054190855, 2.9262247, 3.512589, 3.9828346, 3.092084, 1.9342552, 3.3216228, 3.35678, 4.4131675, 0.06817219, 0.2673585, 3.202682, 1.881641, 3.7993724, 3.8846805, 4.6436944, 1.3384843, 1.7190545, 3.493564, 1.3285506, 0.64244515, 2.7740247, 1.8577712, 1.379518, 3.8273687, 1.8057017, 2.66159, 3.092668, 3.5954652, 0.09160611, 1.5266341, 0.5294811, 0.52299994, 4.920966, 4.3013434, 3.0555573, 4.1437426, 0.12957302, 2.918908, 2.143942, 4.298354, 3.3868601, 0.029068947, 4.355179, 2.5002253, 4.401573, 3.5000858, 2.2208643, 2.313306, 3.94244, 0.061820872, 1.6458895, 1.8790702, 3.2551827, 3.8197937, 3.1434088, 1.0806667, 2.250625, 1.3587196, 2.5783112, 1.764667, 0.6754949, 1.7766263, 2.4561968, 3.251347, 2.4322634, 0.46263674, 4.707624, 2.630262, 3.141017, 1.5335233, 2.2569895, 2.968025, 1.4088323, 4.68747, 0.9812262, 1.3138068, 4.428434, 4.6730237, 3.5605063, 2.3762903, 3.5319788, 0.06659959, 1.4482094, 0.08286806, 0.10474937, 3.4434288, 4.844007, 4.8541803, 0.16940682, 1.0374867, 4.1503816, -0.053546358, 2.9687338, 1.1765896, 0.56843203, 4.1988654, 1.0226855, 4.580657, 3.8273692, 0.55279785, 3.9869878, 0.3527107, 4.192567, 4.628963, 4.766596, 3.4840832, 4.0300198, 4.235823, 2.5430636, 1.8878843, 0.9098678, 3.4100335, 0.41435036, 3.6245334, 4.330966, 1.3305826, 4.5878625, -0.027509239, 3.1257582, 4.919985, 2.8944023, 4.887128, -0.042581845, 2.2369423, 3.027869, 2.446493, 1.4389029, 2.2516382, 2.2258058, 2.351508, 1.3504122, 3.3596108, 1.1190304, 0.31315014, 0.7547238, 0.059431057, 3.0613537, 3.9677694, 0.8523286, 1.2271831, 2.2448056, 2.2179072, -0.02543754, 2.516293, 1.0178355, 3.2770627, 3.0261023, 2.8064146, 1.1230748, 3.5444605, 4.6326323, 2.7148468, 4.2865396, 0.7070884, 3.8063076, 4.944614, -6.8159623, -8.789232, -4.6943226, -9.566798, -10.143261, -5.3710036, -7.9109735, -6.836608, -5.4895196, -7.805366, -5.2627864, -7.728923, -9.360991, -6.870544, -5.377268, -8.05483, -7.2040615, -8.309063, -9.058055, -5.414174, -7.9349337, -7.3560476, -5.031226, -4.7452593, -5.548297, -8.524078, -6.869877, -8.499319, -5.857858, -5.2531357, -7.267727, -5.942895, -9.193877, -6.485854, -7.947925, -9.439031, -5.1696258, -6.485061, -8.767717]
[-9.524833, 0.65020853, 0.13358995, 2.772222, 2.1939309, 4.157948, 0.13790643, 1.6101954, 1.3021215, 0.670499, 4.068245, 4.048335, 4.0258155, 3.2103512, 2.1062374, 3.4159071, 2.7934012, 0.6907538, 3.8859727, 0.21410945, 2.2279315, 0.42958704, 2.8738601, 2.1880088, 3.2243555, 0.51277477, 2.228294, 1.4067334, 3.271578, 3.472222, 2.5772738, 4.086063, 2.1660528, 3.2150033, 4.497486, 1.2937686, 4.2908926, 1.3552152, 0.45970082, 1.7396275, 4.4110637, 1.9554249, 1.1510806, 4.7486525, 3.9942744, 1.4639382, 1.9054308, 1.7775927, 1.3672847, 2.0999336, 0.73849225, 3.9484663, 0.21522787, 1.0225315, 0.54744285, 2.0866969, 4.0631075, 1.2955317, 1.5985581, 3.5113852, 0.540165, 0.583128, 0.15574162, 2.1624799, 1.7595793, 2.6806073, 3.943387, 4.708086, 1.9770607, 3.584529, 3.3250272, 3.6793284, 3.5730796, 1.6656134, 2.09508, 0.07798934, 4.1965575, 4.3251314, 3.6921606, 2.9123714, 3.113622, 2.0417109, 3.7764378, 3.2157254, 4.1262326, 2.0813267, 0.84804434, 1.6092077, 2.4878113, 3.659331, 1.7413917, 3.815503, 0.62264985, 1.89351, 2.49506, 3.9136715, 2.4711618, 0.8905014, 2.497614, 0.669985, 3.7414362, 4.549592, 0.5733061, 2.4839954, 4.624749, 4.0193496, 3.1896992, 4.602311, 1.2533606, 4.6046786, 4.455111, 1.6576807, 4.55687, 4.322759, 4.2008686, -0.03392909, 0.74995357, 1.5894021, 1.3682792, 4.8777027, 2.3516867, 3.0795598, 4.9328613, 1.8297393, 4.398057, 3.7092938, 0.7299444, 2.7391932, 2.2241917, 0.2527926, 4.4578543, 1.5261157, 3.1107643, 0.7516581, 2.0861561, 1.1825049, 3.24694, 3.2483265, 1.8636193, 0.8933829, 3.116984, 4.179627, 2.5433295, 2.6439087, 1.9107814, 0.76485616, 0.6564062, 0.085739024, 0.5002352, 4.791191, 3.2607942, 0.23128523, 4.630766, 0.7385471, 2.1197379, 0.6264512, 3.1551845, 3.8920815, 0.9525773, 2.250492, 0.23952657, 2.6006484, -0.011749925, 3.9199867, 0.20109639, 0.4940319, 4.3717985, 1.1762599, 2.725456, 1.7488993, 0.9944897, 1.2681043, 0.505262, 4.278253, 2.4455128, 1.0356426, 3.9091697, 4.4551973, 3.218683, 4.286846, 0.2921055, 4.2885528, 0.05141865, 0.5238338, 4.397349, 2.0769165, 1.7231164, 3.930793, 4.3364606, 4.812616, 4.4428964, 0.924419, 2.0336077, 4.8978624, 3.650552, 4.088016, 1.6611223, 2.8795297, -0.03472614, 0.3395832, 0.76556367, 3.1780527, 2.8239782, 3.424398, 2.6960332, 4.738864, 1.0374438, 3.6885715, 4.663223, 1.0311726, 1.9042019, 0.96782935, -8.380838, -7.773881, -6.040578, -8.078263, -6.962425, -7.3581667, -6.5925384, -6.6850147, -6.374557, -8.142799, -9.485579, -7.388045, -9.823194, -5.8607903, -6.6311946, -8.693784, -8.011352, -8.433715, -9.956734, -9.121888, -7.0018826, -7.074623, -6.6897464, -7.2891197, -9.887289, -5.1604, -6.6481805, -6.861945, -6.888169, -9.478436, -8.097085, -6.435076, -9.81723, -7.5980353, -7.037502, -6.130779, -6.12146, -8.696087, -6.4756527]

 

Accuracy: 50.0%