Final Weight Matrix:
[4.621677, 4.771138, 3.084085, 3.7568088, 0.12531936, 1.8042729, 4.750971, 0.40624827, 1.0537452, 3.801273]
[1.7521977, 1.2413079, 0.057154894, 0.70801497, 4.3563967, 2.1757028, 1.8020898, 3.1878066, 2.6829677, 0.66446126]
[4.5133843, 1.7963445, 3.844101, 1.7175093, 1.8470889, 2.5525079, 4.094738, 2.4153757, 2.6454427, 2.9999294]
[2.1186452, 0.44324607, 2.6450825, 2.0119476, 0.64430445, 2.3171594, 1.8745914, 1.5061047, 0.6389499, 1.661607]
[2.026547, 4.982979, 0.49483538, 2.916802, 4.8397107, 3.4824681, 2.7239153, 3.652752, 4.6245136, 3.519099]
[0.4938841, 4.5828967, 4.7330847, 1.6924632, 1.8513936, 4.8799825, 4.5655694, 4.6110797, 1.1217961, 1.3692412]

[3.7472234, 4.1750937, 0.8866903, 0.11757761, 0.36376864, 3.058092, 2.2116458]
[2.2517648, 2.641922, 2.8493981, 1.7207289, 1.0636705, 1.572062, 1.9696627]
[2.4388995, 3.5269058, 1.6331089, 2.3740375, 2.498213, 1.828331, 2.7663388]
[0.6941429, 0.2323246, 2.8714645, 3.9036992, 1.8433237, 2.472553, 3.539561]
[2.863946, 1.9859791, 1.0672349, 4.807127, 3.0415273, 4.9332495, 2.5370278]
[3.1937008, 1.6115549, 0.5219242, 1.0679841, 1.0872724, 4.6205807, 2.9245427]
[2.6506014, 4.7917757, 0.31650394, 3.4554248, 4.468687, 2.8293285, 4.9591346]
[4.6245165, 0.7019943, 0.74961066, 0.54124594, 0.55877924, 2.759468, 4.0528708]
[1.812017, 2.5854397, 0.8370745, 3.5470734, 2.5323014, 1.6442579, 1.2801108]
[3.6518111, 2.384125, 1.1743965, 2.9123096, 1.5905988, 4.6131124, 2.3782282]

[-18.849878, -8.872977, 0.78518426, 2.331051]
[-20.21538, -9.345627, -2.190232, -0.35849166]
[-24.217558, -12.168655, -0.0069113504, -0.9024929]
[-20.224482, -9.0098295, 2.053101, -0.7634597]
[-22.078665, -12.539938, -2.2283225, 1.2572343]
[-20.973415, -12.1072235, -0.5501848, 1.9970753]
[-19.421106, -9.398593, -2.5847533, 2.864022]

 

Accuracy: 19.65318%