Final Weight Matrix:
[1.017978, 0.9359941, 0.66800237, 2.765975, 0.89193135, 1.9712359, 1.5752566, 4.5862803, 1.0618999, 4.1911364]
[2.7482858, 2.9609413, 1.1812482, 4.894739, 2.1846902, 1.3470912, 1.5406976, 4.21823, 1.7815757, 4.451956]
[0.38220376, 2.8626113, 1.3483832, 3.18459, 3.6631107, 1.2827593, 0.5758381, 2.7708635, 4.6063986, 1.2620538]
[1.4123237, 4.530557, 3.2436485, 1.8691239, 4.001349, 4.576165, 3.0030718, 4.100003, 3.183453, 0.22574037]
[0.7360944, 3.285549, 1.7161399, 4.4388137, 2.0111861, 0.34130037, 1.1727363, 1.4376101, 4.959641, 1.6716224]
[1.7549831, 4.6086116, 0.9397176, 3.544278, 3.507393, 4.1757956, 0.12596488, 2.8232727, 1.1197603, 3.2710037]
[1.2408075, 3.4004686, 3.3166332, 2.3139226, 4.764804, 2.5791202, 0.88113755, 3.859726, 3.407812, 1.1298972]
[0.47044873, 0.72286665, 1.5411093, 4.122478, 2.329781, 4.5776825, 0.90391874, 4.809368, 4.782452, 4.8479652]
[3.758609, 3.444885, 2.3999236, 3.3965943, 4.9068856, 0.61840415, 4.175452, 0.8215347, 2.5526066, 1.3898981]
[0.92891335, 4.4553638, 1.9415865, 1.6759589, 3.8523946, 4.9920673, 3.3891277, 1.1499825, 4.313442, 1.9577827]
[3.6644316, 2.6107602, 0.21550149, 3.572776, 1.5080094, 3.8246813, 4.7764726, 2.382102, 4.162365, 0.25910914]
[1.1328826, 1.9646919, 3.3742902, 1.6648513, 1.7684531, 0.05816728, 0.13402611, 3.916192, 2.1645808, 4.193311]
[0.035281777, 3.925605, 1.9922382, 4.942225, 3.231782, 2.3804402, 1.5289772, 0.81282884, 3.5199375, 3.829694]
[2.1631851, 4.7251706, 1.6607469, 4.6251945, 4.915654, 3.578273, 4.062661, 2.0034301, 3.894234, 1.2469286]
[4.8545065, 1.3079089, 4.7322803, 2.1634164, 3.9854434, 1.8888324, 3.030341, 3.5578141, 0.67716897, 0.48435897]
[2.010763, 2.2111034, 3.530233, 1.0585475, 1.3474569, 1.8671384, 4.1374936, 2.8337898, 2.991862, 0.042692423]
[4.7976904, 4.064187, 1.7783111, 3.049993, 0.043220818, 4.420673, 1.3576621, 2.4245882, 2.219002, 2.4340787]
[4.230587, 4.3450475, 4.3723745, 3.5197093, 1.1877334, 4.892385, 1.6641736, 0.7030359, 2.6226366, 2.3693767]
[0.39318115, 2.3129516, 4.9775176, 4.2669296, 0.37323147, 3.9045846, 4.9777107, 4.600732, 0.7253802, 4.331388]

[0.4764077, 0.1616472, 1.3860273, 1.7852128, 2.289748, 0.033343434, 0.60309947]
[4.358058, 4.678207, 1.4767706, 4.0418415, 3.1105363, 3.402084, 4.8002553]
[0.5730769, 4.135752, 3.0280704, 2.1036444, 1.4217389, 4.8248916, 2.3250163]
[2.1733544, 3.7419188, 4.6295657, 1.7977488, 0.32107025, 1.3146427, 0.4987085]
[1.2589767, 4.5016675, 3.472197, 3.783063, 1.6248971, 3.655696, 4.4023457]
[0.45212448, 2.0871415, 2.329176, 2.1195838, 2.676523, 0.41238874, 0.29973984]
[1.8791878, 2.1786478, 1.2546158, 3.1452975, 0.0018462539, 2.7467284, 4.1400476]
[4.531883, 4.6488876, 4.2092824, 2.7609143, 3.9643528, 1.2954149, 2.259972]
[4.653882, 1.9709468, 2.5740218, 4.3553762, 1.45827, 3.2047594, 4.9663644]
[1.543445, 4.166866, 0.90702266, 4.992901, 4.347558, 3.9703784, 3.1443393]

[3.2099698, 2.7253242, 1.13186, 2.5044527, 2.063564, 1.3503367, 1.7199123]
[3.6156964, 0.8484292, 3.5087595, -0.5781013, 3.520835, 2.5533106, 1.1127449]
[-0.1253116, -0.7804481, 1.5559213, 0.6588998, 0.095955215, 2.0948472, -0.16610768]
[1.7083948, 3.9341118, 1.0467052, -0.45434168, 2.1336405, 2.065308, 0.14874315]
[-0.3977186, 2.777456, -0.421892, 3.502131, 3.5365646, 3.2110734, 0.85883594]
[1.7463069, 2.3371682, -0.31248912, 3.204207, 2.6246765, -0.820019, 2.1213176]
[2.4762483, 0.6492121, 3.4784536, 0.54122066, 2.732888, -0.3253073, 2.3261778]

 

Accuracy: 19.047619%