Final Weight Matrix:
[3.294071, 4.891045, 1.8538535, 3.827367, 0.4617861, 3.5791638, 1.1495858, 3.7489293, 3.8018513, 2.3085237]
[2.8206215, 3.8380458, 4.1514783, 0.5414477, 0.06394982, 2.313848, 3.6868784, 0.5324885, 0.8196965, 4.337818]
[2.3247817, 4.9647226, 3.3199797, 2.0217702, 2.7195988, 3.3646345, 4.4890723, 0.47759384, 3.208963, 4.656507]
[3.7534556, 4.240733, 4.8377647, 3.0728233, 1.4922726, 3.5590866, 4.269811, 0.24381876, 0.9874663, 1.7138972]
[0.07559806, 4.8979716, 3.1749513, 1.5818582, 2.9910736, 0.23247957, 2.0630953, 1.3011775, 1.2806311, 0.69087]
[3.3852806, 1.0525916, 4.1408634, 4.9117026, 4.855184, 4.3836336, 3.061007, 3.8012757, 1.4655972, 1.1059453]
[3.450732, 0.61350316, 1.2362161, 2.8867059, 4.4733996, 3.1863527, 3.9979842, 2.1826184, 0.5286008, 3.946845]
[3.4796853, 2.965294, 4.935351, 1.3315046, 4.6179056, 4.7378063, 3.128512, 2.0180235, 1.5788796, 2.0118394]

[4.7257, 2.9838758, 1.0977015, 3.712008, 0.6081554, 4.3216414, 0.99784017]
[2.7979968, 2.222917, 4.887276, 3.9457085, 1.7861917, 1.5193985, 4.9406424]
[4.8683133, 1.2411261, 4.723539, 0.6769991, 0.9669557, 3.7646058, 3.7975433]
[4.929196, 1.7998459, 1.4987701, 3.281522, 4.843993, 2.587831, 0.7810718]
[0.94180137, 4.268871, 0.27973503, 3.8374286, 4.5142374, 0.21007031, 3.2598207]
[1.4083769, 3.9124763, 0.5863321, 3.1053712, 1.9963691, 3.7319365, 4.6692977]
[4.926353, 2.1654248, 1.2096109, 2.899946, 0.41357756, 2.572868, 4.0649166]
[0.045470595, 4.361985, 2.3630955, 3.7433555, 3.023, 2.6498723, 4.292199]
[0.48624992, 3.791518, 2.1746125, 2.7073011, 1.6580755, 4.892859, 0.2551514]
[4.8938346, 0.7578066, 2.9139283, 2.3990748, 3.5865114, 2.2302265, 3.018224]

[-58.166386, -65.2797, -68.24767, -22.244236, -59.21175, -36.016857, 0.87279296, -63.666874, -4.0198064, 1.9562844, -62.35453, -47.22333, -51.971706, 0.37612376, -0.9517334, 2.5383406, 0.5268451, 0.9621616, 1.3235264, 0.7487853, 3.4405665, 1.1358607, 4.265101, 1.0598967, 4.036607, 4.621644, -8.302438, -24.213709]
[-55.864864, -60.293247, -65.87356, -20.089535, -57.27879, -35.188522, 0.84980875, -60.05942, -6.7081566, -1.6300029, -55.203312, -46.455826, -49.857918, 3.1535017, -0.7694733, -0.6162488, 1.0320091, 1.293655, 2.0881145, 4.6677036, 1.6974823, 4.377239, 1.6651362, 0.17503087, 3.3409147, 1.4233693, -5.7015734, -21.96495]
[-58.753952, -62.897907, -69.86195, -22.3205, -56.901466, -35.37196, 3.6862109, -61.36623, -2.6373012, 0.705434, -60.627007, -49.575394, -52.343582, 0.50298226, 3.3158586, 2.0071108, 4.292032, -0.9528532, 3.3423378, 3.8556445, 1.320385, 3.1657488, 4.174894, 3.424635, 0.57919925, -0.007802188, -8.587171, -21.078579]
[-59.47495, -63.84714, -65.333115, -20.378506, -56.521763, -31.902063, 3.305035, -57.606438, -3.4552095, 2.403894, -57.653336, -45.44784, -50.19038, 3.8751063, 2.7485814, 2.984242, 1.4098566, 3.5257332, 2.0998833, 4.568401, 2.9379709, 3.658165, 3.418193, 0.26451096, 2.3091974, 1.0153079, -7.3710604, -19.238764]
[-57.03276, -61.26885, -65.4158, -20.524603, -59.401012, -34.59243, 4.2765465, -59.40622, -6.8575473, -1.7552402, -58.929047, -47.540302, -52.039505, 4.037905, 0.08829426, -1.2234659, 3.5980554, 2.1497138, -0.095343836, 3.2318497, 0.10779972, 0.54950994, 4.749539, 3.4360502, 2.494283, 4.7987337, -6.848887, -23.301073]
[-58.328312, -64.005486, -65.58426, -23.703836, -56.835327, -36.55032, 4.197375, -57.46253, -3.139113, 1.0990869, -57.118504, -45.633984, -48.076183, -0.06953869, 2.8105018, 2.6039608, 2.7727394, 0.9177253, 2.2981403, 4.294114, 4.065993, 0.53452057, 1.313697, 2.3799965, 1.3697121, 0.92931044, -6.059158, -23.249214]
[-60.467247, -63.717014, -67.90435, -22.0728, -59.710323, -36.973064, 1.047389, -59.590946, -6.0889874, 0.7409332, -56.21536, -46.473583, -51.188633, 0.2920146, 0.7389964, -0.9967497, 1.9922973, 3.6801665, 1.008273, 2.7377887, 1.6356895, 1.3362693, 1.7505387, 2.734428, 3.2384434, 4.8656487, -8.489975, -20.210312]

 

Accuracy: 8.851675%