Final Weight Matrix:
[4.7969847, 3.210051, 1.1944681, 1.5054431, 0.3971228, 3.1771863, 1.4367936, 2.5956259, 2.0472107, 3.111358]
[3.8230846, 2.2203445, 2.3507378, 2.1521046, 1.013036, 1.779418, 0.036044717, 0.80381364, 4.696309, 4.577924]
[4.948059, 4.3792467, 1.4071131, 2.5786905, 2.2980013, 2.7571154, 3.806933, 3.694263, 1.2416806, 0.17755866]
[3.114356, 1.1697254, 4.689581, 2.0195172, 2.238984, 3.3278348, 2.2293935, 4.480093, 4.043539, 3.1958795]
[3.9031668, 3.8870792, 0.1365298, 4.115183, 4.6442614, 2.1166828, 3.5124435, 1.7955512, 1.5892899, 2.6194272]
[0.98569065, 0.75507104, 3.4608164, 0.7542342, 4.689896, 3.1580946, 3.3196044, 0.1353994, 1.3701779, 0.5991331]
[1.3404164, 2.1667707, 4.9204593, 0.8865166, 4.830896, 4.7948174, 4.701483, 1.7564783, 0.52496403, 3.1958656]
[0.9119165, 0.23584306, 2.604733, 3.8267112, 4.4219203, 4.000366, 4.8805404, 4.2318134, 3.4658716, 0.117314756]
[1.8578575, 1.6996831, 1.8320396, 0.47698975, 0.8911684, 0.29686332, 4.2882433, 4.6111207, 2.4451754, 3.7466984]
[1.003502, 2.4595454, 1.4077806, 2.8440804, 0.42912185, 1.6141677, 2.0102234, 4.65444, 3.2043245, 3.1652188]
[4.8686137, 4.19886, 0.07039577, 4.1644154, 0.9572306, 0.006465018, 0.88548243, 4.958341, 0.524627, 1.1648574]
[1.7047691, 4.929604, 0.46441823, 0.92976004, 1.5561602, 2.0999124, 1.9271789, 4.692066, 2.2312174, 1.3257366]

[2.8099205, 2.0358775, 4.809532, 3.571843, 1.5650773, 3.662009, 3.1296315]
[2.7394655, 2.7397404, 1.2707078, 1.3517559, 2.4036713, 4.07425, 2.7834823]
[2.6713505, 2.3685768, 4.4713836, 1.9910274, 1.1339471, 4.3601937, 3.8856688]
[2.312012, 1.072469, 4.26605, 1.1973512, 2.5713208, 3.5902138, 4.810347]
[0.5257872, 0.80717087, 4.6032577, 1.275712, 2.6294045, 2.110976, 1.5444055]
[3.0908487, 1.0386449, 1.4241219, 3.9297295, 1.681295, 1.20754, 2.359804]
[1.5640479, 3.7025192, 4.159914, 2.2992315, 1.3823259, 1.5557446, 4.08686]
[0.8089337, 2.412007, 3.2328703, 4.9405475, 2.4343274, 1.4218962, 0.99391043]
[0.9110424, 3.0044856, 4.7747474, 0.9854579, 1.4913311, 1.110146, 3.3045878]
[0.63930154, 1.6828563, 3.5330322, 4.630617, 4.9146633, 2.3995118, 1.2667477]

[4.7833714, 0.12146837, -0.35113603, 4.749249, 4.411035, 2.5599241, 4.103299, 0.42485547, 1.0386337, 2.680871, 1.9880586, 0.6293956, 0.96354085, 4.735744, 2.5611475, 2.0583239, 2.5503242, 3.4202342, 2.1434884, 3.296661, 0.40350768, 0.78481436, 1.0820493, 3.9774106, 1.3688654, 2.2138388, 2.1503072, 1.057528, 1.4932297, 2.927377, 0.4565552, 2.6549902, 1.8139708, 2.4730422, 4.2936306, 2.83078, 0.25256008, 1.4356356, 2.1855059, 1.8968307, 4.7188625, 1.2358114, 3.3265193, 0.9543507, 3.329909, 4.5508614, 1.9641432, 2.402752, 2.8778841, 4.6776505, 2.2652383, 3.4113636, 2.835481, 1.7964066, 4.4712133, 1.7025951, 4.678967, 0.43609485, 1.5366019, 4.0917416, 2.3345602, 4.4135585, 3.625731, 1.2144085, 4.664501, 3.2914047, 2.569495, 1.1315985, 4.9211397, 0.92661995, 4.6100283, 4.3983116, 0.91365606, 4.6079435, 0.56123936, 1.045457, 2.2961986, 4.928579, 0.09359109, 1.8991749, 0.6049415, 1.5689958, 0.8703241, 1.7694808, 0.3694446, 0.43021545, 1.7378999, 2.926434, 1.7107607, 4.736721, 4.639324, 4.9306073, 4.3580403, 3.359251, 4.4639554, 3.0558693, 0.58976007, 2.1857128, 1.8392401, 4.52053, 2.9538407, 0.050818294, 0.24552892, 1.1796252, 2.0829897, 0.009920642, 3.9754598, 0.11588971, 1.0542516, 0.89046735, 2.468846, 1.758442, 0.8663169, 3.152927, 3.977615, 3.72871, -0.033884235, 3.6319551, 1.0025206, 3.0303843, 0.005500148, 4.748977, 2.7031336, 3.2732332, 0.6935133, 2.1858826, 2.9603133, 0.32171533, -0.06997383, 2.946861, 4.650596, 2.7947812, 0.14247842, 2.2506835, 2.2315478, -2.837162, -0.77037156, -5.269837, -5.474721, -5.1376343, -2.6260085, -4.818241, -2.2038658, -1.0923203, -4.277639, -1.0762748, -3.6373208, -4.790659, -4.829033, -2.527344, -5.0699644, -0.88996905, -4.3315544, -0.7510261, -3.1085854, -4.512626, -4.705418, -1.7028685, -1.176691, -0.84525895, -3.3403451, -0.2496197, -0.8138977, -3.0471022, -2.3333533, -5.454346, -4.476214, -4.6651435, -1.289863, -2.4760926, -4.8093004, -1.680574, -0.03226858, -4.242344, -3.972018, -0.18459037, -1.290217, -4.1149287, -2.5711162, -2.8857698, -0.49863353, -3.963931, -3.6636608, -1.882525, -4.5737844, -4.52088, -1.8562326, -0.22511332, -1.4301571, -4.7510905, -1.3727473, -0.52361596, -1.9684337, -3.0262856, -1.8955511, -2.3894482, -1.289492, -4.6080284, -0.89220876, -4.078642, -4.134455, 0.0873054, -4.825717, -1.2535543, -4.532707, -4.2979875, -0.19745427, -0.644581, -3.7651954, -3.6689224, 0.04038648, -4.646551, -0.2758088, -2.3152783, -3.2872345, -2.1271882, -1.0050651, -4.563677, -1.1566559, 0.02692049, -4.704141, -3.596151, -4.175597, -5.0939517, -0.7287525, -0.2674639, -5.026942, -4.6053934, -5.4222856, -4.998038, -2.9638107, -1.6249787, -3.1882582, -5.055538, -2.228299, -2.4405117, -5.225626, -2.9248822, -3.8532138, 0.008383892, -3.949991, -1.9895861, -1.5138408, -3.7578838, -3.779229, -1.1331764, -4.7775025, -0.73590213, -2.8559587, -1.5603094, -3.125499]
[2.4083784, 1.3304809, -1.9671167, 3.5214663, 4.5023713, 0.686883, 1.0842117, 2.9092798, 1.4796499, 2.1485014, 3.4523299, 1.9260236, 1.31844, 1.3288034, 0.6155201, 0.73267895, 3.2180204, 0.78952855, 1.8780594, 2.8074408, 2.762767, 0.03607505, 0.5439812, 0.651646, 1.1029377, 3.0178988, 4.172841, 3.7170503, 4.043224, 0.060002055, 2.8606172, 2.0212903, 4.935069, 1.8805925, 4.535154, 1.0157584, 1.5261853, 4.874476, -0.03945328, 0.8288797, 1.3208166, 0.22166234, 4.05407, 1.0685774, 3.2387366, 4.735994, 0.42722276, 2.5454564, 2.1962528, 0.41978356, 4.924144, 3.8095772, 3.4606037, 2.6268246, 0.7421281, 4.501468, 4.005154, 4.8204265, 2.7305768, 2.3382318, 3.3436334, 1.0187913, 4.0182624, 1.2047698, 3.3897328, 4.4171214, 3.585456, 0.8176345, 1.2566731, 1.9272678, 3.4255695, 0.781357, 1.0379332, 1.7360754, 2.5120773, 3.4790087, 3.28646, 4.1453266, 1.7622886, 0.81295145, 4.5525894, 4.6954575, 3.363063, 1.3685467, 2.707133, 2.8304307, 2.9474795, 3.8724394, 3.6831102, 1.5059444, 4.004924, 4.772352, 4.6370354, 3.4224935, 1.492449, 3.5261018, 2.059762, 2.8126996, 3.4940221, 0.8169765, 1.7717459, 3.4176204, 2.2381833, 4.0156336, 3.5691333, 0.89912283, 0.5415819, 2.0325127, 3.1832533, 2.6557114, 2.0400813, 0.97029394, 3.8831127, 2.5815985, 4.537075, 3.5818565, 1.9230369, 4.669655, 2.3999197, 1.2443992, 3.2408261, -0.03411711, 2.0577703, 2.3268719, 1.29234, 4.005573, 3.220925, 0.37182945, 0.35567945, 2.9743488, 2.8894968, 0.27331457, 4.4498243, 1.7457004, 0.45365828, -2.7941163, -4.865964, -2.4139352, -5.326334, -1.9575044, -1.9909312, -1.1328522, -5.0901017, -4.6265388, -2.3491225, -3.3958173, -0.54669076, -2.9259295, -4.8567224, -4.051344, -0.6796057, -4.190936, -3.7136111, -0.6226444, -2.194016, -0.6380353, -2.9015846, -3.3127337, -4.8924036, -1.3576865, -0.66119635, -0.5336687, -4.1845045, -5.2350426, -3.6847682, -1.5412755, -2.5572674, -2.7761528, -4.282152, -0.72765684, -3.61708, -2.7957864, -2.4658794, -3.5330546, -1.5363129, -0.68968064, -3.7211363, -3.7292688, -0.2984437, -2.414347, -2.6572378, -2.1487336, -1.480228, -1.8343041, -2.4468076, -1.7372841, -4.6717935, -0.67543304, -5.108528, -1.306313, -0.86498183, -2.875005, -2.9459372, -4.892602, -4.4458656, -4.1832438, -4.151336, -3.058461, -3.8225148, -2.2935936, -1.2454102, 0.09438067, -1.9680862, -4.2785773, -3.195266, -5.4247627, -3.953344, -1.5779154, -0.9853182, -3.251026, -2.18391, -1.1744304, -1.2909279, -2.2430704, -1.3707392, -3.155604, -3.803099, -4.348074, -1.9775424, -0.34586266, -3.9346445, -2.5095205, -1.4360077, -5.578336, -1.181619, -4.0499215, -3.4369822, -4.832323, -0.6326581, -1.651481, -2.9676769, -2.9739275, -3.8573701, -1.839845, -4.7268043, -4.480618, -5.471042, -4.893821, -3.6140814, -2.1969106, -3.5590005, -0.74036646, -2.8974082, -0.77295977, -2.980747, -4.855072, -1.5987031, -0.2706526, -3.036779, -4.7422285, -0.13579535]
[4.392369, 2.3135734, -4.671414, -0.023401119, -0.043588042, 4.4769897, 2.090201, 3.8890257, 1.6698697, 4.740873, 0.9452053, 0.6680543, 3.2062218, 1.6546478, 2.2198591, 4.941166, 0.46585742, 1.3443996, 0.47618666, 2.5528972, 4.0302863, 2.218647, 2.232212, 1.0610529, 0.44563013, 0.6609586, 4.5522404, 0.65921056, -0.075349584, 3.959864, 0.909145, 1.9911476, -0.020000638, 2.4945266, 3.612944, 3.266502, 3.338596, 0.7855874, 3.9626365, 0.64983857, 4.041596, -0.006451201, 0.5032228, 0.18666363, 3.4131577, 0.6093848, 3.8184888, 1.6962986, 4.8094053, 0.94926935, 1.4862608, 4.273532, 4.1305976, 0.17381278, 0.8675413, 2.5519779, 1.6941991, 4.711199, 0.5408261, 3.539423, 1.2650498, 2.013931, 0.07881772, 1.0849819, 2.28955, 2.6097493, 1.854463, 1.1662177, 4.1084433, 1.2818393, 2.1364188, 1.9262917, 3.760076, 3.7840939, 2.0650024, 0.77820593, 2.2588377, 1.1577375, 1.875013, 4.6168747, 1.2296358, 2.7820437, -0.042199176, 0.68749225, 4.241191, 4.705528, 1.0516243, 2.579077, 0.6878529, 0.4330484, 2.791022, 2.9159923, 0.93054557, 3.6162288, 3.7242155, 0.22240505, 3.7460961, 0.5762761, 0.022176798, 3.1724353, 0.80529374, 4.8972397, 0.07370159, 2.8700025, 0.37938845, 1.8704933, 1.9853638, 1.2168785, 0.17095506, 0.805763, 1.0075927, 2.11523, 3.4048758, 1.9841753, 2.9817777, 3.0981688, 0.9016654, 4.4623876, 0.85781866, 1.5468632, 0.05297325, 3.213387, 0.30164185, 0.3992537, 3.6352682, 4.3422413, 4.932547, 2.9852297, 1.31281, 0.9716022, 2.9682178, 2.36697, 1.0584289, 4.6311812, 0.2761308, -2.614853, -5.198153, -3.1162696, -4.126484, -0.5502553, -0.48531076, -4.3884883, -2.9913452, -4.8816357, -0.88193, -0.29304704, -3.9471745, -3.1440446, -0.5772105, -0.85001266, -2.758855, -3.764939, -2.1989908, 0.0065168054, -0.5373659, -0.637054, -5.3859425, -3.74211, -4.9200873, -1.62757, -0.4546531, -0.58343863, -2.0577254, -4.574938, -5.0778775, -4.971434, -2.587649, -4.7978964, -1.2972902, -3.709632, -1.7383476, -4.170529, -0.41805542, -3.7708082, -3.9965792, -0.2177456, -3.348935, -0.63372797, -2.5538125, -5.024912, -0.19018166, -3.5175576, -2.6083257, -1.6793036, -0.5446843, -1.0051075, -3.6783524, -2.2204635, -4.811938, -4.5714326, 0.08183624, -3.4311113, -2.898833, -2.180068, -1.3480536, -3.9022334, -2.3087454, -1.539758, -3.1662364, -2.528215, -3.4581475, -0.73032796, -0.57044816, -1.1775943, -4.3947024, -2.0559325, -1.1937757, -0.07247715, -0.76364046, -2.4732318, -0.08988273, -5.2052646, -4.5787673, -1.897283, -5.2530556, -3.9334118, -3.78645, -4.3172693, -4.4613285, -2.60498, -1.2334121, -1.6217103, -3.6727176, -5.224028, -0.6569304, -5.0570793, -3.419785, -1.8477722, -4.867334, 0.05720571, -1.4485698, -2.5111203, -5.1976004, -3.0670826, -1.41247, -4.006951, -1.3048937, -0.9246551, -4.1490355, -1.007432, -0.2464036, -0.9364369, -0.42811424, -3.778579, -4.130385, -2.7529945, -3.9195316, -4.551592, -2.1713638, -3.4985905, -1.1329153]
[1.412877, 2.1672857, -2.694067, 4.8663864, 3.4700356, 1.4070901, 4.3932724, 2.0680962, 4.350198, 2.0501003, 0.12871346, 4.4262066, 4.8343005, 2.4096322, 3.7897143, 3.9880123, 2.585873, 4.4503927, 2.249867, 3.357157, 2.2135835, 0.8607585, 2.0069513, 2.6454628, 0.67182964, 1.7153019, 3.8394601, 0.67171794, 1.2556468, 0.948032, 0.6101054, 0.2868763, 2.8899446, 1.4528146, 4.002379, 0.935249, 4.0651684, 3.4499922, 3.5857115, 2.2815273, 1.1056148, 2.1885335, 3.148279, 4.4170136, 4.552853, 0.1764496, 0.076528326, 2.170361, 4.414157, 3.8029969, 3.5877852, 4.7861295, 4.7943826, 0.21521418, 4.770105, 0.43711767, 0.8835714, 3.9106417, 1.6260002, 1.7497956, 3.9445522, 2.8657067, 0.80011094, 4.122965, 4.7319508, 4.1182375, 3.043675, 4.2704406, 4.711008, 1.2683258, 2.9145002, 3.2011433, 1.6219474, 0.99249965, 1.849491, 3.9573004, 4.528208, 3.9723737, 2.619698, 2.5038745, 1.2813601, 3.556598, 3.0239098, 4.179339, 1.1454401, 3.5886354, 0.1495705, 1.5041187, 0.1931607, 2.4189084, 4.175817, 2.6669753, 2.693523, 2.7751203, 1.0461612, 0.057517417, 2.6882808, 0.47945905, 3.515507, 1.5694717, 3.6147327, 2.4736493, 2.705527, 4.6215158, 1.347814, 1.2161331, 2.3527048, 3.6205332, 4.394801, 1.2527692, 0.77621293, 1.4122121, 2.2820866, 3.6103818, 4.3141527, 2.1408122, 0.9550573, 2.1131182, 1.4735475, 0.21576424, 2.5060046, 0.24334784, 0.8515532, 3.9611325, 1.6169586, 4.7927065, 4.658548, 3.2439864, 0.20593564, 3.5586667, 3.2151594, 3.3726516, 1.0433499, 2.0219944, 1.5133752, -1.465013, -4.939838, -2.2138865, -0.59311986, -3.271037, -3.022259, -2.5621576, -4.754847, -4.876107, -2.1953115, -1.9699919, -4.280885, -2.5556898, -0.46258724, -2.784776, -3.1057158, -1.2395929, -5.110459, -2.1676, -4.235638, -2.606856, -5.473766, -3.915946, -4.5124326, -4.545649, 0.06664107, -2.6039116, -1.2390306, -3.8899062, -2.533448, -3.2793047, -5.0553336, -5.354326, -0.29942653, -2.4269059, -1.506523, -0.5061646, -0.47913334, -2.79328, -3.0957384, -2.0013163, -2.987414, -3.753293, -0.37676474, -2.281764, -0.97514546, -3.7407627, -2.759818, -0.60363144, -3.587575, -3.3900776, -3.749938, -3.2876608, -1.9086637, -2.8753867, -4.362318, -1.953021, -3.512431, -4.4265966, -0.16293176, -5.1241345, -0.6609475, -1.0924251, -1.3278562, -3.501841, -1.7504662, -1.2587916, -0.70599735, -2.4851565, -1.4647902, -3.459298, -3.7017505, -4.1077256, -0.9858469, -2.9834368, -3.843728, -5.4281235, -0.23505199, -3.59476, -3.4742522, -2.7300632, -3.5106924, -0.8246793, -3.1489813, -1.4950248, -4.7985296, -2.256975, -1.6782444, -4.8102565, -0.9395562, -2.2892869, -2.8339818, -2.975972, -5.271721, -1.701324, -0.017733965, -2.6914647, -4.4432034, -4.448923, -4.0280824, -2.580768, -3.425468, -3.5114746, -4.6802583, -0.15972176, -2.8563428, -3.72968, -3.2940311, -2.3260474, -0.93986577, -3.7797065, -2.5391908, -3.3981671, -2.285506, -5.4067817, -1.3460394]
[1.7273995, 4.6804338, -4.6284294, 0.469056, 3.6834126, 0.10309497, 3.7900023, 3.2900393, 4.3942175, 0.48363808, 1.9998556, 1.3665477, 1.5380772, 4.3106923, 0.031194512, 3.5417895, 0.56814, 3.0768154, 2.1543295, 0.7642493, 1.1110122, 4.4034414, 3.1386495, 2.4725282, 1.6044883, 4.704752, 4.286103, 2.5518138, -0.084690526, 3.0547888, 2.4558427, 4.5310082, 1.6534162, 0.41232654, 3.688605, 1.2918401, 4.7174015, 4.2366614, 1.6735325, 1.9719411, 2.5792718, 3.4924374, 0.5266304, 1.3727572, 4.6384654, 4.0096726, 1.3183807, 3.3780386, 0.15701458, 2.3865232, 1.7883887, 4.184856, 2.0268478, 0.8869796, 1.8137699, 3.2929716, 4.816624, 0.8616206, 4.7347264, 0.55735344, 0.6437779, 2.3873577, 2.373391, 1.7234259, 0.9342299, 2.7239373, 4.106654, 3.2646255, 4.635297, 1.7280151, 0.13974619, 4.406478, 1.3070928, 3.0031075, 4.8679833, 0.79346234, 0.027028823, 3.206198, 4.842409, 4.1108284, 3.902562, 2.44967, 0.3256295, 0.09507831, 4.785412, 1.1725727, 4.904728, 1.4582034, 1.0557349, 1.4990447, 2.4946346, 1.9491307, 1.1952547, 1.231181, 2.004774, 2.1858246, 2.0595853, 3.857512, 2.5177338, 0.5850316, 3.6253057, 2.6482487, 2.4448974, 0.16764921, 3.4609263, 3.219226, 3.8398232, 3.836904, 4.9128847, 3.7895594, 2.6003618, 1.4009255, 2.4642236, 0.07274796, 4.521092, 2.2425354, 1.7524503, 1.8315859, 1.919055, 3.5713477, 2.5507836, 1.5749403, 2.7898674, 3.0504916, 1.4051307, 4.8038273, 1.3771808, 1.7313355, 1.6646281, 2.597881, 1.495956, 3.4388778, 4.004363, 2.6401966, 0.53763163, -0.88955617, -2.0034313, -1.6801425, -2.9602368, -3.7992272, -2.7131279, -0.4775996, -2.1311805, -3.660041, -0.66557944, -4.324412, -3.3411577, -3.1515942, -3.758271, -1.3651409, -4.875659, -1.5398566, -1.8190209, -3.1994202, -0.9110593, -3.971643, -0.78749883, -3.36895, -3.0835307, -4.502702, -4.033122, -2.3424911, -4.089262, -1.628635, -4.7061596, -0.8077417, -1.465991, -2.3951774, -4.4926753, -4.783769, -5.3402286, -0.89882135, -4.1689987, -1.4284755, -3.7852352, -0.88105184, -4.3974485, -1.4798652, -0.2836999, -4.12437, -0.26131526, -3.9642096, -2.2842, -2.4698825, -0.23220539, -4.638956, -4.413003, -0.9425222, -2.1563847, -1.6344143, -1.7505049, -5.105868, -3.8795023, -3.3226814, -4.7426777, -4.6012325, -2.3624728, -1.2770886, -0.7881871, -2.3707676, -3.224925, -1.2216824, -1.2558513, -1.8166468, -3.3622382, -4.0719295, -1.513388, -2.4827225, -2.160033, -4.927933, -0.8891509, -4.2465644, -4.948344, -3.5019372, -1.5214564, -2.0565636, -5.174537, -0.83066577, -4.745144, 0.0837803, -3.5979922, -0.47232705, -3.5227098, -5.4378037, -0.1488322, -1.4407254, -2.7157404, -3.0389416, -4.223172, -1.5223637, -2.1209564, -2.130565, -4.770688, -4.585262, -3.6551316, -3.929182, -4.9445066, -3.306798, -2.6735814, -4.562271, -1.4169241, -3.3394208, -3.099569, -3.9383035, -2.528703, -0.7678071, -4.7366796, -3.5665088, -4.2493386, -1.8617207, -1.6560934]
[2.7837946, 0.0110672135, -1.3764557, 3.5195205, 0.7038957, 0.9950526, 4.067042, 2.013826, 1.5164933, 0.2521047, 3.227449, 2.0884492, 2.7950637, 1.5035404, 1.3789971, 3.8194425, 0.51757866, 4.8263807, 3.7308402, 1.8760285, 2.628478, 2.3911135, 0.69822955, 3.6217022, 2.0225172, 1.4667639, 2.5589402, 2.8962183, 3.4378242, 0.32825145, 1.0869526, 1.8604519, 0.4476284, 2.575785, 3.646305, 3.7570963, 1.1231027, 0.6392921, -0.044643264, 1.9609253, 0.1937985, 3.4139965, 4.6108217, 2.4595866, 2.175816, 2.9447942, 1.6840789, 0.37596923, 4.4549685, 2.5871851, 4.5511384, 0.122953825, 4.884931, 3.3671303, 3.1151955, 2.9692488, 0.089263804, 0.40837032, 4.830232, 0.25905612, 2.8505776, 3.5295942, -0.026766509, 1.4500599, 0.5180768, 0.0012114067, 4.920515, 4.413408, 4.023165, 1.5789876, 4.0543637, 1.7339458, 0.5790961, 2.194595, 3.1774998, 2.670674, 0.11793505, 3.3495948, 1.7139171, 2.067128, 0.1535585, 1.2526727, 1.7996377, 0.9191335, 2.0691962, 2.0964108, 2.7053726, 4.046291, 2.0428884, 4.556122, 1.7410731, 0.2152769, 4.5328393, 3.4698718, 0.5680257, 1.1360741, 4.0148973, 0.7051999, 1.879009, 4.7411275, 4.5069747, 2.9652314, 1.2450836, -0.034638576, 0.14931804, 1.854791, 2.3431144, 3.2440736, 0.18594028, 1.6878654, 2.8322096, 4.7444777, 2.620983, 3.1657987, 4.466823, 0.39160556, 2.3254964, 2.1439328, 0.96240443, 4.234089, 1.8450515, 2.4976146, 4.4859595, 2.0320687, 4.446333, 4.626497, 2.292836, 1.9552133, 0.33661377, 3.4863334, 4.7806263, 2.3435621, 0.42990494, 1.0532197, 0.48219085, -0.22711268, -0.35550177, -2.1249762, -5.3889003, -3.910377, -1.0028, -2.9430337, -4.672409, -4.2703953, -1.9829783, -4.038948, -3.1556926, -3.3280387, -3.415476, -4.270268, -5.2844906, -4.28659, -1.4810711, -3.1078696, -1.942903, -1.4937785, -0.69465524, -2.4049952, -4.31348, -3.0496876, -3.2817514, -2.6189198, -1.1340898, -3.0547338, -5.1708984, -5.086009, -3.5105615, -3.969887, 0.0067122597, -3.7923298, -3.778574, -1.2504565, -0.11656184, -0.5160019, -4.521296, -4.2312884, -4.6608324, -2.980393, -2.0169082, -4.099032, -0.7947789, -3.96644, -3.6126325, -3.0962176, -1.9221907, -2.2485473, -4.399715, -3.001764, -5.0776653, -3.0887213, -4.5494175, -2.2970462, -3.9658859, -4.7919407, -0.7105299, -2.8430686, -3.6112566, -2.6629822, -0.2091419, -1.6589129, -1.5070494, -3.1336527, 0.026153836, -2.5066857, -4.170922, -2.2320645, -2.3664188, -4.020097, -0.005934275, -0.55107206, -2.9775095, -4.8399835, -0.589952, -0.9955107, -3.7334187, -0.49541637, -1.9057537, -3.7720556, -4.7899027, -1.9350308, -4.62102, -4.066487, -2.000793, -3.926613, -0.3864669, -1.0605273, -3.3115115, -4.443441, -4.6527276, -4.8583217, -0.3822166, -1.7349961, -5.4360795, -3.6254265, -3.2704566, -2.221887, -5.34814, -5.049539, -2.451872, -0.095013574, -1.8192728, -4.640177, -4.98886, -3.4179206, -4.548924, -1.1971719, -1.1197339, -1.4282619, -5.4314375, -3.1872966, -1.4379711]
[4.9424286, 3.8573067, -0.14357854, 2.8455658, 2.2742748, 1.1523261, 1.1562899, 2.0892205, 4.5805507, 1.3112186, 3.5895367, 2.9750166, 2.3089046, 3.9315515, 0.8263723, 4.063268, 4.135282, 3.7349734, 0.16309349, 1.9032788, 1.7089279, 0.5903954, 0.992384, 3.5093775, 1.5737062, 4.0375247, 1.4472582, 4.196668, 0.5221778, 1.1874228, 2.057563, 2.278871, -0.03511297, 3.4772918, 0.17989932, 4.2798023, 4.780984, 1.1484373, 3.6284084, 2.2891212, 1.9488648, 0.6878945, 3.0545373, 0.28110358, 2.9588559, 3.619137, 0.13213396, 1.7898384, 0.87218606, 2.5037763, 1.7549008, 3.3565044, 0.17547284, 1.0205557, 1.3521616, 0.25053754, 4.633127, 2.6430979, 1.5156771, 3.4936073, 4.4795556, 0.94415164, 1.3290014, 3.452028, 0.20094305, 0.72909623, 3.4795108, 4.5208163, 4.0268188, 2.7168515, 4.688627, 3.624785, 4.381911, 0.5565863, 2.634878, 0.39904228, 1.6000855, 3.1569028, 0.67111623, 3.7123442, 0.56724495, 0.8986903, 0.7945768, 3.0418973, 0.2886438, 2.8175678, 4.741074, 1.3676696, 1.7526493, 4.712077, 4.514763, 3.2759056, 3.6966095, 2.7956147, 1.5649173, 4.3749933, 2.07085, 3.5908177, 0.93973833, 3.7374766, 3.9588969, 1.4656892, 0.970861, 2.352309, 2.4503188, 3.404003, 0.33161166, 0.054602273, 0.32815596, 0.8996085, 2.7275448, 0.43261427, 0.77558225, 0.017535558, 2.4128263, 0.49992862, 1.3533858, 3.5546644, 1.1902151, 3.5386524, 3.116339, 3.2239325, 4.7241726, 2.2602222, 2.418104, 1.7391224, 3.0565133, 3.1024292, 0.032927252, 4.199021, 4.931738, 5.0065893E-4, 2.9749928, 4.8340034, 3.275564, -2.3671525, -3.3723583, -5.2944627, -5.1437097, -0.69592965, -0.28935644, -2.4625068, -4.0904512, -2.6134303, -0.47822842, -2.3323278, -3.220048, -5.2524962, -4.6314735, -2.6742063, -3.194749, -1.1475918, -1.9282607, -1.7334902, -2.430488, -1.6218677, -5.2656245, -3.6172516, -1.5067127, -3.1422985, -1.2082095, -4.191244, -5.0835958, -5.3957577, -3.4697685, -5.056299, -4.651343, -4.604869, -1.8131031, -1.4030077, -4.7050886, -2.93599, -0.8615042, -3.5851352, -0.63801503, -0.21421334, -2.1824613, -5.2538157, -2.50627, -0.5204095, -3.4018345, -2.8671293, -1.0877035, -1.3247249, -4.565392, -3.1673493, -2.5630286, 0.028225256, -5.3217697, -4.4529834, -1.7467506, -1.3891765, -2.3881896, -4.3968444, -3.9813378, -1.7752802, -2.1791875, -4.8873706, -0.84628195, -2.7371569, -4.28453, -3.2406769, -1.4572833, -4.033198, -0.82293206, -2.9523392, -2.2124958, -0.7642683, -1.9098722, -4.4702473, -2.1187987, -1.8247794, -2.9355109, -4.5540614, -3.5036702, -2.5934496, -2.1258738, -1.8939399, -2.4385004, -4.560816, -5.1723413, -1.9267046, -4.012923, -4.390158, -1.3562431, -3.1667635, -4.665008, -1.6202464, -0.9508345, -0.6205133, -3.7202156, -2.4088497, -2.3571756, -4.2126346, -0.56810766, -5.071695, -1.3611664, -2.8507156, -0.67056155, -2.8730361, -2.9998395, -2.613625, -4.301727, -1.7806879, -5.1469507, -3.264858, -2.1059735, -1.7170485, -5.1758776, -3.3333426, -4.0034137]

 

Accuracy: 48.076923%