Final Weight Matrix:
[2.9545333, 3.765585, 0.35511613, 1.1718247, 2.9717999, 2.0226884, 0.18488407, 0.107047856, 1.9193366, 2.1679163]
[1.8572571, 2.082652, 4.863022, 2.1415114, 0.8520594, 3.027996, 1.4888006, 0.74402064, 3.567503, 4.282822]
[4.8071675, 4.846155, 4.323146, 3.9747562, 2.8873734, 0.8765951, 2.0567431, 0.20904392, 4.0470676, 0.7801825]
[3.7117183, 1.4441905, 4.252555, 0.7385686, 4.3944116, 4.8963017, 0.2062574, 1.2315729, 1.894185, 1.5317061]
[1.1536453, 2.2100167, 4.055004, 4.2431145, 4.10238, 2.2349782, 2.6676588, 0.12106836, 3.2603285, 3.9152095]
[1.1237305, 3.4323053, 3.7432103, 3.1105254, 3.595345, 3.4930434, 3.2317905, 0.44647306, 0.24138898, 3.2119024]
[3.3558016, 2.2524455, 2.1069708, 4.6986084, 0.30822486, 4.155026, 0.39750487, 2.1558304, 3.0384903, 4.0598793]
[1.5438757, 3.8481255, 1.4039403, 2.9836676, 1.5059674, 0.47034085, 3.771038, 0.2625826, 1.6166737, 0.8047861]
[1.7249372, 0.69218457, 3.6788452, 0.38967222, 3.069916, 1.5358493, 3.177999, 3.638813, 0.06368667, 4.4835615]
[1.251755, 4.713207, 3.5337627, 1.2218168, 0.30363768, 0.5982971, 0.95998764, 4.477558, 4.9081054, 3.5764549]
[4.8882966, 2.1784317, 3.422443, 2.283232, 1.8591616, 4.6979437, 1.6997278, 0.119454265, 4.9104743, 0.2626884]
[0.6387353, 4.17121, 3.247466, 1.2406573, 4.3678627, 3.3187456, 0.78844815, 3.721374, 0.45046836, 2.6364124]

[3.4059412, -0.021183677, 3.0375838, 0.7892735, -0.036694594, 1.7168232, 2.6886888]
[0.033708215, 2.7393157, 4.3782806, -0.06800444, 1.6819305, 4.1421413, 3.1985898]
[1.6104274, 2.215212, 2.3240194, 0.4622144, 2.9477546, 1.618746, 3.687538]
[-2.7490423, -2.2277534, -2.9183743, 0.68073237, -1.0231632, 0.052672483, -3.7769573]
[3.83765, 2.876076, 2.1811192, 4.1111712, 0.82948166, 3.3904681, 2.5265381]
[1.3518206, 2.7334208, 1.9415234, 4.663076, 4.5144744, 2.267262, 2.3422863]
[-3.755671, -4.386016, -1.8010188, -4.7332206, -3.2047687, -1.7100435, -1.4737655]
[-2.9734504, -1.4051168, -3.4097874, -4.0852327, -1.563966, -2.2155113, -2.4681168]
[0.18891713, 1.7774113, 3.4835534, 1.3874475, 3.5866852, 3.9146943, 4.2057548]
[-0.093977794, 1.423472, 1.4031508, 4.1903367, 0.6480005, 2.812985, 2.8919914]

[-20.36655, -201.90645, -565.33636, -1121.7671, -1863.8767, -2786.0388, -3901.6294, -5201.9995, -6687.396, -8354.699]
[-17.839699, -201.94112, -567.32825, -1120.241, -1859.072, -2786.9456, -3899.4077, -5196.6035, -6677.8335, -8347.018]
[-20.212881, -199.09277, -566.62823, -1114.2548, -1853.1943, -2775.4546, -3885.3225, -5178.449, -6654.2715, -8320.003]
[-19.606335, -199.55273, -567.75146, -1117.7039, -1855.8027, -2778.7314, -3891.6118, -5186.3223, -6668.384, -8337.818]
[-18.690464, -197.40707, -563.8756, -1114.5627, -1852.7437, -2772.8076, -3877.9458, -5170.76, -6650.113, -8312.283]
[-17.440594, -199.71811, -559.3929, -1109.1383, -1843.4702, -2759.4014, -3860.1099, -5145.7925, -6615.714, -8267.681]
[-16.000671, -197.91132, -564.3196, -1114.4055, -1853.2756, -2774.0234, -3880.5176, -5173.2563, -6652.4077, -8319.07]

 

Average Error: 0.01923077