Final Weight Matrix:
[0.6322411, 3.1977334, 0.5114734, 4.684761, 3.8201597, 0.44177264, 4.474282, 2.3112054, 2.7362094, 0.3874001]
[4.920562, 3.1615705, 3.0017233, 4.882511, 0.40304154, 0.44772863, 3.9635854, 3.0632563, 2.806915, 4.856157]
[3.1837826, 3.373783, 4.845564, 1.9115791, 0.9257981, 2.0265608, 2.1095452, 2.0918708, 0.8174658, 0.9465927]
[0.8562219, 1.601223, 3.5404, 4.7930603, 4.5839624, 3.0867937, 3.1176827, 4.739344, 0.43672085, 3.5215163]
[0.3834179, 4.896041, 3.2540836, 4.2779393, 3.3374114, 0.17629027, 3.9437315, 1.0312893, 0.9611103, 3.888724]
[0.08604884, 1.3912795, 2.4206953, 4.7767334, 3.7657406, 3.049055, 0.4615897, 1.7450073, 2.497373, 2.1062615]
[1.8355328, 1.2827504, 2.408443, 4.136306, 3.2547712, 1.0304117, 4.1556954, 1.312896, 3.1739655, 4.9817047]
[0.17192245, 3.6678994, 3.5233662, 3.169187, 0.018443465, 2.6401515, 4.7990646, 4.0695066, 2.803083, 3.6203275]
[4.928155, 1.368892, 2.7180634, 2.1463165, 4.417136, 1.651594, 4.8632274, 0.8611995, 1.1375191, 4.2803555]
[2.2070262, 1.8051467, 3.95836, 3.510797, 0.063370764, 3.2070594, 0.3842339, 2.2687845, 3.0426483, 1.696029]
[4.5601974, 2.0847602, 0.48884034, 3.9316986, 4.951767, 4.2508845, 3.8138313, 0.6120634, 4.7652993, 4.190292]

[2.4594288, 1.8529531, 0.63739324, 2.4127471, 0.98969007, 0.13641888, 4.2688155]
[2.9067147, 2.7551682, 3.605857, 1.7935209, 4.7672095, 4.9069505, 2.1078134]
[3.6827867, 2.6971586, 0.07243322, 1.215763, 4.503589, 1.4291887, 3.7007625]
[3.7929723, 2.8144915, 1.2545886, 2.863794, 1.6198438, 3.8079228, 4.6863546]
[1.7250806, 4.004043, 0.9033176, 1.8318033, 1.1862019, 0.37764728, 0.68640256]
[0.44469276, 2.4316034, 1.8977014, 2.1145074, 0.7614888, 1.7598239, 4.385207]
[0.65730876, 4.4040337, 1.7353133, 3.1507213, 3.3474886, 1.7065543, 2.2417262]
[3.0770254, 3.435092, 0.25066727, 1.5135792, 0.67753935, 3.9923038, 0.635395]
[2.5335429, 4.186515, 2.1250787, 4.7616763, 4.512624, 4.3311844, 4.0710435]
[4.105682, 3.2500527, 3.976061, 0.72336745, 4.930179, 0.5866046, 0.25628334]

[2.3024833, 2.1119041, 3.1535356, 1.9948405, -0.06182669, 0.4514768, -0.21501985, 0.0956856, -2.0568883, -0.31069446]
[1.7994356, 1.5752516, -0.15192047, -0.22387151, 2.9548154, 0.27294284, 1.6414206, 1.7694852, 2.5340168, -2.0512867]
[4.5260916, 2.4271367, 1.7629279, -0.19232976, 3.9614685, 1.8422078, -1.3957145, 0.4195938, 0.89655095, -1.3396616]
[4.512662, 4.2470913, 1.415135, -0.15472995, 1.5937996, 2.0566888, 2.606238, -0.4225766, -1.6442995, -1.893229]
[1.639427, 1.5897255, 0.3480046, -0.30428195, 3.398922, -0.6658211, 3.4052413, -0.6994241, 0.11264807, -0.41871238]
[2.1313605, 4.277301, 3.379311, 2.5175853, 0.33231765, -0.4660764, -1.4321189, 1.2952623, -0.38666826, 0.5774408]
[3.8648565, 1.7936015, 1.5063803, 3.9560301, 3.4401205, 1.9920624, 2.2715929, 2.619025, 1.8253291, 0.79450464]

 

Average Error: 0.006016486