Final Weight Matrix:
[4.7430587, 1.4053342, 4.272031, 4.0981646, 4.9083242, 3.4289825, 0.055617392, 3.4961286, 3.8795986, 2.0724163]
[1.6064861, 4.104825, 0.59691995, 1.8993948, 3.3389401, 0.880872, 4.682577, 1.3552803, 0.19814849, 0.6681806]
[0.45921177, 3.1820574, 0.3098297, 3.2955427, 0.817571, 1.6618433, 4.915255, 4.1913633, 3.162382, 0.40460736]
[1.9668832, 3.4129918, 0.17356485, 4.878554, 0.5709833, 2.4658527, 4.4981947, 2.102693, 1.3476679, 4.447528]
[2.5692725, 1.1783904, 2.7017343, 3.6684906, 2.4415927, 1.4436299, 3.1284914, 0.88938713, 4.0820785, 3.5694246]
[2.6394315, 2.9802628, 0.7692522, 2.4770226, 0.5083817, 1.0962191, 3.7895558, 1.3976171, 2.087954, 2.2136097]
[1.1906376, 4.099146, 2.910141, 2.0585206, 3.0152557, 2.4090867, 1.598387, 0.45317084, 0.8239874, 4.8251143]
[2.919036, 1.9147229, 2.8784938, 2.6499681, 4.17859, 1.8642929, 2.6357908, 4.651333, 0.92363566, 3.0816925]
[3.062093, 1.4360654, 4.769659, 4.504293, 1.1546967, 4.260474, 1.1234972, 3.1876838, 3.2325683, 4.859858]
[3.4751832, 1.1833837, 4.3694344, 1.5721625, 2.924848, 2.3473268, 3.4739873, 0.81902415, 0.23875147, 0.16532719]
[0.22520483, 1.1748141, 2.2581134, 3.7020187, 1.4297547, 1.3484913, 1.1309993, 4.7723036, 2.5441313, 3.4875374]
[3.0200691, 4.5641294, 1.5858144, 4.117133, 1.5295541, 1.7641419, 1.5127482, 2.5957193, 4.6686163, 2.9497206]
[1.2742907, 4.3105707, 4.2535505, 3.698971, 3.103136, 4.579919, 2.979596, 3.762016, 3.5283267, 0.763157]
[1.1489624, 0.35052598, 4.9241858, 1.8148968, 2.1127782, 0.39664447, 3.8769016, 1.125051, 4.711823, 3.6567364]
[3.0356274, 3.1541004, 2.4280903, 1.0797298, 1.5326566, 0.05441487, 2.0834641, 4.604913, 0.19981861, 0.13464153]
[4.9433537, 4.8211756, 0.19627273, 1.9100946, 2.1552343, 3.920744, 0.8949384, 0.33878416, 4.931238, 4.468041]
[4.8777003, 0.18676937, 2.5797243, 1.421482, 2.1681042, 0.8301872, 3.9158406, 3.976692, 3.7175436, 4.9823847]
[2.2013476, 1.4181238, 2.06807, 2.1466188, 1.2482417, 3.6874459, 2.7811682, 2.1168041, 0.79119325, 3.6070385]
[3.9645388, 1.6755936, 3.515585, 1.0817239, 2.1936057, 3.130953, 1.999388, 0.47841847, 0.5347663, 4.365351]

[2.2696736, 0.22926182, 3.7850785, 4.287339, 2.122781, 3.3870924, 0.57799786]
[3.6308284, 2.9487696, 0.8917147, 3.6249914, 4.865678, 1.6265764, 0.08065521]
[0.10443747, 1.002751, 0.41023076, 3.0390356, 2.4364808, 0.5014524, 3.3556151]
[1.6605252, 1.3378066, 4.5376973, 4.1918116, 4.3562965, 2.9041262, 1.0506079]
[1.0243237, 1.6634665, 4.369202, 3.2579627, 4.475908, 2.1711583, 0.3141865]
[4.4801455, 3.883923, 4.194264, 1.2048305, 2.9222825, 2.7437007, 2.1159787]
[1.7997307, 3.5822713, 3.431308, 1.814666, 0.86134255, 2.2419438, 4.2751346]
[3.7536054, 4.7022877, 0.88883036, 0.6460693, 2.1993625, 1.9798615, 3.2515445]
[2.9758134, 3.3421612, 1.2071544, 4.023121, 2.5204756, 0.40668726, 1.1534438]
[4.919641, 2.4933977, 0.8917004, 4.46125, 3.8677785, 4.5817714, 0.9798968]

[0.7791621, 0.12029126, 0.8862722, 2.012991, -0.24709564, -0.28227162, -0.5542508, -1.9818361, 1.2705921, -0.53795683]
[2.5874634, 1.2683619, 3.5598986, -0.3096907, 1.6100197, -0.036465943, 2.2331543, -1.9098132, -2.6033375, -0.27586472]
[2.7783408, 4.1082754, -0.073305435, 0.87954766, 0.89778066, 2.089877, 0.5614372, 1.443752, -1.9376425, -2.8209605]
[1.0589209, 1.6115762, 4.4109206, -0.10045993, -0.0060506165, 1.5084317, -0.61680824, 1.4999764, -1.2045639, 0.25572526]
[3.472837, 4.7130065, 2.033574, 3.854317, 2.0290384, 1.8854032, -1.8656449, 0.24035758, -3.4792318, -3.7612538]
[3.0250788, 0.3981517, 4.6571136, 3.9468997, 0.16452932, 2.2164352, 0.5699559, 0.13699454, -0.94965243, -2.012652]
[0.2954108, 4.2974334, 1.4619426, 4.205721, 1.2321081, 0.82277817, -0.3553242, -2.3658378, 1.148991, -0.8736633]

 

Average Error: 0.19043274