Final Weight Matrix:
[4.798375, 0.7846895, 3.057666, 1.3629367, 3.2310257, 2.5131865, 3.4851284, 3.7599502, 4.227118, 0.9477222]
[2.031325, 1.5020269, 2.01859, 0.8216286, 3.4213004, 0.2984929, 1.7151525, 4.163799, 2.85823, 3.5377975]
[4.6760406, 4.2566724, 0.67530483, 4.2826967, 4.010401, 0.13120085, 0.27246088, 4.434207, 3.4174328, 0.67500204]
[4.4673843, 1.6138353, 1.782135, 0.30610383, 0.99829614, 4.4519496, 1.480546, 1.8407917, 1.8032112, 3.7506258]
[2.7246146, 2.192246, 3.379394, 3.7957516, 0.8242768, 0.6747854, 4.4633336, 1.1999398, 4.3740907, 4.270074]
[3.134799, 3.4799955, 2.823167, 0.3157285, 3.360375, 1.9159069, 1.9774673, 1.798068, 1.7775717, 0.5489123]
[4.858393, 3.1296742, 1.9584674, 0.79103976, 2.2245374, 2.8449202, 1.463289, 3.5151563, 2.506291, 1.6942987]
[2.133985, 2.541164, 3.0356002, 3.818461, 2.4233499, 1.6393429, 0.23351014, 0.9582031, 0.19745141, 0.9353587]
[2.8823898, 4.4457145, 1.681968, 1.4631834, 3.122141, 1.2292892, 2.7935696, 2.5027761, 0.31264037, 3.628182]

[2.6538174, -0.97198546, 1.3665516, -1.4204746, 0.24753812, 0.7579976, -1.354753]
[-23.39046, -25.745237, -23.75791, -27.110537, -27.55095, -26.585608, -27.584236]
[-7.1739316, -4.5693645, -5.7829485, -6.209956, -3.6959765, -6.423331, -6.892722]
[-46.58016, -44.737125, -45.82802, -43.900402, -47.47675, -46.68175, -44.393997]
[-0.56152076, 0.09170894, -2.2263393, -2.0119994, -0.42960137, -3.0226102, -1.9082948]
[-30.26879, -29.357098, -26.595804, -28.282831, -26.989511, -29.364687, -29.642776]
[-5.191863, -6.9618645, -6.975408, -5.213143, -4.643737, -7.8810744, -6.5507016]
[1.540662, 0.2569404, -0.33924195, -1.9705299, -2.1107745, -0.49593243, 0.7739323]
[0.07824961, 0.98085517, 1.1160886, -0.86677533, -2.6893063, -2.6207457, -0.50379276]
[-15.741717, -13.669415, -15.240032, -16.581179, -14.674298, -14.98791, -17.46725]

[-2.9304364, -34.561745, -101.19295, -207.94548, -346.73364, -524.8933, -736.1733, -986.9176, -1269.6072, -1587.9194]
[0.31865382, -34.4738, -97.27675, -203.42093, -335.22406, -506.6802, -712.06836, -950.74426, -1229.438, -1536.8744]
[-0.0025080442, -33.15997, -96.51825, -197.64792, -333.35104, -499.8675, -698.9976, -936.91016, -1206.5026, -1507.7158]
[-1.6637613, -31.56696, -101.20776, -204.69897, -342.7072, -514.99066, -720.01697, -965.9104, -1239.9673, -1553.1428]
[-1.8329033, -36.1478, -106.44639, -211.17313, -353.37228, -528.86, -741.5738, -995.20013, -1279.1499, -1600.8994]
[-2.2743783, -36.09021, -105.18878, -215.96356, -364.2577, -543.34454, -766.58716, -1020.9103, -1315.7938, -1648.4613]
[0.0896914, -37.10848, -105.80065, -210.55046, -358.5938, -537.63745, -751.2732, -1005.15125, -1297.4486, -1620.7339]

 

Average Error: 0.95238096