Final Weight Matrix:
[3.0013394, 1.2595195, 1.5784814, 4.2036896, 0.54949135, 4.7095337, 0.08075267, 2.8242242, 3.0446389, 0.17089069]
[2.4189963, 3.0763135, 3.5325532, 0.22431165, 4.6107416, 1.9852549, 0.5306524, 3.944158, 3.2571192, 2.1794531]
[0.20813763, 4.1994753, 0.949879, 1.4295417, 1.9727609, 1.2752116, 3.3119626, 4.0436745, 4.2013927, 0.53678304]
[4.7461467, 3.8811321, 1.2085885, 2.7424555, 1.4078023, 2.3853924, 4.1898117, 3.5733433, 2.114017, 2.6578488]
[1.7931781, 1.3293046, 2.224317, 4.2500644, 1.7328706, 1.8753824, 4.053189, 1.7421436, 3.8542976, 3.4280062]
[4.12982, 4.8843617, 2.7691927, 4.768963, 4.837465, 4.8361897, 1.4000261, 2.8597293, 2.3280983, 0.95942825]
[4.8871155, 4.50637, 1.5052879, 3.4691305, 0.5267599, 3.868713, 1.6403103, 4.666734, 2.0106487, 3.9053535]
[0.37736744, 0.26440948, 4.8400583, 0.75237334, 1.490443, 2.638705, 1.5852076, 2.0181406, 0.47705024, 1.5464232]
[1.6712373, 1.7746141, 1.5661678, 4.6082263, 1.6961384, 3.888112, 2.83551, 3.5682592, 1.3493869, 3.2761889]

[0.0062739067, 2.0340445, 1.6277075, 4.5540347, 3.7466018, 3.5958567, 1.6915569]
[1.2651849, 3.4448256, 3.2066731, 0.7945064, 3.7887113, 0.71606576, 2.5124457]
[2.3124645, 3.5386922, 3.0069263, 1.7977232, 0.9389244, -0.20639685, 0.3271362]
[3.0468535, -0.0031172982, 2.2799876, 0.75467056, 3.7780247, 3.3241808, 0.5818913]
[0.28049, 1.4718624, 2.4465275, 0.16082089, -0.6516345, 0.32492408, 3.6602929]
[3.7747936, 1.7614263, 4.6971188, 4.7252946, 4.046925, 0.986119, 3.9809978]
[4.115479, 0.48768988, -0.21862942, 3.7592058, -0.20552626, 3.2262805, 1.1240072]
[3.3396778, 1.3115826, 2.3131976, 4.2069993, 3.498957, -0.10886393, 2.2931032]
[2.5235806, 2.8025596, 1.526511, -0.3020158, 1.0279591, 1.3588476, 3.8284752]
[0.797781, -0.4208598, -0.77002144, 0.7152605, 0.9987099, -0.21434313, 2.3362565]

[-4.1784744, -33.978535, -105.12571, -211.35025, -351.76804, -530.25793, -749.2261, -999.2666, -1287.6487, -1606.2926]
[-2.5601087, -33.75703, -108.6593, -216.46725, -356.8069, -539.3804, -757.26764, -1010.2074, -1302.6652, -1631.9539]
[0.37208486, -37.725792, -106.66868, -212.61694, -357.45886, -539.0586, -753.194, -1010.2009, -1299.0337, -1626.8694]
[-0.6309751, -34.21299, -104.84491, -213.05533, -358.9876, -539.74176, -756.8489, -1010.92224, -1299.802, -1627.3763]
[-1.9383963, -34.361183, -108.02196, -219.50732, -361.17532, -547.0093, -767.95886, -1026.3086, -1318.8766, -1652.9312]
[0.10308957, -36.172188, -107.514404, -216.77335, -364.75647, -553.10266, -775.1289, -1034.6831, -1333.3317, -1668.04]
[-0.49255264, -35.11897, -101.743866, -208.87, -347.8984, -524.19244, -737.136, -983.70953, -1263.363, -1585.5369]

 

Average Error: 0.5714286