Final Weight Matrix:
[3.6883082, 4.3414974, 0.53069025, 1.625283, 4.178769, 0.8996013, 4.9485717, 1.1518449, 1.0845959, 4.567099]
[0.93996525, 2.7704558, 1.1887199, 4.0703583, 1.3417399, 0.75487256, 4.625252, 2.9186993, 4.360832, 1.4807987]
[2.2663615, 3.0655413, 0.728918, 2.7881143, 0.84616184, 3.5248897, 0.44371456, 0.43173224, 0.6610176, 0.016167164]
[3.6552274, 3.651342, 1.2850881, 3.7913132, 2.6144624, 2.585897, 2.9558072, 1.548027, 1.9767189, 3.8562107]
[4.652558, 0.6904575, 1.9356143, 3.1784816, 0.2772513, 1.8676418, 0.9044337, 1.7836604, 0.19027293, 1.4203312]
[0.7085386, 4.773558, 3.9297848, 0.08381367, 3.4096508, 0.30640483, 3.5953712, 4.5289736, 4.056339, 3.7747564]
[4.785152, 3.342686, 1.40454, 1.4103323, 4.393735, 3.1339839, 3.2401304, 0.15739888, 2.0896845, 0.1520729]
[0.57825, 0.22305012, 0.05670339, 3.1797266, 0.13021737, 2.604252, 0.09171814, 4.3499274, 0.89054316, 0.66346914]
[2.4729064, 1.7695928, 3.078909, 3.6733475, 0.036896467, 4.532157, 2.5033994, 0.26324332, 1.6105765, 3.4866822]
[0.4231578, 4.1038556, 0.6308916, 1.3966105, 2.3655863, 1.5790349, 4.335584, 1.2734938, 3.9828877, 1.8747926]
[2.0270622, 1.3829046, 4.756014, 2.014003, 3.3865652, 2.8796835, 1.2148416, 0.17137498, 1.7608299, 4.191858]

[4.837114, 2.7959168, 2.4492548, 4.105042, 1.1303099, 3.983479, 0.82142705]
[4.2535934, 2.6858974, 1.3343114, 3.1338627, 1.0788981, 0.70465684, 2.6762998]
[4.239507, 1.9784112, 1.2823257, 4.124677, 3.3666143, 0.55180144, 0.22165012]
[0.46136618, 3.1223862, 4.686927, 0.7570427, 4.99867, 4.4743176, 4.8454065]
[3.0206988, 3.4522853, 4.093191, 4.3917613, 2.4042172, 0.40664867, 0.6398205]
[1.2827655, 2.025466, 0.57345057, 2.485106, 0.32353073, 0.19571869, 0.20788221]
[0.0825618, 0.25044036, 2.8543692, 1.4032766, 2.3896577, 2.8429203, 4.02884]
[3.3712685, 1.5032457, 0.7542072, 0.5295546, 1.7517017, 4.937238, 2.668996]
[3.411326, 3.786428, 2.7806723, 3.185078, 4.4798, 2.5918663, 0.77648354]
[4.7688713, 2.2271929, 1.449219, 0.9541792, 0.3306273, 4.106779, 4.7133226]

[3.6736724, 4.857856, 4.662275, 3.68139, 3.0596716, -1.0073959, -1.2657948, -1.4944631, 2.1993773, 1.2170489]
[1.4721454, 3.5934496, 2.8087559, 0.71484137, -0.45373523, 3.4890807, -0.91361237, -0.36548495, 1.8971806, -2.8761754]
[3.6020193, 2.0097163, 4.2103124, 4.0692554, 2.470161, 2.5958598, 0.98255867, -1.7925164, -2.1136117, 0.16395432]
[1.078365, 4.576012, 3.070246, 2.2304938, -0.15718435, 2.0823615, 0.83566684, 0.14732176, -1.5044099, -0.83624965]
[3.157313, 2.9085143, 2.1245966, 2.5721843, -0.47268996, 2.0773392, 0.5425758, -1.7674838, 0.84422016, -1.4629445]
[0.7845964, 2.5539155, 1.9381118, 0.12686338, 2.122947, 3.6734486, 0.036709875, 0.70561343, -1.053107, -1.0684779]
[2.942263, 4.506391, 3.9775178, 1.481812, 1.2422596, 1.5382457, -0.27824333, 3.0010686, -0.7630444, -1.4605875]

 

Average Error: 0.0062360717