Final Weight Matrix:
[3.3576, 1.8237323, 0.15573204, 2.5253682, 1.0125623, 0.486601, 4.561997, 1.7767057, 1.1384668, 3.8982406]
[2.1217356, 0.20353496, 4.055824, 2.1384954, 1.7782519, 1.9146194, 3.162034, 0.46672583, 2.0276353, 3.0582464]
[1.9693556, 1.2792659, 3.3832932, 2.8872383, 1.4080632, 3.9191809, 0.53920597, 4.800878, 0.9484151, 0.30003458]
[2.130746, 2.8163834, 1.4429102, 0.12624145, 3.0346055, 1.5294757, 1.4208984, 1.8994379, 2.659693, 1.9166017]
[3.5264292, 1.7535307, 2.9370632, 4.147352, 0.600912, 1.836612, 0.20051837, 3.8922224, 4.626473, 3.5974007]
[3.7950182, 2.7960994, 1.9937187, 0.09450585, 4.695148, 0.85066706, 4.7969522, 3.7514188, 0.25146037, 0.23859233]
[4.6268706, 3.7672691, 0.20244509, 2.8790274, 3.4896784, 2.3670702, 2.5412984, 3.8082185, 4.47472, 3.955193]
[4.659707, 2.752193, 4.890719, 1.007472, 1.3089011, 2.7525032, 4.1421375, 3.7016625, 0.42767614, 2.593368]
[1.2987417, 0.10952115, 4.347525, 4.5424337, 4.3781466, 4.538794, 1.5591401, 2.6915941, 4.8958616, 4.867736]

[4.0273557, 4.6877236, 2.1004982, 0.2164185, 4.094675, 2.795126, 0.69521546]
[-3.7807183, -3.1133232, -1.8649206, -2.4846618, -4.0929375, -0.7545812, -3.7684746]
[-2.0732808, -1.483773, 2.6700497, 2.6554785, 0.12636459, 1.9551557, 2.2962708]
[-6.9416466, -7.902975, -5.361502, -4.627016, -7.0251756, -8.092029, -5.0001535]
[-1.2571893, -2.928156, -3.6047153, -0.99409354, -1.8142155, -2.53693, -3.279601]
[-2.4716978, -5.6547203, -4.4307775, -6.695736, -4.479517, -5.028711, -6.9695234]
[4.1664333, 0.7750008, 0.7017882, 0.2371529, 1.3956401, 3.4699917, 1.1259184]
[1.7788461, -0.14333901, 2.9442496, 0.2748114, -0.20075378, 0.037708104, 3.4245467]
[-12.406823, -14.10144, -9.68674, -10.818055, -13.401818, -12.4188, -11.14402]
[0.75507814, 0.5483106, -0.7703608, -1.0401003, -2.10356, -1.2076477, -1.2963246]

[-2.442684, -37.203606, -113.99083, -229.33784, -383.71997, -581.77966, -813.84375, -1086.4629, -1398.2963, -1753.1743]
[0.26435626, -37.72218, -118.76634, -241.33319, -403.5108, -604.8546, -850.54944, -1135.9812, -1467.2493, -1836.078]
[-2.751024, -35.104404, -113.098404, -221.64734, -373.3325, -565.3778, -792.3188, -1056.6616, -1358.944, -1700.7883]
[-1.2258471, -37.218708, -113.51544, -227.6089, -377.96268, -568.02844, -797.4752, -1068.7085, -1377.6006, -1720.4702]
[-1.3008237, -40.980793, -119.74542, -234.81537, -397.10077, -594.1967, -837.3827, -1115.2151, -1438.0476, -1800.1013]
[0.10989714, -38.516754, -115.24309, -234.9972, -391.88287, -588.9258, -827.0757, -1108.4456, -1423.0254, -1785.5198]
[-4.3977847, -39.122055, -116.11372, -231.97084, -386.2031, -581.8233, -817.1515, -1091.2612, -1405.7572, -1756.4326]

 

Average Error: 1.8095238