Final Weight Matrix:
[2.427352, 1.0409933, 3.44545, 1.4074999, 0.7641491, 0.17182261, 0.18934399, 4.735623, 0.38582474, 1.7844272]
[2.9202833, 3.3263097, 3.8796496, 0.965305, 4.61681, 3.6011295, 3.7845876, 4.134171, 0.7726714, 4.269897]
[1.7945573, 4.342635, 0.64533323, 4.400709, 4.897782, 3.3828247, 3.6596227, 1.0963783, 4.1629734, 4.7796297]
[2.57931, 0.6170991, 1.8043602, 3.3457186, 0.28056085, 0.37357837, 1.4395318, 4.364273, 3.3325052, 2.3906102]
[1.0390255, 3.850264, 4.5619063, 2.179491, 2.725139, 3.2123742, 1.7543703, 3.9206524, 3.158134, 2.9953346]
[2.2301424, 1.047996, 3.9276552, 1.9931104, 4.287913, 3.7367775, 1.9006532, 1.6692433, 3.197837, 1.0613313]
[2.4473932, 0.54960966, 0.2610299, 3.2318485, 1.5353864, 1.6283417, 0.35603434, 0.0058475137, 4.8365607, 0.17880112]
[2.735293, 2.1556022, 4.8030653, 3.0330033, 3.6916237, 2.4538777, 0.5272785, 3.9951322, 2.114477, 2.603798]
[0.5855456, 2.7137244, 2.129745, 3.6120744, 2.7745697, 4.944339, 2.6497068, 0.40629804, 1.0642209, 0.5973077]
[4.1389728, 4.7853775, 2.4187226, 4.456316, 2.5689201, 4.716851, 2.665897, 3.6615634, 1.9309876, 2.3457913]
[0.9356794, 1.4302385, 1.8053955, 3.0380006, 3.536766, 4.5066967, 3.0366101, 0.16646028, 1.5146244, 1.230416]

[2.197152, 4.8701763, 2.627452, 0.12623355, 2.1402593, 0.5777682, 0.5724008]
[2.6348374, 3.635721, 2.7143354, 1.7741286, 0.7897086, 0.36471173, 1.0831267]
[2.2453618, 2.2491274, 0.7055012, 4.028797, 2.1687284, 3.8596945, 3.4638815]
[3.0779128, 4.7227645, 0.6495361, 3.5008888, 2.5705235, 0.9525491, 3.484396]
[0.23835535, 0.34211186, 0.53490096, 2.8074617, 2.575056, 1.376337, 1.3795682]
[3.4711611, 1.8946724, 2.8081532, 1.6687734, 1.4162619, 2.1876132, 3.2865572]
[1.8999536, 3.0794253, 3.2047215, 1.9547228, 1.7395605, 1.886353, 3.1555393]
[3.3602881, 0.6336735, 3.9876509, 1.2496175, 0.92290354, 3.9703581, 0.2262]
[0.6211009, 4.7162056, 0.7747271, 0.048197716, 2.6766796, 2.0591576, 2.562851]
[1.5817494, 4.801375, 2.1713874, 1.9433312, 2.0589607, 1.1749654, 1.1911817]

[0.20250647, 1.5768147, 1.2436956, 3.0717058, 2.553773, 2.3469415, -0.7744349, -2.4461548, 0.99298453, -3.420682]
[3.986779, 2.8738112, -0.037492454, -0.5701962, 0.88212466, 0.49086607, 0.6245698, 1.1269238, 0.25719225, 0.09674859]
[0.9531241, 3.2897866, 2.687025, 1.3093642, 2.652114, 2.1908238, -0.2300021, -2.069196, -2.102189, -1.0451155]
[3.340188, 0.78941154, 4.5428247, 0.9797664, 2.5638096, 0.5488075, -0.63009304, -1.2909408, -2.0363731, -3.0629933]
[3.892598, 4.8052406, 0.42068172, 1.5011287, -0.27670094, 1.2853047, 0.2384457, -0.5965519, -1.6627269, 0.357638]
[4.7432733, 1.5262035, 0.6607659, 1.9069432, 1.0780046, 1.2510862, -1.5852681, 0.50470376, -0.030902267, -0.32519162]
[3.047407, 0.77064323, 1.9699454, 3.7578225, 1.762692, 3.2037795, -1.5301344, -1.3662574, 1.0490202, -0.362265]

 

Average Error: 6.653132E-6