Final Weight Matrix:
[1.3400114, 2.959126, 2.443565, 0.5225253, 1.2834237, 4.0438933, 3.5108616, 3.328819, 1.9000155, 4.78955]
[2.436823, 2.5081942, 4.4003315, 0.8532387, 3.6902232, 3.3334863, 2.1330154, 4.918758, 3.9685428, 1.7778218]
[2.7206204, 1.4433199, 3.2193444, 0.6280461, 4.6657066, 4.557145, 1.9533024, 1.5102718, 2.9325037, 4.1085176]
[3.9017081, 0.64648, 1.7731601, 4.8126674, 3.4703069, 4.919754, 1.4996308, 0.23923695, 3.790375, 3.8544316]
[1.116817, 4.914162, 2.9640732, 0.096943974, 0.4220289, 3.0873065, 3.5445223, 0.23459673, 1.8607581, 2.9625058]
[0.5350596, 1.5250025, 2.7076733, 0.15273839, 1.5931708, 4.6807985, 1.9415396, 3.3265736, 4.492276, 0.0058862567]
[1.0081959, 3.9850802, 1.7415059, 2.2944283, 4.849907, 3.8488355, 3.0557127, 0.25674105, 0.5333948, 3.7560878]
[3.7741427, 4.2419777, 3.2719474, 3.3545084, 1.4685116, 2.4918342, 3.9265788, 3.3051605, 4.6848865, 3.5286722]
[2.3327587, 0.56854844, 4.807119, 0.8924109, 1.2564161, 0.48496455, 0.393973, 0.77075005, 1.987457, 4.436361]

[-2.364036, -2.8412626, -3.1654184, -3.2843707, -5.6247764, -3.0185242, -4.5138903]
[2.516103, 2.103273, 4.0972776, 3.963866, 2.453628, 3.268726, 1.285237]
[1.0120046, 2.5198905, 2.8916829, -0.80342644, 0.73378, 0.57115257, 2.0748236]
[-8.932423, -8.20935, -12.89457, -10.349794, -9.583114, -11.361118, -10.547651]
[-3.4020007, -0.47988245, 0.57379174, -1.00647, -3.0374005, -2.219217, -2.0811057]
[1.1216463, 2.044431, 2.307856, -0.042651866, 3.2849236, 2.643878, 3.897067]
[2.5574768, 1.7978834, 3.500389, 1.3313254, 0.015302446, 3.9899924, 1.20444]
[-0.12658282, -4.135628, -3.9508896, 0.7514022, -1.4344375, -2.7228708, -1.3432186]
[-0.5711799, 3.0066457, 3.3498027, 2.1274068, 0.3856525, 1.6129699, 3.3872674]
[4.307071, 1.6461052, 2.2669907, 3.5614297, 0.59192306, 4.3555193, 1.8709496]

[-2.9025605, -36.47609, -108.03175, -221.0457, -366.65662, -552.2411, -777.4678, -1037.728, -1334.5309, -1670.7555]
[-3.27659, -35.03854, -110.53484, -219.89783, -365.58633, -551.1718, -773.8092, -1032.6757, -1330.522, -1665.8458]
[-3.4110706, -38.94706, -114.678375, -232.67664, -391.20416, -586.1816, -823.23627, -1100.7208, -1414.74, -1769.6829]
[0.19232798, -36.418087, -113.343735, -225.31592, -371.58466, -559.56104, -786.6373, -1051.749, -1354.6937, -1694.5681]
[-0.838678, -38.67301, -114.96167, -226.24046, -383.7569, -576.4992, -807.96606, -1079.033, -1390.4758, -1736.4143]
[0.458449, -40.25123, -113.60559, -228.44406, -386.4017, -580.4616, -812.56384, -1086.237, -1395.788, -1747.4298]
[-2.8856277, -40.000446, -112.67555, -227.77255, -382.2773, -573.28467, -807.3035, -1075.5541, -1382.3668, -1733.2507]

 

Average Error: 0.52380955