Final Weight Matrix:
[4.884103, 0.11016488, 2.2608824, 2.439857, 4.6546335, 2.8364305, 3.758624, 2.1551168, 0.2224192, 2.4632666]
[0.21002203, 1.9540348, 1.069147, 2.1969776, 4.016822, 1.858167, 3.0413392, 2.5140872, 2.9078958, 1.0789146]
[2.5543404, 1.7524014, 4.2156577, 4.519478, 1.9374845, 2.2421741, 3.3719454, 2.2468863, 1.3842386, 4.0462203]
[0.12928307, 2.893423, 3.2528064, 0.36200464, 1.7341206, 4.828304, 0.1060158, 3.009725, 1.7520883, 2.590182]
[4.5922728, 2.8610048, 3.312311, 3.638277, 2.8381205, 1.7415255, 1.242343, 4.2547383, 0.5617112, 2.2218642]
[3.4043815, 1.0939187, 2.31769, 3.7636437, 2.7173023, 0.7468203, 2.6681066, 4.1482697, 0.011025667, 0.98302245]
[2.2396398, 3.7339256, 4.3662477, 0.40042222, 1.5013921, 1.3797834, 1.7532101, 4.7983007, 3.1847034, 0.37675768]
[0.110605955, 2.075344, 1.8997993, 3.229436, 1.9658107, 4.1157274, 3.0948215, 1.957565, 4.959262, 4.3782177]
[0.79007924, 1.8067181, 1.3211048, 4.5512004, 4.8216763, 2.9712818, 0.28235406, 0.12678057, 2.7894135, 1.4989948]

[-1.3678389, 1.6846911, 2.015828, 3.1090186, 0.72634315, 1.1267507, -1.2743514]
[-0.20356905, -2.3531928, 1.9352937, 0.4798926, 0.950451, -1.6430784, 2.5655084]
[3.8248158, 3.2834105, 2.0540512, 2.0903802, 0.46568558, 0.58830166, 2.230638]
[-1.2470556, -0.7007426, -2.6888537, -0.8511411, -2.400328, -1.1853956, 2.0879679]
[2.2407105, 1.1796716, 2.9397337, 3.71603, 3.1323397, 0.3347931, 1.816983]
[-0.97252434, 0.29056388, 1.9074135, -1.9282413, -1.0361977, -0.6777833, -1.2537127]
[2.1092424, -1.8731599, 1.6813425, -0.6707417, 0.78594303, -1.6210487, 0.0010983944]
[3.9428842, 3.057576, 3.981033, 0.78355277, 3.8686566, 1.3455839, 3.3195605]
[-4.764452, -5.1456814, -2.1762471, -3.5107841, -6.407228, -2.344061, -2.7251587]
[-3.4711158, -0.99258924, -4.510009, -5.150874, -3.302079, -5.1768274, -2.3884594]

[-2.002758, -35.41684, -105.96272, -214.3424, -360.8815, -543.454, -761.8356, -1019.1222, -1314.8218, -1644.1285]
[-1.7987018, -35.52163, -108.574326, -219.07904, -367.88235, -549.0011, -771.09546, -1030.8207, -1328.0219, -1662.4861]
[-2.3616529, -30.927639, -101.48039, -204.50346, -340.58823, -509.21307, -716.9509, -953.5985, -1228.2827, -1537.2406]
[-1.1622132, -36.127663, -106.155106, -214.7167, -358.025, -536.76404, -755.4316, -1011.48584, -1299.793, -1628.6859]
[-1.4933741, -36.654343, -109.335724, -220.81575, -370.8019, -559.53613, -786.12, -1052.9752, -1356.8303, -1694.6592]
[-0.7220596, -33.835358, -108.80998, -215.93399, -362.23358, -541.89264, -761.97296, -1017.3434, -1312.0736, -1642.3301]
[-2.3932045, -34.982273, -102.03287, -202.75687, -340.90338, -509.83716, -718.90436, -961.4778, -1234.1849, -1547.5677]

 

Average Error: 2.952381