Final Weight Matrix:
[3.614124, 3.1974845, 2.6848483, 2.7495697, 4.4551415, 2.9417872, 2.435369, 4.513599, 1.0129442, 0.75864524]
[3.0869179, 3.349302, 1.6708317, 2.632896, 2.3136005, 2.3904955, 4.0432034, 3.3569322, 3.1550355, 3.5011876]
[0.37367046, 2.2041702, 3.7643816, 4.0132055, 2.8478072, 2.7661798, 2.635058, 3.2135544, 1.3502922, 3.1576755]
[3.6054494, 0.27712315, 3.7716017, 2.916194, 3.3752055, 2.1318336, 1.4181473, 2.2100286, 0.18425465, 3.9240286]
[2.297382, 0.5292171, 2.234748, 0.4087338, 1.0094771, 2.4960444, 3.1081667, 1.9499195, 4.9815454, 4.1852603]
[3.0294442, 2.4982553, 4.7088614, 1.79721, 4.244789, 4.1768107, 1.2281535, 0.35221636, 2.8508062, 2.098175]
[3.0269597, 1.4603009, 3.1834495, 1.0495627, 4.104445, 4.12078, 3.8433206, 0.39631784, 4.635457, 4.891176]
[1.7991412, 4.290094, 4.171337, 4.869543, 4.927088, 3.237822, 3.136849, 0.5097735, 4.166612, 1.6438723]
[1.4792147, 2.8522396, 4.012906, 0.82378894, 1.1975863, 0.8345425, 4.8350234, 1.5873685, 3.4623127, 1.7469695]
[4.9726434, 1.0761068, 2.5342422, 1.9280436, 0.39251596, 0.53019136, 0.4542619, 4.536323, 4.9998245, 4.8589125]
[3.8097281, 0.7801506, 1.3252443, 3.7419195, 0.94286114, 0.69768846, 2.023665, 2.834065, 3.9702368, 2.3312864]
[3.4068599, 1.961174, 0.4839185, 1.5746202, 3.5243597, 4.846168, 2.933464, 2.7453387, 0.24213701, 3.4032784]
[1.4019871, 2.9730012, 2.4382637, 3.3820944, 4.8247895, 1.2303823, 1.1323729, 0.67287624, 0.020101368, 4.4798317]
[2.838653, 2.8306298, 3.1504917, 4.1750607, 1.1303916, 3.9091816, 4.1811113, 3.7378278, 2.7310977, 0.97976416]
[1.3956976, 2.6194572, 3.0094242, 0.34406185, 1.2499797, 0.9256241, 3.6120238, 3.4323275, 2.539647, 2.1115103]
[3.882833, 1.3369507, 0.6194103, 3.9912028, 1.4048896, 0.39507717, 4.891992, 2.8135066, 2.380598, 0.865629]
[4.9804335, 3.7653053, 1.0104412, 3.6020122, 4.471232, 2.31791, 0.61367124, 4.39819, 1.2650871, 4.9419084]
[1.9858629, 3.9695954, 0.87001354, 4.007762, 3.6387544, 4.04906, 0.22008121, 4.0544577, 0.80218136, 2.9497428]
[4.181915, 4.954117, 2.7737548, 4.9307165, 3.0283523, 3.9994068, 0.72012633, 2.4458349, 0.10045946, 4.281451]

[2.908108, 3.6528053, 4.2596602, 1.3627017, 3.5716991, 4.5876904, 3.7434926]
[0.65170556, 2.902362, 2.9916248, 2.7018986, 2.7902172, 3.638041, 3.6233323]
[0.104680866, 1.0186136, 2.2778602, 1.8555049, 0.3015389, 4.909732, 2.3737457]
[2.678569, 0.28879586, 2.0861802, 1.660057, 1.8053919, 4.52465, 3.8599095]
[3.9435995, 3.159794, 2.8485215, 0.9686343, 3.8579218, 0.5549602, 0.93915415]
[0.31080464, 0.4097698, 4.1311035, 3.6080134, 2.3939755, 2.037145, 4.070931]
[0.7145638, 3.970853, 1.9358445, 3.0837293, 0.3319404, 1.4191147, 1.1762234]
[2.1217368, 2.037117, 2.9667919, 1.5586143, 3.1339376, 0.47872427, 3.031904]
[3.882255, 2.3814988, 0.1462725, 3.1558957, 0.91937095, 4.834983, 1.0627687]
[3.2038083, 1.6872107, 0.48635674, 2.8128338, 0.3840096, 2.8435698, 3.4693787]

[4.3294115, 4.8051987, 2.8083339, 2.1006699, 0.5060923, 3.3047743, 1.5368516, 1.8864456, -2.121643, -1.5830288]
[0.39748007, 4.5674276, 3.83309, 1.2982372, 3.0745363, 3.1650722, -2.0798492, -8.13663E-4, -2.2930841, -2.5280604]
[4.2394314, 4.2552867, 1.0618864, 1.6944621, 2.931374, 3.1320622, -1.3014598, 0.25700694, -0.18720675, -3.0882328]
[1.8866062, 0.23685336, 0.45159128, -0.15808746, 2.0107148, 0.666397, 2.0785403, -1.1633222, 0.69004726, -0.20736444]
[4.9537163, 4.7836666, 1.2241066, 3.4718602, 0.012168944, -1.520787, 1.8691843, 1.7514302, -2.231371, -3.6040375]
[2.028823, 4.8330874, 2.8879044, 1.0717499, 2.1230192, 1.5047736, -1.2450852, -2.984747, 0.8045182, -3.35001]
[2.2128034, 1.8378463, 1.4295025, 1.1970494, 1.638076, 2.1346307, 1.9131188, -0.88846624, -0.7072792, -2.717949]

 

Average Error: 0.23786749