Final Weight Matrix:
[4.4823375, 3.8988981, 0.4766339, 4.214078, 3.7954764, 2.4056501, 2.3452947, 3.181407, 3.7091293, 4.13797]
[3.540141, 0.69537014, 1.1581206, 4.276838, 3.8699517, 1.9335008, 0.19752592, 1.8573413, 0.87204397, 2.1676774]
[3.1851053, 2.8627932, 4.1479335, 1.4148953, 1.5102389, 0.45909226, 4.10433, 1.4098694, 3.2743871, 0.25022596]
[1.9650676, 0.032663047, 2.2162232, 3.0225728, 4.8169966, 1.9727025, 3.8775048, 4.809788, 2.6812055, 4.8424683]
[3.4813986, 0.17445773, 2.250938, 1.5692192, 2.2795534, 3.8058286, 0.30323148, 1.2314179, 3.5819242, 2.0788956]
[4.6196575, 0.49867004, 2.2566237, 0.32864213, 2.992797, 2.051319, 1.9463768, 0.74967235, 4.9525847, 3.260229]
[2.44215, 1.0367942, 2.8267934, 0.6012893, 1.7599461, 0.90293944, 4.7123237, 0.7559529, 2.2385097, 4.229326]
[3.641293, 2.742477, 4.996764, 2.8668866, 3.3940017, 4.2568393, 0.021331608, 1.5811235, 3.9586115, 1.3426661]
[3.9857519, 4.6438513, 4.936952, 0.6115112, 1.2013743, 1.4694581, 0.3223601, 1.1948436, 0.26085913, 2.080705]

[1.5857781, 0.28557414, -0.038511492, 1.7241944, 4.375899, 4.06045, 3.769497]
[-2.0468223, -1.7916222, -0.22924072, -0.4080431, 1.3334022, 1.1945171, -3.1053736]
[-0.17031765, -0.83427346, 1.19147, 1.3889734, 3.0721893, -0.7467584, 1.4658846]
[2.5342822, 2.182379, 0.11876696, 0.40300757, 1.1045088, -0.7077713, 2.53931]
[0.2504982, 0.9383613, 3.9153483, 3.436095, 3.4677384, 1.3076653, 3.770869]
[1.0828048, 0.9141568, 1.6076547, -1.1547658, 1.8595825, 0.188685, -2.8315578]
[1.3490783, 0.9113454, 0.024845399, 2.4395175, -1.0332114, 0.59517527, -1.535533]
[0.62763673, -1.7839091, -0.5873545, -2.0999744, -0.34474808, -0.16404325, 0.5007867]
[1.9593313, 1.6572059, 3.81986, 2.0002923, 2.169064, 1.2018774, 1.5270191]
[4.0196567, 2.71912, 0.966041, 2.5298831, 1.4599916, 0.8074256, 3.0655704]

[-2.916555, -28.371796, -81.584915, -160.10492, -270.7894, -406.27948, -568.1791, -762.4529, -977.7781, -1227.1256]
[-2.589186, -25.755783, -79.38336, -158.59726, -268.08102, -402.4077, -567.08936, -756.5537, -973.90924, -1217.873]
[-2.7486844, -27.02973, -79.867035, -163.29572, -270.58667, -404.60126, -569.9067, -760.7471, -981.6826, -1228.6887]
[-2.0705817, -29.080502, -81.20468, -166.21918, -273.737, -412.90942, -582.3636, -775.7976, -998.1879, -1249.7893]
[1.2649953, -25.626497, -75.089294, -156.53308, -258.69507, -390.77448, -549.9689, -734.2692, -945.3024, -1185.9009]
[-1.983447, -24.866695, -81.43377, -162.83278, -274.77838, -408.66016, -574.14136, -770.3419, -987.61816, -1235.4534]
[0.12628591, -27.560434, -77.85382, -163.05444, -269.7741, -407.72998, -567.97833, -758.77673, -976.75275, -1222.3372]

 

Average Error: 1.8571428