Final Weight Matrix:
[0.878917, 1.5374559, 3.931978, 0.2341479, 2.3233218, 4.4518833, 0.28781235, 4.982888, 3.714209, 1.9229832]
[3.918294, 1.6377115, 0.41968375, 1.3280668, 1.0826004, 3.2117388, 1.2577202, 3.9167473, 1.890404, 4.029632]
[0.34355223, 2.7942488, 2.209383, 0.15386254, 1.0252764, 4.703078, 1.1482987, 3.5516202, 2.9241662, 0.44467747]
[0.5468309, 0.3935197, 3.7004364, 3.8958237, 3.2752328, 0.4546553, 3.2141292, 3.6223474, 2.487319, 1.9604704]
[0.030454695, 2.263637, 4.323246, 1.6744056, 0.8436474, 0.109514594, 1.421087, 1.2420466, 2.0555208, 4.5861063]
[4.1685147, 2.1087642, 2.964954, 2.944679, 3.0613256, 4.9265714, 0.40115595, 1.0579994, 4.190487, 1.6136378]
[0.09346336, 1.3892549, 0.56346506, 0.8697635, 3.1185462, 3.4411116, 0.19147009, 4.3669257, 2.735221, 3.1150079]
[0.10776341, 2.300168, 4.218709, 4.7266884, 4.3922577, 3.9156554, 0.6794512, 2.012433, 3.986362, 1.8353271]
[1.6137856, 4.4161253, 2.414606, 0.9175414, 2.2305388, 1.6306045, 2.2642968, 3.3673122, 4.65238, 0.6536028]

[-6.132728, -8.378988, -6.9533815, -6.5931683, -8.543112, -8.531115, -8.879011]
[-3.6380644, -0.25724792, -3.542201, -1.2790139, -0.001868248, -1.4897814, 0.8236935]
[4.099241, 3.8070438, 2.3469934, 3.02158, 3.1635256, 3.0821304, 1.2282729]
[-11.834174, -13.492057, -10.665014, -15.744587, -11.618561, -12.418826, -15.051962]
[1.9931114, 2.9270558, 1.9879148, 0.8035512, -0.122140765, -0.8637936, 1.7306046]
[3.536894, 1.974008, 1.2388103, 0.51813996, 0.7526996, 2.5508578, 4.4881077]
[-46.303314, -49.675034, -48.780266, -51.508583, -49.35353, -45.668396, -48.862366]
[1.0274084, 2.7508185, 1.8457536, 2.6903975, -0.011355506, 0.9445877, 0.66692626]
[0.7623957, 1.2893289, 1.7500039, 1.8358111, 3.2638235, 3.6942415, 1.0802418]
[4.592108, 1.5422006, 0.5368979, 4.5438066, 0.55173486, 3.2162316, 3.7645426]

[-2.133358, -45.58412, -132.24837, -266.66357, -450.23383, -673.29663, -946.705, -1261.7076, -1627.8589, -2036.5176]
[-3.4415917, -48.52246, -137.4048, -278.18427, -467.31958, -699.95325, -983.6929, -1311.532, -1689.8088, -2117.2837]
[-1.276301, -43.987915, -137.70113, -274.4475, -464.6153, -696.7196, -976.6422, -1306.9897, -1677.8362, -2101.3083]
[-5.072483, -48.30429, -140.03375, -283.3632, -477.79865, -715.40436, -1002.63806, -1340.9465, -1727.7269, -2160.6199]
[-1.589441, -45.201157, -140.07573, -277.73004, -469.32422, -705.5877, -989.5373, -1322.2125, -1699.293, -2125.614]
[-1.7949338, -44.482594, -133.79283, -269.27542, -447.51825, -675.2711, -946.81464, -1262.9224, -1624.9653, -2034.3882]
[-0.5691509, -46.475433, -140.60403, -274.9733, -461.92395, -695.40814, -978.29016, -1309.9629, -1681.7012, -2109.2083]

 

Average Error: 0.23809524