Final Weight Matrix:
[2.2748067, 2.6199884, 0.7287851, 0.67836136, 1.5157459, 3.5668895, 1.9086041, 0.9306845, 1.1432612, 0.111401975]
[0.5681351, 1.4846661, 3.6657665, 3.7032235, 3.2526765, 3.2495883, 4.3296213, 4.702373, 1.2713379, 2.8458967]
[2.9694035, 3.317575, 3.885871, 0.021866858, 0.0024974346, 1.2648207, 4.0793695, 2.9533854, 4.501547, 4.2653065]
[2.2930396, 1.5592366, 1.3826356, 0.7154888, 1.5537605, 3.1172223, 1.7813923, 4.413537, 3.880189, 4.2605324]
[4.955274, 0.5075151, 1.935212, 2.4872384, 3.4280033, 1.248492, 1.4753733, 3.8873334, 1.289464, 1.3592455]
[1.0742801, 0.030864775, 4.367492, 0.05483061, 0.91088414, 3.1573904, 2.5111434, 0.92906475, 1.6120098, 2.6419182]
[3.1605859, 1.0207391, 2.421753, 1.5069649, 0.24725646, 2.6303625, 2.4917269, 1.7162857, 1.8679621, 0.62355876]
[0.20202368, 2.4757156, 4.034963, 3.5473635, 2.9427676, 3.5236382, 3.625626, 4.43294, 4.222959, 3.801572]
[2.7729983, 4.460393, 3.7927432, 1.228719, 0.7637337, 1.0319954, 0.3362748, 1.9780666, 0.78149915, 2.3182561]
[0.33700198, 3.4714172, 2.8696508, 0.1016438, 1.7607036, 1.72288, 0.4321131, 1.1057618, 0.022289157, 1.0017502]
[4.6696644, 1.8393242, 2.2816298, 1.5339088, 0.111977756, 0.9460169, 4.8861513, 3.9840481, 2.9836516, 4.790473]
[3.8812325, 4.267936, 4.4931536, 2.4499762, 3.034471, 3.234033, 0.293141, 4.8596478, 4.0605216, 1.4670417]
[3.69336, 3.7798285, 0.43658078, 3.8331697, 4.655586, 4.737891, 0.8148411, 1.9791579, 3.934362, 1.6281587]
[3.970725, 4.276561, 1.7963014, 0.23392677, 1.0808692, 4.2717414, 4.7311287, 4.3314133, 3.9622068, 3.5538363]
[0.21439612, 3.0289772, 1.4858296, 2.721293, 1.4778743, 0.63406795, 4.42239, 2.336891, 4.05017, 3.1885037]
[3.3985796, 1.0765201, 2.5363624, 1.1989775, 1.8187728, 2.7539978, 1.2788258, 4.3588605, 2.607435, 1.239208]
[1.57736, 1.8197554, 3.4846978, 4.0667295, 1.5189764, 4.9528646, 2.4310372, 2.4844165, 3.977881, 2.4326224]
[4.711811, 3.9342933, 3.3743145, 4.7854776, 2.706262, 0.2504027, 0.5348709, 4.4480186, 4.159214, 1.849288]
[0.7629448, 3.559302, 0.89111537, 4.6687117, 2.6202435, 0.62637687, 0.4603207, 2.7595692, 1.131253, 0.3193003]

[0.4707566, 2.0761597, 0.17268151, 1.7078042, 3.8117561, 4.8528104, 0.7978353]
[1.4971274, 0.96123785, 2.8529887, 2.5983791, 2.2720144, 4.888189, 0.97352]
[3.927877, 4.4477, 3.0682387, 1.0652373, 2.7359056, 4.8527236, 4.642831]
[3.1666832, 1.799514, 3.444095, 1.9770226, 0.55443585, 0.5296323, 1.1598005]
[2.4253926, 4.3978667, 3.0910873, 0.94159544, 1.3250399, 3.3140073, 0.95166713]
[2.372828, 1.3776076, 0.58653206, 3.8918388, 3.5476904, 0.14004081, 4.2192974]
[0.0140047055, 1.8613368, 4.25101, 4.7074738, 3.0184708, 4.5420446, 4.914266]
[1.4369502, 3.420606, 3.3598056, 4.6324716, 2.8647099, 4.0061374, 2.9789429]
[4.0292187, 4.129385, 4.523373, 0.579651, 3.060069, 4.9228115, 4.8348055]
[3.3744404, 1.9457233, 3.3914087, 1.7665046, 0.47575444, 4.66518, 4.4925857]

[0.037144966, 4.610129, 0.5932481, 3.0471227, -0.35925594, 0.26879382, 2.5435452, 1.7976847, -1.1845883, -1.132123]
[3.5891142, 0.48922142, 1.8826398, 3.5242612, 0.37593815, 1.6981401, 0.6348799, 0.8745329, -3.377201, -3.712041]
[0.5649587, 1.1171099, 3.5254436, 2.9766126, 1.0163722, 3.135018, -1.523752, -1.0653441, -3.0700846, -3.1561327]
[3.3810441, 3.5342853, 2.4508677, 2.166918, 0.46824488, 2.5666876, -0.6013147, 0.9739501, 1.2210284, -0.3600322]
[2.8401194, 1.9974333, 0.10690281, 0.5285338, -0.49127486, -0.5982911, 0.5832141, 1.4189253, -0.07133579, -2.2209613]
[0.93860114, 0.23395824, 1.2408403, 3.0424733, 3.4398038, -0.23204225, -0.80089897, -2.7485, -1.2454339, -2.1858592]
[2.5965037, 1.734872, 3.1659532, 0.23066261, 2.148887, 2.2875485, -1.3503253, -2.3707368, 0.09566355, -1.506124]

 

Average Error: 0.095165335