Final Weight Matrix:
[2.539081, 0.8910689, 4.8795347, 3.6761572, 2.054716, 1.7904768, 0.21730363, 4.276416, 3.1963313, 0.8799425]
[3.7143197, 0.41575998, 1.9703338, 4.4337997, 4.990981, 2.7461326, 1.5373442, 3.3025365, 1.4478455, 1.2427888]
[2.7344651, 2.4051929, 3.415359, 3.2919006, 0.70948154, 3.4047768, 3.0834892, 0.62055856, 4.2220063, 2.2125502]
[3.8004227, 3.7529109, 0.21334529, 1.0007236, 0.9768662, 2.473956, 1.5370971, 0.44369727, 4.325411, 3.9606843]
[4.343606, 2.8001974, 3.0780325, 2.995199, 1.4188275, 3.3028517, 2.6874633, 0.09298235, 1.7656207, 2.7638843]
[3.0613184, 1.6892147, 4.1846714, 4.727315, 3.7860398, 0.34510702, 0.4430881, 3.3065107, 0.9586671, 2.5234084]
[2.519169, 2.7140636, 4.998945, 4.9869814, 4.1681066, 4.6071534, 4.2063036, 0.5866462, 1.7796415, 2.6900167]
[4.3528285, 2.805069, 2.8873987, 4.5054684, 0.46474367, 0.23354709, 1.2612325, 4.245091, 0.29437602, 4.3900914]
[3.8670826, 2.4636145, 0.17861038, 3.292738, 2.0403237, 3.3137789, 2.8279712, 0.7246861, 4.4932704, 2.8558576]
[3.6054065, 0.55149734, 4.598378, 0.93881637, 4.50142, 3.049542, 0.1668939, 0.41132927, 3.9613557, 1.3942614]
[3.4175339, 2.0796237, 1.0934091, 2.042228, 2.3185422, 3.9801338, 0.40759742, 0.16875535, 1.134761, 3.5385432]
[0.8846855, 0.9298399, 2.0427396, 3.918982, 1.831488, 3.5810483, 1.6431695, 3.9695063, 3.0795212, 3.2747464]

[4.2300262, 3.2988107, 4.764509, 1.1786896, 4.7361217, 1.1056805, 0.2839006]
[0.90636384, -0.54697883, 2.917013, 0.4139041, -0.1372073, 3.5957325, 0.88841426]
[1.9430687, 4.970458, 0.3468608, 3.85845, 0.77720004, 2.4830618, 4.739691]
[4.212847, 0.33254385, 2.2017121, 4.797521, 3.074886, 1.1396967, 3.8967721]
[1.9129461, 3.4212074, 2.8136928, 3.807567, 4.230332, 1.458618, 0.24160519]
[4.730725, 0.44701093, 2.3396404, 4.58104, 4.6364036, 0.76488847, 4.2623396]
[0.90441495, -0.6682591, 1.3789566, -0.5639388, -0.5260181, 0.56390387, -3.2509506]
[-0.07133341, -0.32131457, -3.2065148, 0.326519, 0.005093336, 0.3554268, -2.09596]
[3.3514516, 2.711017, 1.0915209, 4.44256, 0.6814582, 4.614232, 0.08924815]
[0.024099685, 2.325432, 3.6813912, 4.581644, 1.0688096, 0.63746697, 0.1280943]

[-15.420924, -181.84816, -511.84167, -1012.1205, -1676.886, -2516.0664, -3520.3298, -4691.4062, -6031.946, -7545.2603]
[-14.853273, -182.0412, -519.8179, -1026.0034, -1706.0408, -2554.8896, -3572.7515, -4763.709, -6128.866, -7660.6084]
[-14.88173, -188.33249, -537.86584, -1069.33, -1772.8291, -2658.1777, -3716.7634, -4957.049, -6374.3457, -7968.0947]
[-14.763013, -176.4601, -510.46576, -1009.6118, -1673.8772, -2509.7402, -3511.7742, -4680.157, -6017.961, -7520.8433]
[-15.117636, -184.19377, -519.48145, -1026.3677, -1702.479, -2549.3442, -3563.88, -4753.7905, -6110.583, -7643.0615]
[-17.190948, -176.80211, -509.33908, -1000.9952, -1667.1394, -2494.582, -3493.7598, -4655.204, -5989.5596, -7487.585]
[-16.566723, -191.04315, -547.4418, -1081.351, -1801.399, -2693.562, -3771.4321, -5026.996, -6463.8296, -8080.31]

 

Average Error: 0.01923077