Final Weight Matrix:
[4.83056, 4.7003756, 3.2014432, 2.800907, 0.1781705, 0.808014, 0.8805227, 0.3370148, 2.1526017, 2.5278351]
[3.8152003, 1.9184735, 2.423508, 2.0748014, 3.3261325, 1.341841, 1.372171, 2.507667, 3.8060162, 1.5615382]
[2.3581247, 1.1440963, 3.1450202, 2.1430042, 2.1689134, 4.2380896, 1.6813016, 1.8607793, 0.030403435, 2.7434778]
[2.9899619, 4.2550225, 2.7857928, 4.635066, 4.7244935, 0.42946935, 4.1752806, 0.5211735, 0.6799495, 2.003094]
[1.7263705, 1.2212461, 0.67570686, 2.0817504, 2.0862894, 3.4290729, 1.6298606, 2.9505122, 3.7603278, 3.3805919]
[0.8921477, 2.0985963, 3.0586221, 1.705723, 3.0462213, 2.2635632, 2.5725982, 1.9920492, 3.7164738, 4.647458]
[1.0027266, 2.4161162, 2.604063, 0.9328747, 0.52134037, 1.5128496, 2.9189708, 4.470365, 3.7859674, 0.427939]
[2.4106863, 2.1696072, 3.0061352, 3.0205078, 2.373372, 3.495297, 0.22413373, 4.9080596, 4.8092194, 4.2255483]
[0.89015275, 1.942305, 4.576329, 4.5969334, 0.41508347, 3.908367, 4.978179, 1.3480654, 4.268688, 0.20202518]
[2.2270048, 2.335427, 1.2835732, 0.3766945, 1.3428137, 2.5740633, 4.631329, 4.2959375, 3.845933, 0.13562441]
[1.7893326, 1.976397, 3.5298207, 0.59147984, 0.12616754, 3.373493, 1.3312608, 0.03421724, 1.2396967, 4.42726]

[3.9637551, 4.947183, 0.19647723, 4.737577, 4.4202976, 4.8132195, 4.5382605]
[3.6889615, 3.2728064, 0.50807905, 1.374977, 3.3461843, 4.2968206, 3.106769]
[0.045320164, 1.2140692, 1.220351, 3.064567, 0.26482648, 1.6687561, 0.8364085]
[0.68838346, 3.7833006, 3.619147, 4.468264, 4.8636546, 3.2713928, 2.1876712]
[0.77122235, 1.2034234, 3.6439438, 3.6873553, 4.210727, 2.775377, 4.5768995]
[1.0466033, 1.525987, 1.1245813, 2.8828297, 3.207819, 1.5271508, 1.6646634]
[0.1058633, 3.7089608, 3.3436365, 2.7277524, 4.8849273, 0.24642, 0.5351685]
[4.706054, 0.15135598, 1.6024024, 0.61285806, 4.8545866, 0.019541798, 3.8414648]
[4.5348845, 1.3026419, 2.4098918, 2.3788936, 1.0680559, 3.889139, 0.43009368]
[2.4517665, 2.702424, 1.3031447, 4.6827846, 1.1154608, 0.15893401, 2.5454402]

[0.45692542, 4.5218196, 0.2240409, 1.928934, 2.8706074, -0.8713479, -0.18006456, -0.973979, 0.92234397, -2.733624]
[4.177159, 4.235735, 0.62028384, 1.0661092, 0.45546305, 2.6309774, 3.268424, 1.8485743, -0.13240892, -0.94633573]
[3.803496, 1.9865941, 3.1467793, 1.1742022, 1.7743, -0.5661045, 0.3541751, 0.30735743, 2.1544628, -1.5502589]
[2.4743066, 2.5147834, 3.740172, 4.2227716, 0.8068776, 1.8483769, -0.68575287, 0.16069251, 2.007352, -0.6633333]
[4.2885995, 1.114221, 0.20477904, 4.300346, 2.9218476, 0.30274436, 2.3434558, 2.4329555, -1.9704987, -0.70570487]
[3.2372777, 4.3006086, 1.7472483, 2.5965748, 2.5047693, 2.95254, 1.3713449, 2.9990904, -2.2356882, 1.8532925]
[4.0753856, 3.4700744, 3.4374044, 0.8096318, 1.2423009, 1.699914, 2.4089222, 1.1615106, -0.6415955, -2.5968206]

 

Average Error: 0.006241101