Final Weight Matrix:
[3.7887514, 0.89812994, 4.7004204, 1.7421999, 4.3789487, 1.6652498, 1.4620316, 1.0742857, 0.6708738, 3.8445094]
[4.8599663, 2.1710336, 2.6527333, 0.27496725, 1.0842905, 0.15705347, 0.21215141, 3.9866683, 2.639952, 2.9565647]
[0.6278217, 1.2832654, 0.50108135, 4.0511136, 4.730062, 0.7352209, 1.8673882, 0.52021146, 4.368601, 3.504321]
[2.1510916, 0.13288915, 3.4703984, 4.198877, 2.3867748, 1.3052487, 2.9061327, 1.9603229, 2.1904354, 0.8277583]
[3.194102, 2.7538419, 2.4136624, 3.9206643, 1.4159137, 3.4416106, 2.6631856, 1.0615575, 3.5886278, 3.48636]
[3.257183, 3.201462, 2.7004676, 4.409935, 1.0427868, 0.14112234, 1.0672218, 1.0267353, 2.8326023, 2.5643597]
[4.0777473, 1.1113328, 1.2631482, 2.2479858, 2.571255, 0.43477595, 2.3195128, 3.405969, 2.4062145, 2.92232]
[3.9959214, 3.7381246, 0.44876546, 3.2194579, 0.9121138, 2.1899855, 4.513598, 1.8916017, 2.7244022, 1.480706]
[0.34661472, 2.2796988, 1.8550831, 2.3005576, 3.7387073, 4.1592064, 1.1147058, 4.5400543, 1.3241768, 1.5384946]
[3.8618822, 3.700932, 0.6443152, 2.4359403, 1.2912939, 1.607615, 1.0732327, 4.3092623, 0.571886, 3.9296353]
[2.2140136, 3.0082772, 1.8866384, 3.7244663, 4.2117534, 0.9810969, 1.9185716, 3.9908543, 4.007061, 0.79728276]

[4.1536994, 0.9999281, 3.1084573, 1.4386829, 0.15299855, 2.2513075, 3.81259]
[1.8444786, 4.005086, 3.2281091, 3.5905461, 0.74297684, 4.795153, 3.5428073]
[3.3115823, 4.2198367, 2.5690603, 2.5265954, 2.1836047, 2.9851937, 4.9651217]
[4.289565, 1.1893116, 0.7986187, 2.7874854, 1.427545, 2.2879279, 2.9467518]
[4.433325, 2.6202924, 1.734138, 0.3695278, 4.448328, 1.9650407, 3.6333413]
[2.9677958, 4.048529, 0.120245546, 3.034419, 2.864573, 0.6067249, 0.98504454]
[3.244055, 4.092744, 3.763225, 4.113788, 2.0461264, 3.8344543, 3.2859733]
[2.8384993, 0.5914611, 4.3821983, 0.6356696, 0.9413967, 1.5078679, 4.0146127]
[2.0519044, 4.1853414, 1.3463812, 0.90966356, 2.4276538, 2.3593597, 0.29655346]
[1.3486177, 4.9323545, 1.2824061, 1.6773865, 2.298136, 0.8424932, 2.4914575]

[3.671144, 4.374007, 1.2311174, 1.4990222, 3.2780585, 2.0592642, -0.31239778, 0.83729917, 1.4935362, 1.1111691]
[4.49144, 0.25741184, 2.23454, 1.3202546, 3.510586, 1.4396685, 2.7538023, 1.5579638, -1.2142676, -3.2178516]
[2.2631352, 4.7784047, 1.5979404, 3.565837, 0.8289729, 2.6229615, 0.1616196, 1.9179611, -1.352761, -0.81089365]
[1.5023766, 3.8429465, 0.36181802, -0.29448932, 1.0881401, 0.116969764, 2.1291664, -0.044572115, -0.5440284, -2.117769]
[2.5211778, 3.3752837, 3.6073363, 2.7445662, -0.6966424, 1.667443, -1.2053156, 1.3902503, -0.979636, -0.07512605]
[2.950602, 1.2480608, 0.24628742, 3.0102675, -0.9247817, -1.433984, 0.21809971, 1.530142, -3.0941522, -2.3048203]
[1.9417343, 4.262219, 0.5305947, 1.7830071, 2.0529969, 2.67307, 0.6996651, 2.1266437, -2.7630126, -3.334898]

 

Average Error: 1.5370742E-5