Final Weight Matrix:
[3.3578906, 3.4816823, 4.5772166, 4.453381, 2.0816455, 3.3007917, 4.4311433, 1.2645102, 1.845575, 3.2127523]
[2.6499531, 0.89267343, 0.31813353, 3.7360258, 3.81527, 1.5912662, 2.5256464, 3.9166343, 2.5761356, 1.405555]
[3.522905, 2.504899, 4.2508335, 2.0580719, 1.2649345, 0.015084147, 4.520071, 4.380437, 4.6720347, 4.373658]
[4.6707315, 3.49271, 3.1793582, 3.561276, 1.0904827, 0.8474603, 1.5336102, 0.089384615, 3.8147666, 1.6489921]
[3.4197307, 0.09115487, 4.9487, 3.0216334, 3.4245143, 1.0304132, 0.4898095, 0.26858926, 1.4550346, 0.58935493]
[2.1792154, 3.158875, 4.6886306, 2.7494109, 1.4277449, 3.0694308, 3.427301, 2.7589176, 1.4715979, 2.0482378]
[0.43007523, 3.9308696, 3.7847981, 0.14849484, 3.7977161, 1.6444081, 4.4410577, 4.3004913, 1.7586869, 2.6607463]
[2.8073027, 1.2643516, 0.5553606, 4.7996173, 0.34953922, 4.9614267, 3.4348872, 3.0632167, 3.826659, 2.4736133]
[2.7179723, 0.61389416, 4.0800257, 3.8776374, 1.3371652, 2.2979822, 1.5401781, 3.6354814, 4.718398, 0.115256906]
[4.4638295, 0.6732109, 0.61781317, 0.6312877, 3.4847016, 2.3698676, 4.5408936, 2.5537772, 0.96393555, 4.1576734]
[2.7611785, 0.7948023, 3.7163358, 0.15711218, 1.1482048, 3.3353388, 0.27706444, 0.47869384, 1.0135796, 2.1287248]
[1.9723294, 3.4011028, 1.8233528, 4.4237194, 0.63292027, 4.3574677, 3.8151634, 0.068959296, 3.0100722, 1.4426446]

[1.5373709, 2.1560981, 0.43921694, 2.2984195, 4.929419, 2.3809865, 0.39143816]
[4.380011, 4.039123, 0.21683426, 4.1387906, 0.44115752, 1.6290822, -0.14158516]
[3.726722, 4.389771, 1.2191564, 4.4600067, 4.8837166, 0.89483887, 1.7310969]
[4.1564345, 3.2235808, 0.36408833, 3.9809968, 1.9175289, 1.4456391, 4.5179706]
[1.6945324, 4.326311, 0.24316616, 0.9418721, 2.8022618, 2.118445, 4.11329]
[3.849123, 3.4564276, 3.102278, 0.07055039, -0.06073063, 4.4044566, 4.796352]
[1.30106, 0.108858846, 4.8079133, 2.778302, 0.26158652, 4.4944468, 0.77940875]
[2.3908396, 2.3857245, 0.278297, -0.09188063, 4.7017035, 3.8875816, 0.99277115]
[4.635075, 0.748412, 4.8563395, 3.9196706, 1.6446432, 1.9306197, 0.9799707]
[-0.07813136, 2.9386775, -0.13644646, 0.53974086, 2.660958, 4.266094, 2.8431935]

[-19.937487, -199.85387, -570.84283, -1126.6471, -1871.5662, -2804.3384, -3925.128, -5229.7124, -6726.3633, -8410.514]
[-19.346703, -201.81766, -570.3182, -1126.3389, -1874.8618, -2806.2415, -3923.3477, -5232.2134, -6725.506, -8405.502]
[-17.171236, -200.29929, -570.5197, -1129.8223, -1875.0103, -2803.3381, -3923.8623, -5231.158, -6726.259, -8411.876]
[-16.897974, -199.09068, -573.10284, -1128.2767, -1870.8333, -2807.7246, -3923.0378, -5231.665, -6728.103, -8407.989]
[-19.482641, -198.73044, -568.7686, -1126.5574, -1873.0833, -2805.6233, -3924.6226, -5233.99, -6727.1387, -8406.401]
[-18.827713, -202.53552, -569.1476, -1126.3934, -1875.0504, -2805.2424, -3922.5293, -5234.0083, -6725.0293, -8405.611]
[-17.36211, -203.3326, -569.4182, -1127.7158, -1874.4457, -2803.986, -3926.6338, -5231.5405, -6725.1543, -8409.926]

 

Average Error: 0.01923077