Final Weight Matrix:
[2.7262864, 1.1120403, 4.6984344, 3.6145692, 0.5298719, 3.1612656, 3.299215, 4.9569454, 0.002862811, 2.6948767]
[4.001988, 1.6865311, 4.825473, 4.1846533, 2.9499102, 3.1124876, 3.589714, 3.0045304, 4.249159, 4.720372]
[3.059423, 3.0151582, 3.2783818, 3.2735894, 3.7496486, 3.7926822, 4.070443, 2.3666706, 4.8811855, 4.3277106]
[1.9193461, 2.1097603, 3.658197, 1.2337387, 4.9981475, 0.1259771, 0.55701524, 3.11419, 1.2238, 1.339134]
[1.8915439, 1.0727253, 0.24424583, 3.1742845, 4.902653, 1.757372, 2.3269513, 4.484039, 4.401008, 4.415639]
[0.12470752, 2.336429, 4.04859, 1.3310852, 3.0154047, 1.4828902, 1.49546, 0.60344666, 3.642159, 2.9857717]
[4.175018, 1.4315476, 4.806346, 3.8825483, 4.811081, 2.033783, 1.329577, 4.5479164, 0.8897117, 4.783313]
[3.445427, 4.3753333, 0.11211783, 2.4984822, 2.704771, 4.716906, 1.3644803, 0.5829954, 0.9802422, 2.5161827]
[4.036809, 0.59044987, 2.5887427, 3.4542303, 3.6944423, 4.0449185, 1.6727263, 3.5579634, 1.5793902, 2.9999697]
[4.100566, 2.3341572, 4.1992803, 3.8950493, 3.2765093, 4.4767504, 1.1821272, 4.0683975, 2.3572726, 4.8233056]
[3.5467494, 4.623067, 4.62421, 0.4239154, 0.80055773, 2.796291, 1.7792732, 2.6380491, 1.6461024, 1.1471373]

[0.044763047, 1.0381027, 1.200574, 1.6133195, 1.4301256, 2.4101796, 4.232663]
[0.17028733, 0.86120826, 4.276558, 2.0466049, 2.6077502, 2.0028703, 0.5082984]
[0.9451675, 4.927726, 4.118464, 0.69549346, 2.0595713, 1.5975922, 4.9174128]
[2.023164, 0.48184228, 3.1666167, 3.6918602, 3.3565183, 1.5948591, 3.3368657]
[3.4478023, 2.56368, 3.1173382, 2.2623925, 4.2157307, 2.94575, 4.599374]
[2.4740686, 3.039727, 3.8086288, 4.455829, 0.0098531665, 3.5146163, 3.9316142]
[1.7193048, 4.2829866, 2.6749227, 0.39249024, 1.805465, 0.2536305, 4.824614]
[1.0644716, 2.7647781, 2.0829866, 1.7034985, 2.0725071, 0.97297996, 3.7939935]
[0.7193575, 0.8855555, 4.3974867, 4.270517, 1.6135563, 0.85939324, 1.5701637]
[2.0874555, 1.472515, 0.3816894, 3.1328964, 3.3178456, 0.059092972, 3.2026482]

[3.196775, 4.106754, 1.3781164, 3.9240994, 3.4543083, 0.5233947, 3.2456522, 0.026805222, 0.32725722, -2.060114]
[4.493536, 4.728136, 3.6833818, -0.13682133, 2.7551453, 2.3938427, 0.28671962, -1.8684185, -1.4849646, 0.4765607]
[1.2752613, 0.43394595, 0.39150783, -0.21647461, 2.4258766, -0.14260343, -0.74768937, -1.398116, 2.2474046, -2.405252]
[1.8198255, -0.02403385, 1.718024, 2.2191935, 1.7884552, 2.8488286, -0.22219253, -0.40549093, -1.0980151, -0.15766788]
[1.5854832, 4.44158, 3.7781286, 2.3648534, -0.048010945, 3.5505326, 1.9287729, 1.7294754, 0.38021588, 1.9869099]
[4.8797283, 3.3574493, 0.8202794, 2.5437655, -0.31643215, 0.8507455, 0.765861, 1.488193, -2.3019598, -2.7485511]
[2.180333, 1.3771149, 2.9107504, 0.060273454, 3.1849236, 0.055005282, -0.006358087, 1.7274531, 0.8182952, -2.3758752]

 

Average Error: 0.012471157