Final Weight Matrix:
[1.8653927, 2.6183524, 0.8957347, 2.6728249, 2.218815, 3.5485742, 2.0490696, 4.654994, 2.322958, 1.0599679]
[1.930965, 2.6883128, 2.852267, 1.9715025, 1.1362674, 3.1881385, 4.322434, 3.5912447, 2.2436938, 0.4142949]
[0.29128134, 1.5409553, 0.6699848, 3.30653, 0.97978264, 1.400933, 0.6503013, 4.376296, 2.5375366, 0.28846234]
[1.6695547, 0.24316788, 4.7747035, 3.7528749, 3.4741137, 2.0404959, 4.8067455, 4.0159283, 1.6799011, 4.6913414]
[1.8079767, 4.8589225, 3.8177886, 0.8249432, 1.371629, 3.3742871, 4.7299237, 2.1090696, 1.832824, 2.3915503]
[3.563939, 3.8983946, 3.1594372, 4.953452, 2.171663, 2.1179361, 0.56554735, 2.5710068, 4.673969, 2.1286216]
[0.09221822, 0.70560604, 2.9257858, 1.2649109, 4.8481207, 2.6065779, 0.93029976, 4.738319, 0.053521097, 3.134243]
[3.187263, 1.5026569, 4.209027, 2.8975124, 0.99859923, 4.4542966, 0.66699564, 0.07296115, 4.829663, 0.3619796]
[4.24851, 3.8063786, 3.5743282, 3.1944113, 0.7803488, 2.5508668, 3.5873227, 1.9395068, 3.0605693, 0.006107688]
[0.4218614, 1.62675, 0.66238016, 2.1955466, 2.5917194, 0.504331, 1.5963721, 4.3717036, 3.3146396, 0.25684536]
[3.4413245, 0.8599147, 3.9916806, 0.7392737, 2.4724224, 3.138564, 1.2412453, 1.051268, 0.23948729, 4.6758537]

[1.1964567, 0.3753854, 4.2314863, 4.581403, 4.7547975, 1.9894992, 2.7919643]
[2.5353587, 1.7480687, 2.254312, 4.4770093, 4.782809, 0.013593799, 2.3526456]
[0.07811578, 0.07935556, 0.9460294, 3.653397, 0.61372817, 1.1498196, 0.88071704]
[3.9984024, 4.6343355, 4.6335425, 4.1361995, 1.0556816, 1.1611866, 2.2232034]
[3.4420424, 3.35963, 4.7795587, 4.1744084, 0.9979011, 3.4028986, 3.724503]
[0.9692572, 3.4283288, 0.4007704, 0.92956525, 4.3292174, 3.263557, 1.2783024]
[2.7518666, 3.190615, 3.3268747, 4.313183, 2.549046, 1.6175619, 3.0461235]
[3.3911557, 1.1478323, 2.9121501, 2.423001, 1.3051366, 2.0628042, 3.633803]
[2.3608754, 0.20149723, 4.654784, 2.5884364, 4.601564, 2.4292247, 3.209443]
[2.6201103, 0.4717304, 2.511813, 1.6851376, 2.7833302, 0.52800107, 4.0498443]

[3.9218476, 2.88171, 4.229782, -0.018769488, 3.265029, 2.520837, 1.3414348, -1.5854559, 0.49776143, -2.271225]
[4.536793, 4.688144, 4.40883, 2.3503067, 3.3977718, 3.6564264, 2.309277, -0.48340237, -2.020695, -1.9382248]
[1.922916, 1.9555174, 2.7165017, 1.6160688, 3.9841979, -0.64299655, -0.80180717, 1.7843413, 1.7818966, 0.4900732]
[4.0995173, 2.544353, 4.7626433, 2.6613972, 0.076109454, 3.5898397, -0.1717656, -0.23624533, -2.1543288, -2.464083]
[1.5944234, 3.281063, 2.4854503, 4.357398, 1.0059075, 3.1500263, -0.05992186, 0.20457351, -0.18325287, 1.859268]
[3.5385509, 3.9182374, 0.2114291, 2.75826, 3.759134, 0.6830394, 2.1349144, 0.05917692, 1.2292998, -1.6905422]
[3.2775385, 0.4904575, 0.8914996, -0.0247287, 3.4351842, 4.055706, 1.9292456, -0.325323, 1.8416243, -0.5483214]

 

Average Error: 8.9032865E-6