Final Weight Matrix:
[1.6751864, 0.7487437, 0.6547466, 2.7581894, 4.9563527, 1.133228, 3.0057583, 1.2459996, 3.3023996, 0.84435195]
[3.496175, 1.0616183, 3.0133116, 1.3482463, 2.50236, 4.243558, 0.5351177, 0.7262683, 2.3725066, 1.6617224]
[2.3077593, 0.1465556, 3.2779691, 4.154033, 2.8846648, 4.530887, 1.1271304, 2.7411532, 1.4389312, 3.6829934]
[1.2499752, 4.7134895, 1.4118311, 2.8989406, 4.365961, 3.018928, 1.8704414, 2.3581429, 2.807303, 2.1375804]
[3.7679484, 4.255391, 0.36273003, 2.3481956, 1.4663672, 1.0559072, 1.9145411, 2.9472833, 2.6386812, 2.5784898]
[2.1990287, 0.9446275, 3.6457002, 4.99356, 0.164648, 4.0364785, 2.1402464, 4.686107, 2.1246111, 2.149762]
[3.5237286, 1.2167674, 1.9947386, 1.5971279, 3.8320298, 3.0215483, 3.6205258, 1.314287, 2.1012864, 4.7418137]
[2.479661, 4.8390913, 2.530081, 1.1564124, 2.8009791, 0.5981749, 3.161456, 3.098237, 0.47450364, 1.7941675]
[2.0327232, 3.7446475, 0.5993858, 1.2277329, 0.038173497, 3.5572956, 0.3898862, 2.8777275, 2.2025213, 0.45983076]
[4.649901, 1.0240561, 0.83233505, 3.645187, 1.5528148, 3.2963455, 1.5881091, 4.5267735, 4.897784, 0.8230278]
[0.9683782, 2.6346421, 4.9310937, 2.8361359, 3.9148898, 0.8189255, 4.7502704, 3.7439334, 1.2079436, 4.58451]

[2.9686298, 1.0319341, 2.3132842, 1.122555, 0.0021119684, 1.1198196, 2.355021]
[2.11132, 4.4705253, 2.2801268, 2.165076, 0.14539203, 0.9146195, 3.3560143]
[-0.004425659, 4.833836, 2.750877, 3.9780326, 1.7927285, 0.031604152, 3.554191]
[2.906872, 3.4012022, 0.6342052, 1.3661991, 1.0038544, 4.6468716, 3.2901266]
[4.5196657, 4.539388, 2.612543, 0.64043546, 4.2778087, 3.367711, 3.7378838]
[0.76995033, 0.5255534, 2.6854851, 2.0712876, 4.0621405, 3.1711273, 2.6199877]
[0.7019188, 4.057243, 0.6038444, 0.06528038, -0.0109563405, 1.4558483, 1.1212157]
[3.8691845, 0.9659296, 0.37119502, 3.6592805, 3.324104, 2.6717637, 0.94266266]
[1.5471168, 1.167811, 2.3877213, 1.585863, 3.297316, 2.4452279, 3.4451895]
[1.2254217, 3.978481, 1.7398523, 1.9244682, 1.4924638, 4.3513575, 3.003083]

[1.2588831, 1.0917168, 0.71434677, 3.8854616, 0.07596731, 1.5180142, 2.1139507, -2.2055721, -1.8762898, -3.4445968]
[3.465442, 1.9797381, 2.53583, 0.5133605, 1.812322, 1.1706682, 0.63256043, 0.29838157, -0.8978567, -0.23828733]
[3.0278156, 4.649569, 3.5588658, 1.6081989, 1.5126184, 0.8416499, 2.1714592, -1.7580467, -2.671451, -1.2501996]
[1.8468692, 1.3582277, 2.2170312, 3.1958115, 3.822976, 1.3283644, -1.1870625, 1.188887, -0.4161762, -3.9264588]
[0.4255098, 2.8168733, 0.5444761, 4.2901855, 1.0012908, 2.8202193, 2.2120674, 0.076012075, 1.6920558, -0.017254472]
[4.7410197, 0.14258169, 3.8414345, 3.5799687, 2.2432728, 1.3619082, 0.08871758, -2.2795506, 0.85210246, -0.05784142]
[1.5891337, 3.5859447, 0.90004355, 3.9488425, -0.030401826, -0.64016235, 1.4828725, -2.141176, -2.7104702, 0.38191718]

 

Average Error: 0.008160744