Final Weight Matrix:
[0.26193142, 1.3733339, 2.5920877, 4.3308983, 0.39143354, 3.3040583, 0.53931385, 1.9903252, 2.4400642, 1.5087771]
[1.1123431, 3.1767213, 4.85109, 2.652421, 4.9878244, 4.5201297, 0.93576133, 1.8177352, 0.12070626, 1.2066692]
[1.215339, 0.6194258, 3.4322886, 1.408535, 1.5654995, 1.7394978, 1.3063401, 4.2734833, 4.0667133, 4.330301]
[4.4668827, 3.9549227, 1.7250667, 4.9786377, 3.065337, 4.965647, 0.34564376, 1.0256674, 1.2988319, 4.3245096]
[2.6948392, 4.400508, 2.5033832, 3.7946928, 2.3868868, 4.4232235, 2.2560596, 4.134179, 3.4595776, 0.4537943]
[3.6232355, 4.983514, 3.4788382, 2.7617779, 4.8045516, 1.4836898, 2.9239895, 1.5364113, 0.2445221, 1.2692926]
[0.07553637, 0.7842469, 3.9691467, 0.33073783, 2.2539592, 0.7220113, 3.809835, 4.737178, 0.9678954, 3.68284]
[2.1110263, 4.101501, 2.8282034, 0.046600103, 2.9937663, 0.33465594, 1.3037318, 0.07751405, 0.73100746, 2.9527106]
[2.9462695, 1.1182239, 3.9504924, 0.38157552, 3.3353915, 3.4278655, 1.3397992, 1.1569637, 3.0061567, 4.1574335]
[2.1107006, 2.0870981, 1.1693094, 1.8889954, 1.4647207, 2.6698935, 4.33848, 1.7021883, 3.670104, 0.8123672]
[3.593571, 0.51347643, 3.5469303, 4.0559964, 1.2639844, 3.1181078, 2.29948, 4.5764885, 2.2675757, 1.8743994]

[3.823833, 4.5990925, 4.227124, 1.7432264, 4.1498966, 0.093228795, 2.1719205]
[1.6385417, 0.29009426, 3.6057646, 4.052502, 2.96783, 1.9286878, 2.4488323]
[2.2388818, 4.3544087, 3.4782693, 4.616309, 3.4638736, 3.795204, 1.6724448]
[4.37808, 1.5044813, 1.7351614, 1.1204971, 0.49173018, 2.02114, 2.4721959]
[3.8668816, 1.991007, 4.9688234, 1.0173832, 2.7063498, 2.107594, 4.5297422]
[0.5798113, 3.7198718, 1.703106, 3.5736208, 4.5507164, 2.581194, 1.6983612]
[0.80111337, 4.575667, 3.7272694, 3.0804856, 4.3666897, 3.6395116, 0.50738734]
[4.732729, 1.3689327, 4.1585417, 0.15249193, 4.283632, 4.967202, 4.7962685]
[1.5439503, 1.565014, 4.383411, 0.9701069, 3.6693227, 0.7972135, 0.899673]
[4.9843864, 2.6861007, 2.0102584, 3.4627445, 3.108158, 3.229561, 4.189524]

[0.23144431, 4.0276575, 1.6355306, 1.7681165, 3.6228597, 2.0132012, -0.9959424, -2.0398061, -1.3150606, -0.9639206]
[1.6010237, 0.67523205, 3.054091, 4.0252304, 0.4191687, 2.920727, -1.4770976, 1.8937647, -3.212468, -3.2758393]
[2.262121, 3.2419133, 2.911801, 2.3446484, 0.0807254, 0.38725883, -0.49268347, -0.7569665, -0.26206732, -4.085087]
[3.7924452, 4.407593, 1.2446547, 3.5285382, 0.78535295, 1.3439882, 1.9219544, -0.8616759, -0.11044061, -2.072219]
[3.1932142, 2.506547, 1.9825721, 3.2220562, 1.2935406, 1.2480032, -1.1372199, 0.38481605, -0.5771103, -3.8193269]
[3.7762043, 4.4610395, 0.51255906, 4.078745, 3.3757157, 3.2408667, -0.41781855, -2.6862736, -0.65399253, 0.14286566]
[2.2993906, 4.509595, 3.64731, 1.2337486, 3.2848134, 3.262283, 0.20719725, -1.7970899, -0.89778566, -0.076595426]

 

Average Error: 1.3331087E-6