Final Weight Matrix:
[4.50051, 1.0551214, 0.76921254, 3.9563875, 0.7446179, 1.6488919, 1.6626287, 1.6280913, 2.619371, 1.9842911]
[2.194992, 0.9829435, 0.002080202, 0.74218154, 3.6113062, 0.46426356, 3.606734, 4.4600906, 4.0313993, 1.589238]
[3.9675303, 4.0672135, 3.189247, 4.6432886, 2.1595643, 1.1507416, 2.1554053, 4.4548388, 4.716635, 3.322108]
[1.3517895, 1.036782, 4.3748584, 1.6902894, 4.8074956, 1.6263559, 2.41538, 4.9287367, 3.9936328, 3.3493123]
[0.78612864, 4.4313116, 3.2581637, 4.1672845, 2.4654546, 4.0448456, 2.855618, 4.119783, 3.882083, 2.3113787]
[2.531439, 0.96552104, 4.6465726, 3.7871218, 3.229959, 3.8737917, 3.4780202, 1.0786617, 4.6050406, 4.6678286]
[2.45288, 2.766543, 3.932817, 2.521725, 4.56533, 2.4043083, 0.76942354, 0.84430486, 0.90364456, 0.5852166]
[1.2289435, 3.121762, 2.4256327, 4.472676, 4.2469645, 0.65095425, 2.5976639, 0.77300847, 2.2651885, 2.6826193]
[3.86347, 3.4852486, 3.747691, 3.4547422, 4.6763387, 3.752614, 0.09798199, 3.7677896, 1.3850882, 1.140034]
[3.3694327, 4.113067, 3.6621168, 3.8133302, 1.5844768, 4.2811813, 4.0307493, 0.55546373, 4.137953, 4.8583546]
[0.84702015, 3.74663, 1.2478557, 0.9634945, 4.3541217, 1.2963021, 2.5265691, 4.0285344, 3.0202305, 3.750751]
[3.7243752, 4.8093204, 0.73470294, 3.1287858, 1.4949685, 3.2054367, 1.8442047, 2.4468591, 4.5530457, 3.826868]

[2.8073227, 2.8826838, 4.942841, 0.6751718, 0.11504248, 2.3654237, 3.8778846]
[0.30531523, 0.30175802, 4.334271, 1.9907463, 2.512431, 4.479915, 0.06338773]
[0.102681175, 1.0297984, 1.982652, 2.3237264, 3.1556032, 2.9917166, 1.909658]
[2.0978487, 0.64569294, 4.6875944, 1.7243361, 4.4422183, 1.3404131, 3.501829]
[1.3971692, 2.4693487, 4.7491665, 1.0502142, 2.9466004, 1.4677173, 1.5070806]
[3.584718, 2.8712318, 4.756675, 3.6961367, 1.3783964, 0.790599, 1.4090747]
[4.0601296, 4.2543383, 2.2992034, 3.1137955, 1.9088963, 3.9026358, 3.4418635]
[1.4505899, 3.273482, 2.2858474, 0.31079173, 0.49809337, 3.140846, 2.1652317]
[4.956658, 2.2954125, 3.4723058, 4.69795, 1.4069911, 4.9458323, 4.340264]
[2.4316888, 1.7557502, 0.43799776, 2.4327855, 0.3587185, 2.0998666, 0.5822073]

[-20.025398, -198.21925, -567.3384, -1125.6722, -1865.1465, -2796.6475, -3908.309, -5210.1367, -6701.909, -8375.796]
[-16.894966, -199.17265, -569.6688, -1122.2938, -1867.6749, -2792.4233, -3910.3188, -5208.3687, -6699.9307, -8375.165]
[-19.871826, -202.07256, -566.03485, -1122.5931, -1861.976, -2791.0444, -3905.1785, -5203.6333, -6692.424, -8367.654]
[-17.163, -200.72607, -571.23956, -1126.6, -1866.9993, -2793.3235, -3911.704, -5213.551, -6704.3936, -8380.672]
[-18.580307, -199.43692, -568.4186, -1125.7946, -1867.2471, -2801.024, -3918.0107, -5218.1895, -6711.9478, -8388.587]
[-16.51852, -197.78429, -569.4219, -1121.8146, -1864.941, -2794.0735, -3908.0347, -5211.1904, -6699.6035, -8372.262]
[-20.81418, -202.21982, -570.57635, -1124.715, -1864.8923, -2793.544, -3910.1133, -5213.423, -6702.831, -8379.017]

 

Average Error: 0.01923077