Final Weight Matrix:
[1.601522, 1.3758159, 1.4493406, 0.72712123, 3.864368, 2.734536, 3.448281, 3.247745, 0.8777267, 4.711297]
[0.53165823, 1.4281068, 0.40402293, 0.98495036, 1.054882, 4.019005, 1.7991906, 3.635453, 4.267186, 3.3800592]
[1.2331221, 2.749252, 1.8999445, 4.8349447, 4.1916857, 3.7319515, 3.1059692, 4.5302973, 0.058556795, 4.2544727]
[2.5643234, 1.6445742, 2.026351, 3.6621795, 4.151738, 2.9892783, 3.7060835, 0.39030373, 1.118243, 0.5111939]
[3.7060313, 0.40761054, 2.6882792, 2.6212292, 0.8280453, 0.9232253, 1.6394565, 2.9644802, 3.9017594, 4.774378]
[4.8426223, 2.419053, 0.24359018, 1.8163726, 4.335471, 3.120638, 0.21468163, 3.7770283, 0.057082176, 3.8989015]
[4.8649116, 3.948367, 2.4052384, 3.064288, 0.52173704, 0.56628495, 0.7579994, 3.2742035, 4.8241563, 4.0878468]
[3.6946657, 4.650826, 0.8526501, 4.894744, 2.9810934, 2.2246125, 4.983049, 1.3251295, 2.2754967, 4.584252]
[4.041313, 2.7247849, 0.741674, 2.6622453, 2.4808931, 1.2884432, 2.308551, 0.35302788, 1.1963862, 2.4745708]

[-4.736822, -6.5313554, -4.002832, -7.9799724, -4.4193273, -5.994038, -7.1153827]
[0.7667968, -0.43846884, -0.6019042, 1.7616924, 1.146519, 1.7193059, 0.6107769]
[-20.679094, -24.151709, -22.618044, -21.451237, -20.179537, -23.269485, -20.928434]
[-0.0055815727, 3.0818384, 1.2998714, 4.2506757, -0.08977939, 0.043918893, 1.3211973]
[2.1862144, 0.09004388, 2.262514, 0.63671595, 1.9150538, 3.2616673, 2.0358183]
[1.4219158, 2.7951586, 1.336308, 3.7494571, 3.4133945, 0.61993706, 3.1118512]
[2.0970714, 3.4787486, 0.4703673, 0.9708896, 3.61611, 1.954537, 3.3310492]
[2.0961106, 4.2278357, 3.155833, 1.4150381, 0.8438973, 0.34284243, 3.542105]
[-1.1396753, -4.546718, -0.32164758, -4.304742, -1.8007529, -4.611131, -2.6664784]
[3.7823875, 2.6835425, 4.6566114, 0.9576638, 2.3435273, 0.6224416, 1.6826582]

[0.8465208, -39.317635, -117.26718, -231.75427, -393.56256, -587.18787, -826.2706, -1104.9604, -1421.6975, -1776.2289]
[-3.0788915, -40.681927, -118.8741, -239.22037, -403.01288, -605.76697, -850.5692, -1134.4769, -1460.8712, -1824.903]
[-3.9633088, -41.05586, -120.20772, -236.26163, -394.98962, -593.8815, -837.07935, -1113.1666, -1437.2622, -1797.1606]
[-3.8762865, -38.258533, -118.37877, -235.69803, -394.73526, -595.61816, -835.96686, -1119.4377, -1436.8031, -1799.8805]
[-3.3745692, -39.28918, -118.16418, -231.5133, -388.38312, -585.8926, -821.30383, -1101.1768, -1415.8236, -1771.0624]
[-2.4571528, -38.0916, -118.691154, -237.19624, -398.14813, -604.0111, -843.75854, -1128.7756, -1452.1586, -1815.0962]
[-3.9577217, -39.11156, -118.31189, -234.08704, -392.00284, -590.5952, -832.5703, -1111.3888, -1428.831, -1788.4672]

 

Average Error: 4.3809524