Final Weight Matrix:
[4.559354, 2.9666648, 4.0125675, 2.931657, 1.8143449, 2.6327899, 2.4659438, 4.300235, 1.0172677, 3.016851]
[3.112977, 4.8258657, 4.5864797, 2.9572744, 1.5655062, 2.2056255, 1.5412056, 4.8021145, 2.4412262, 4.0969872]
[4.3953133, 0.41631877, 3.9666154, 0.20004809, 2.9392292, 1.4011803, 4.9335523, 0.92538327, 4.8253627, 4.850258]
[0.97635686, 4.3232884, 1.8061441, 3.053669, 0.5394873, 1.538224, 0.77989936, 2.708015, 1.6902819, 3.3527832]
[3.6081421, 0.049408972, 0.23368478, 2.9072688, 0.9365076, 3.8250873, 0.4976231, 1.8233874, 0.016580522, 2.593286]
[3.9725673, 2.263722, 3.1515644, 0.6956434, 3.4538918, 4.8531184, 2.8174636, 3.600988, 2.901124, 2.4453232]
[1.513738, 0.6594157, 4.2973776, 0.89990675, 3.8218296, 2.6319733, 3.9716334, 2.9433846, 1.1733752, 3.4406757]
[3.195643, 2.8175547, 0.20712644, 2.1982179, 3.1487746, 2.4012663, 0.907636, 1.7744291, 1.2739164, 1.3535005]
[3.6307952, 1.5007728, 1.5445492, 1.2308264, 3.620512, 1.4340699, 1.599376, 3.5366704, 4.2746587, 2.240896]
[2.151617, 2.9596696, 1.6223592, 3.835088, 2.5736127, 1.2406027, 2.702348, 1.5284851, 3.3251057, 4.899555]
[1.5853395, 4.5310163, 2.620153, 2.5751886, 3.0418851, 3.067783, 3.8006365, 2.7351189, 3.5291696, 4.3406687]

[0.6446408, 0.6597193, 0.5415802, 4.738703, 2.8301883, 4.6720066, 4.0557513]
[1.5488707, 4.9921136, 0.7603267, 4.9895453, 3.4116054, 2.9673438, 3.8545766]
[1.3223698, 3.6156664, 4.534112, 2.7418282, 3.8407497, 1.3393366, 2.1449287]
[2.865053, 2.9122844, 0.064115874, 4.0513287, 1.2505294, 0.12381112, 2.725942]
[0.92988807, 1.2753032, 2.8939161, 4.8617134, 2.3843224, 1.1599615, 0.45185736]
[4.225763, 0.3038567, 1.2699336, 0.68382084, 1.214663, 0.47682998, 0.1471284]
[2.3093278, 3.7530046, 4.8362617, 2.823223, 2.551375, 0.17954746, 3.3370764]
[4.72616, 3.130919, 3.973332, 0.89066094, 2.7769425, 0.49409786, 0.45387843]
[3.6932073, 4.251704, 0.14196149, 3.8398628, 4.3801613, 2.7366729, 4.2561874]
[1.72245, 2.3013225, 0.8914121, 1.0414264, 0.037218157, 2.6214056, 2.8218317]

[4.188859, 1.6284828, 3.9583025, 0.6399418, -0.5838343, 2.9290895, -1.4284681, 0.6769984, -1.2984885, 0.42188764]
[2.2832525, 1.1321518, 3.0283902, -0.2993617, 2.2081764, 1.495748, -0.916941, 1.3001518, 2.2762947, -0.8238383]
[1.9672011, 0.707114, 3.407231, 0.111628845, -0.6045163, 3.5992184, -1.2303566, 1.0361319, 2.0438354, -2.0173848]
[0.85218406, 2.3602047, 1.6708587, 0.09979175, 2.532946, 0.9345235, 0.3908395, 0.017662942, 0.2667349, 0.55131096]
[2.2062876, 4.840373, 3.655195, 3.0289686, 0.80070996, -0.8509013, 0.17187074, -1.7959551, 1.0343537, -2.1252174]
[2.0725913, 1.8931985, 1.3026524, 4.021272, 2.3734188, 1.6573582, 2.4918373, -0.9711611, -0.6966634, -2.1246917]
[3.2694244, 4.177035, 1.9056729, -0.08288184, 2.221336, 3.1591952, 1.2272521, 0.93733823, -1.0878817, -0.78700435]

 

Average Error: 1.4267929E-4