Final Weight Matrix:
[0.19315809, 4.393989, 0.64952165, 0.57683766, 3.0018406, 0.9108171, 0.28773934, 0.89951605, 0.9705651, 4.172931]
[4.3134613, 2.192148, 3.0679336, 4.4587817, 2.2556992, 2.4184892, 0.73887825, 0.7066688, 2.0970378, 0.66901743]
[2.5757613, 1.7834864, 0.3479579, 1.875329, 4.511192, 3.4707193, 0.4629162, 1.5924096, 2.5393558, 3.670379]
[0.21748722, 3.00639, 0.8702034, 3.38233, 0.61273515, 3.2998734, 1.8772697, 2.941972, 0.28552026, 4.954571]
[3.5795083, 1.037574, 1.028677, 3.4225287, 1.6426477, 3.3694613, 3.313126, 1.4239293, 0.76677084, 0.95405936]
[4.058359, 0.39319068, 4.6926756, 1.0155153, 3.9247456, 3.898506, 1.0868788, 1.91279, 4.1603823, 4.196082]
[1.0087484, 4.4030385, 0.28941274, 1.0830877, 0.10620266, 3.7905688, 0.39369106, 4.40699, 2.7898183, 3.7181892]
[1.3343153, 4.6387095, 0.38833737, 4.8534307, 3.3559906, 1.878387, 1.2587776, 3.850669, 4.190565, 1.2319579]
[0.40721148, 0.3419459, 2.0547547, 3.2609596, 3.8453557, 1.4502561, 0.052480996, 2.894696, 0.46520293, 3.3208365]
[4.12896, 4.9211397, 1.0388976, 2.3358095, 0.26937336, 1.6996038, 3.2519195, 2.1882024, 3.430478, 4.7136536]
[1.7405221, 2.5314212, 3.2827961, 0.79698354, 2.5435438, 0.94374955, 2.2211435, 1.498774, 4.3865376, 3.924138]

[1.9721223, 1.929288, 0.81290257, 3.3005059, 1.1445655, 3.255597, 3.463372]
[4.0385265, 0.079779424, 4.6443796, 0.19916305, 4.993108, 3.693315, 0.13783613]
[2.2908103, 3.706063, 0.643226, 4.555386, 1.3621525, 0.1766653, 3.1010292]
[3.8364642, 3.1075418, 1.4710402, 3.7947528, 2.1751008, 1.2505875, 2.654363]
[3.4759321, 4.1813436, 4.5632963, 4.4139624, 0.8414282, 0.025216248, 3.6850646]
[0.7584645, 3.497849, 2.9877622, 4.700852, 1.7151828, 1.2995578, 3.9788115]
[0.98352146, 1.1251621, 0.20577386, 3.773157, 4.369137, 4.658474, 4.408038]
[0.020908713, 0.5764422, 1.2913994, 2.266186, 4.1650453, 1.8596303, 0.03171444]
[1.76018, 4.930978, 2.548512, 3.8645082, 1.4686557, 0.34193304, 4.081458]
[2.68143, 2.7223969, 3.6889386, 2.84803, 1.5431522, 3.648368, 0.37021905]

[3.489811, 2.938636, 4.692428, 2.216923, 0.54701495, 0.03452754, 2.7309024, 2.1101477, -0.6310812, -3.2043486]
[2.658843, 1.8276001, 1.2458863, -0.4982336, 3.9948378, 2.0748596, -0.71783394, -1.4861126, -2.0844185, -1.3236144]
[2.7165353, 1.6425879, -0.020923771, 0.52678096, 1.6389359, -0.8149924, 1.3159387, -1.5492241, -0.9694748, -1.9531816]
[2.040423, -0.0034128241, 4.008061, 2.8081586, -0.2706678, 3.157082, 3.2486875, -1.066284, -2.1548743, -1.4295576]
[3.521838, 0.9368706, 1.6269631, 4.263584, 0.31010503, -0.8259563, 0.15896547, 0.47727364, -0.26962614, 0.8454217]
[3.7381146, 1.4195176, 1.6149426, 1.7527747, -0.72363067, 3.455785, 2.4835906, 2.2606995, -1.1036983, -3.5703526]
[1.7953465, 2.3800688, 4.1840897, 1.8263557, 1.6961927, -0.76876664, 1.4426751, -0.772527, -2.311677, 1.6998694]

 

Average Error: 0.002027125