Final Weight Matrix:
[4.8539248, 4.2133284, 2.4964454, 1.4464903, 1.0657189, 4.372561, 3.6844063, 4.3254776, 3.5456605, 0.80331415]
[2.051902, 2.7843904, 0.6436333, 1.2940636, 1.4491814, 2.1781816, 0.87272674, 3.7097173, 4.638628, 1.7350727]
[4.7730737, 3.0151339, 3.416487, 4.0189238, 4.112685, 1.1452065, 2.3095312, 1.5843222, 2.5079527, 0.2998951]
[3.640532, 4.7092733, 0.6431672, 0.40579557, 4.4586177, 4.0499053, 0.6261718, 3.5719686, 4.2240133, 1.583153]
[2.4846768, 3.3777544, 2.8277411, 4.8896117, 2.5616333, 0.53081006, 2.575201, 1.6726828, 2.3632505, 0.60682535]
[1.9308043, 3.045695, 4.8327518, 3.276165, 1.8248513, 3.0701776, 0.727939, 3.2005205, 4.0825677, 4.9610004]
[4.760336, 2.9736333, 2.4206867, 3.3433084, 0.975464, 1.4290175, 1.5444336, 0.6483498, 4.9132295, 1.9546809]
[3.1954906, 0.75737834, 1.8580294, 4.2661324, 1.7810013, 0.07229835, 2.7718506, 3.286047, 3.1394353, 1.4267963]
[1.680156, 0.26908368, 0.45890242, 2.4111652, 3.5577843, 1.2663323, 0.6980926, 2.417283, 3.4265337, 2.1342402]
[0.61335623, 1.8072748, 0.04183054, 3.011673, 0.66462785, 2.2509737, 3.4052763, 4.985762, 0.35808742, 1.284646]
[0.4134339, 1.2777433, 4.6380224, 1.2285149, 3.3395898, 1.955029, 0.62069297, 1.6158881, 3.9711556, 1.9319338]

[4.578714, 4.4754167, 2.0957546, 4.890978, 3.64824, 4.053871, 4.476884]
[1.0374091, 0.20889014, 0.644325, 3.3964448, 3.1049373, 2.4468198, 0.008760393]
[2.5057123, 1.3398483, 4.87672, 3.7605503, 4.9358044, 3.898288, 0.89398175]
[1.9473042, 1.0189348, 1.0580158, 1.0321381, 4.78511, 2.2863224, 0.24724305]
[3.994413, 3.0188015, 2.6893702, 4.2709236, 0.64637095, 3.0876837, 2.867429]
[3.4262717, 2.636928, 3.1709585, 3.21622, 1.8671873, 2.7482007, 1.1713233]
[1.0318873, 1.5401723, 2.2547767, 1.8088927, 1.9809347, 4.97629, 4.7470493]
[3.6713977, 0.01840949, 3.9045196, 4.991471, 1.3718233, 4.9160686, 4.0368047]
[1.366271, 3.8631854, 0.11758417, 0.96518636, 0.33078313, 2.554531, 4.3858566]
[1.1732461, 4.8196254, 2.6556814, 4.9030666, 4.979882, 4.6622562, 0.2844563]

[2.1980968, 1.2457175, 2.0233276, 0.7240904, 2.7982187, 1.521137, -1.1367157, 2.27222, 1.1623513, -0.15945375]
[2.1973052, -0.06774206, 4.2096753, 0.18478945, -0.69236606, -0.37858924, 0.7313373, -2.6221297, -0.9561208, 0.65184426]
[3.2646036, 3.9929676, 3.4965441, 3.595039, -0.5271381, -0.7212884, -0.3742988, 0.8544817, 0.18215048, -1.1427294]
[3.1739786, -0.034577318, 2.645768, 2.5620637, 2.6169367, 1.0556369, -0.03840196, -0.80906516, -2.3110533, -2.143021]
[2.180744, 0.32362515, 0.38358432, 0.52969396, 2.141392, 2.8210938, 0.14959216, -1.5135556, 1.1659482, -3.1721601]
[1.3414118, 1.8995541, 0.9900731, 2.3222933, 3.9413426, 0.9232791, 2.6376858, -1.1598239, 1.1647037, -0.6446213]
[1.5797291, 1.026062, 1.9411894, 1.5102326, 2.1294026, 0.19388801, 0.4663995, 0.72731, 0.6882626, -3.7324395]

 

Average Error: 3.3149572E-5