Final Weight Matrix:
[0.34027696, 4.281007, 0.574795, 2.5378623, 0.13344854, 4.6662807, 2.1742013, 0.8962023, 4.282817, 4.6389027]
[3.2019825, 3.1707666, 3.6377306, 3.4490836, 2.8515503, 3.3980951, 1.0850098, 1.3500667, 0.21663755, 0.9693107]
[2.8465102, 2.8344557, 2.4888477, 0.663425, 4.4334764, 3.9808223, 3.9612918, 2.6770887, 4.04079, 0.16192824]
[0.32366484, 4.9494085, 4.3411226, 2.4584272, 4.1698246, 1.6812086, 4.828897, 2.1002448, 3.7209716, 4.2144294]
[0.4467553, 2.029207, 4.8835297, 1.1280811, 1.410886, 0.41372806, 1.251663, 4.1716557, 2.222283, 3.3379822]
[0.07397413, 0.28523564, 4.4229693, 3.38804, 1.5293348, 2.6283722, 4.921877, 3.9357057, 1.5982747, 2.078392]
[0.6948808, 4.312584, 0.027146637, 4.7751226, 2.4561114, 1.023196, 2.21889, 4.8355546, 1.9298544, 1.683397]
[4.656171, 3.5819075, 4.628977, 4.5210953, 0.68270266, 3.4036934, 1.3998961, 2.3382351, 2.1024487, 4.483128]
[1.3367975, 4.619634, 0.27312487, 3.9685984, 1.2382895, 3.5646465, 0.7920569, 3.088594, 0.3954655, 3.8065388]
[1.8241405, 3.1048045, 0.80678195, 3.3321977, 2.881781, 3.7448523, 3.6360335, 4.9973645, 1.9166622, 4.8100057]
[0.91665894, 4.191595, 1.8575984, 0.38925052, 2.7885995, 4.799791, 1.8652537, 4.5371704, 4.390918, 1.0563195]
[4.163959, 4.2885594, 2.4605393, 4.131876, 3.1472394, 1.5276194, 0.569011, 1.0364747, 2.7839491, 0.93465]
[2.2075334, 2.383996, 0.12639135, 0.06959945, 4.876138, 4.7299137, 2.8437285, 0.5816227, 3.2944636, 1.0651773]
[1.2798512, 1.6594416, 4.505829, 2.8923, 4.1242056, 3.6519716, 3.2481394, 3.4067502, 0.64962685, 3.426168]
[2.59755, 0.2056247, 2.8287358, 3.513751, 2.714943, 2.7097316, 1.9089562, 3.595462, 1.0303473, 3.9437823]
[0.07770389, 4.9364085, 4.453874, 4.3170724, 3.2590184, 2.2151976, 1.099034, 4.694185, 2.3791587, 1.8698305]
[3.5190961, 3.9678783, 2.3529263, 4.842263, 1.8911829, 3.9359655, 4.7592516, 3.0593414, 0.81597537, 3.9479432]
[1.5816247, 3.3992126, 3.1412091, 4.1982126, 0.32704383, 3.4087822, 4.250741, 2.8894055, 0.35026252, 1.9493037]
[2.702072, 1.72573, 0.79532146, 2.9344835, 2.6362655, 0.2920723, 2.423808, 0.70978045, 3.545635, 4.0652175]

[0.8823688, 3.6148431, 2.3651075, 2.8399212, 3.0271134, 4.2257924, 1.3794876]
[0.75133175, 0.5792472, 2.4334035, 0.6158492, 1.3685431, 2.1473522, 4.261145]
[1.5510406, 4.3199577, 2.98288, 1.4376884, 1.5198438, 4.902696, 2.4056344]
[4.6270657, 2.8989327, 1.2051246, 1.7674422, 2.691829, 3.2829823, 1.5279996]
[1.9399288, 3.8665586, 1.607363, 2.6863203, 1.394698, 2.5877664, 4.7305636]
[4.986598, 4.9726877, 2.4393387, 4.92065, 4.944625, 4.848679, 1.0981452]
[4.1233935, 0.7940213, 0.12444419, 3.8112147, 2.783358, 4.458854, 3.020773]
[2.203302, 1.3792584, 1.3628223, 4.0784636, 3.6418, 0.08559971, 0.42707562]
[1.8684485, 1.9054735, 2.0263324, 1.0883441, 0.9017855, 3.0856853, 3.213589]
[4.634157, 3.1241899, 4.9553375, 2.3138287, 4.6030426, 0.18451539, 1.0748941]

[2.0189652, 1.0816026, 1.3043342, -3.8586557E-4, 3.8199358, 2.810223, -2.0901928, -1.688829, -1.1079595, -0.6423553]
[2.409927, 1.7863958, 3.1914701, 2.4836614, -0.8569742, 1.1693442, 1.1786187, -0.2654583, -0.33438087, 0.28297436]
[2.6238475, 4.3883305, -0.010820508, 1.3599377, 3.228585, 0.20110536, 0.005176127, 1.6735045, -3.2141461, -0.6680391]
[3.6274798, 3.1145444, 0.28366518, 3.0411181, 3.033457, 3.0651445, -0.6683272, 1.0538111, -1.2098436, -4.039257]
[4.4164467, 0.0017664544, 1.0035993, 3.185979, 2.6806903, 2.311275, 1.4749055, 0.058052182, -2.8296034, -0.9034903]
[1.4012798, 3.2312124, 4.18178, 1.5871835, 2.195257, -0.16608226, -0.101297975, 0.5034486, 0.26594514, -0.2953341]
[2.2341783, 4.2582064, 4.2401648, 4.27326, 1.0999917, -0.11552322, 2.0111024, 0.82478297, -2.8718224, -3.015277]

 

Average Error: 0.003728912