Final Weight Matrix:
[4.576217, 4.7153287, 4.248529, 4.776515, 4.2809963, 1.9844437, 1.6360154, 2.6659613, 2.716794, 3.5132334]
[2.9202795, 2.470201, 3.3940575, 3.2657585, 2.1751075, 2.7864013, 1.5857706, 4.4066896, 2.9587784, 3.1909232]
[2.658312, 2.542338, 1.8033972, 2.1193004, 4.691766, 2.2569058, 3.552793, 2.6073859, 1.7442176, 3.5167565]
[0.90600073, 4.8952994, 1.7098254, 4.7690434, 1.8217292, 0.5901629, 2.9282734, 0.05780518, 2.3428984, 1.9728723]
[1.997326, 2.3466067, 1.1407334, 2.845839, 3.4222708, 3.363584, 2.3396106, 0.17089695, 4.186013, 1.5795422]
[2.3545518, 1.3982143, 1.2494555, 1.5654546, 3.893789, 1.4874961, 0.6796643, 0.64074636, 3.493099, 0.96202165]
[3.1675067, 2.8722463, 4.9537287, 2.0948262, 4.3292665, 2.5853887, 2.5518694, 1.3258857, 0.40875167, 3.339461]
[4.5281367, 1.9614053, 1.9062152, 1.0484424, 2.0067863, 0.96378744, 1.6847891, 3.61483, 3.4460628, 1.4467456]
[0.24893463, 2.1180468, 2.9957626, 4.228099, 2.985705, 0.5594212, 2.701707, 1.237449, 1.1194497, 1.2257886]
[1.518203, 3.6422787, 0.19331723, 4.472596, 1.1909062, 1.549612, 4.873819, 4.739732, 3.5788722, 0.00762105]
[3.4233997, 0.7594758, 1.1744084, 0.60928315, 1.0239778, 2.5719862, 0.93399227, 1.2659746, 1.3135884, 1.2711654]
[3.987617, 1.0408888, 0.6484145, 0.5198473, 3.9851334, 1.3191545, 4.181686, 0.22084832, 0.35731494, 0.94295293]
[1.3952464, 4.248, 3.4104083, 2.295794, 2.093333, 2.5329545, 4.1829367, 4.1111045, 0.5136344, 0.78902364]
[2.3226688, 3.0776815, 2.3985245, 3.7179651, 0.79328954, 1.0802758, 4.9481134, 3.1903915, 1.1008611, 3.250163]
[1.2232115, 4.8820148, 0.49918145, 4.401162, 0.03530234, 4.4684095, 2.5533733, 0.024980605, 4.735228, 4.278303]
[0.72824925, 2.8404286, 4.7535768, 3.3429852, 0.7411748, 1.0989541, 3.7430487, 2.8864324, 0.15033573, 4.9998064]
[1.7936907, 1.3218778, 2.6137238, 3.8582115, 4.3313847, 0.8661324, 0.98009616, 3.1861477, 4.941942, 3.5790272]
[2.59208, 0.81519574, 2.789389, 4.3734474, 1.0780793, 3.232657, 4.397387, 4.7288027, 1.3713417, 2.6744823]
[0.045241416, 3.150298, 0.56234896, 0.37094623, 2.6807106, 0.036490858, 1.5084803, 3.9634702, 4.1851544, 3.5024433]

[3.389782, 0.1842122, 4.7347736, 2.8250554, 3.8118408, 1.7352995, 4.405332]
[3.7662103, 2.7695055, 2.133757, 0.6654662, 4.839186, 0.15501468, 0.45389533]
[0.9221871, 0.13097058, 0.33049116, 1.1442319, 3.3263931, 3.109889, 0.100493826]
[0.8048111, 2.9491255, 4.7321863, 2.681167, 0.25740415, 0.6120452, 4.426326]
[0.6374591, 1.8406043, 0.83745265, 0.258952, 0.3709506, 4.419901, 3.891492]
[1.8663534, 0.4132429, 4.5657434, 3.8744822, 0.93030816, 3.2919543, 2.0573099]
[4.488269, 1.9632095, 2.069487, 0.7936236, 2.0336928, 3.5862324, 3.2436771]
[2.2051861, 4.4920115, 0.99292094, 3.6816084, 3.8669615, 3.1797085, 4.8119655]
[3.7242641, 0.6168633, 1.4735196, 4.5556793, 2.8443263, 2.6230593, 1.8453044]
[0.46862683, 4.009126, 3.4487863, 3.8673213, 1.0939204, 4.6459594, 1.8064921]

[1.7089425, 2.6571827, 4.0060434, 1.3948387, 4.155375, 1.1524438, 1.1106484, -1.0295166, -1.19162, -1.3995751]
[0.47498506, 4.831081, 2.5981247, 0.48548695, 4.1325397, 3.8151627, 0.32107982, 2.6003554, 1.3516253, -0.6001982]
[4.5460625, 1.8968532, 0.13879408, 0.70359623, 3.3495963, 0.57042825, -0.9064656, 0.8446897, -0.80492276, 1.3450348]
[4.5444455, 0.7856971, 2.3387032, 4.2929354, 2.8514295, -0.3929932, -0.11054006, -0.9058838, -1.8453621, -2.7717006]
[2.4100828, 3.5137997, 2.395826, 3.6248097, 1.1660291, 2.6996481, 1.9396406, -1.3118392, 0.8160374, -0.22952047]
[1.5438129, 3.0329583, 1.9912549, 0.571463, 2.3094802, 0.68838763, 2.7532759, 1.092136, -0.5797308, -2.1047785]
[3.2150497, 4.731713, -0.1582663, 3.7415504, 2.6519165, 0.71279824, 1.684708, -0.9160098, 1.1680272, -0.2724653]

 

Average Error: 0.19041498