Final Weight Matrix:
[3.3581283, 1.4309204, 2.9795904, 2.70228, 2.981823, 2.4670694, 0.15363961, 0.018293858, 1.9628265, 0.044732988]
[1.9385674, 2.2532873, 2.8093119, 2.195766, 4.962083, 2.523097, 1.3918259, 3.3394852, 1.7139504, 4.4472833]
[0.19149065, 2.2750382, 3.753518, 2.3410802, 4.9136963, 0.1208666, 4.418213, 1.5243387, 0.3842047, 4.8857656]
[2.1271918, 0.4144886, 4.269119, 2.8029249, 4.7489204, 2.067661, 0.36605448, 3.8422294, 4.2000275, 4.3678346]
[4.9747434, 1.5629154, 3.1968741, 3.3658028, 4.47293, 2.0700738, 2.07541, 1.9559926, 1.5776819, 0.70164293]
[2.7167401, 1.4085636, 2.5711536, 2.8703377, 0.7063049, 4.3961215, 3.7995217, 0.40585697, 0.95749587, 2.358897]
[0.12851506, 4.7408285, 0.6430915, 0.01997143, 0.4511106, 2.328992, 1.6002009, 4.9144306, 4.3129926, 2.0114639]
[4.559819, 2.1450365, 2.8480017, 3.4075203, 4.957057, 0.5747381, 1.4257047, 4.3168025, 4.512171, 3.0561948]
[3.2113311, 4.11241, 4.7484136, 3.464304, 3.5576549, 1.9768395, 0.5962181, 3.513873, 1.2000325, 4.898659]
[4.8933206, 3.0261416, 1.3490796, 1.686245, 3.0491545, 4.2604513, 3.2876778, 2.9605994, 2.2244236, 1.5973389]
[0.12572408, 2.5225706, 3.8614748, 2.583529, 0.17086059, 0.5266461, 3.2694483, 4.60532, 3.4881248, 1.1755612]
[0.65467745, 3.1128464, 1.7759281, 0.8343947, 0.629206, 3.8824186, 1.6379899, 2.4725466, 4.9193573, 2.6770525]

[2.7164364, 3.6148734, 2.0254488, 4.38583, 1.3394592, 1.7284372, 3.7050834]
[4.225115, 3.2484834, 3.3868995, 2.7944841, 1.433692, 0.43593606, 4.1865983]
[3.5110288, 4.5455165, 1.8704826, 1.114223, 0.45968792, 4.421368, 2.2707143]
[3.8323324, 2.4198525, 4.7008114, 0.6914446, 2.7830017, 3.0013664, 3.8384051]
[4.166939, 4.1481895, 1.5249285, 0.9967362, 3.6909556, 2.358607, 0.6993484]
[1.4003115, 4.4268255, 1.9709082, 4.2302985, 2.411136, 0.64321554, 1.0072868]
[4.4838815, 2.8654814, 3.8127034, 2.4345644, 2.3758016, 3.425088, 1.3656362]
[0.11471077, 3.256834, 0.8679323, 1.2125413, 3.6803315, 1.5243607, 3.9740086]
[0.9902966, 1.3503762, 3.1319792, 1.4787877, 0.14216872, 1.0349422, 0.990203]
[2.799403, 4.186097, 4.627403, 1.4204694, 4.6773443, 3.934087, 2.3438206]

[-17.980732, -198.05486, -559.43066, -1111.1096, -1841.3466, -2758.567, -3862.862, -5148.056, -6621.3096, -8277.976]
[-17.245804, -197.56357, -559.75714, -1108.6982, -1845.9182, -2760.9695, -3863.473, -5147.888, -6622.535, -8278.678]
[-16.735138, -197.2812, -561.27295, -1111.9781, -1845.8649, -2763.2559, -3861.291, -5147.4854, -6621.8613, -8276.959]
[-16.008461, -197.7573, -563.89514, -1109.1075, -1841.48, -2759.4414, -3864.0864, -5151.7075, -6621.8804, -8274.591]
[-17.725792, -196.92148, -562.20447, -1107.8639, -1844.7754, -2760.8098, -3864.6704, -5147.7324, -6620.701, -8275.915]
[-19.307854, -196.08823, -559.50415, -1109.9758, -1844.9509, -2759.3323, -3861.0112, -5150.1777, -6620.838, -8274.401]
[-19.515411, -197.65881, -560.57513, -1111.4205, -1842.0558, -2758.97, -3864.7793, -5152.192, -6623.169, -8276.834]

 

Average Error: 4.0961537