Final Weight Matrix:
[0.24321645, 1.1423278, 1.5542362, 4.728847, 0.3439355, 4.5214653, 4.5597177, 4.54801, 3.5555234, 3.306606]
[2.3251877, 8.6426735E-4, 4.4832716, 1.538559, 1.7336335, 4.5603833, 3.1795096, 3.9168139, 0.9021148, 1.2596169]
[0.045964718, 1.9783785, 3.9956837, 2.485348, 3.0154788, 4.484938, 3.5022678, 3.5418847, 4.900354, 2.5821228]
[2.0410767, 4.9842978, 1.8167716, 0.36603212, 4.8730526, 3.8785777, 4.2636914, 3.0323217, 2.0719566, 3.6857686]
[3.0209014, 2.7774887, 1.7022544, 2.3500576, 4.8830824, 0.57145923, 1.4414394, 3.4995494, 2.0416286, 3.0917861]
[4.4394054, 1.9362676, 4.918412, 2.784947, 0.08862853, 3.932526, 1.5287256, 1.7472122, 3.002082, 0.28865367]
[2.1653483, 1.9598603, 3.2799063, 4.8071675, 2.8414276, 0.20018697, 1.9629929, 2.3565257, 3.5738955, 1.5255708]
[1.9969783, 0.2298516, 1.1270845, 3.7031488, 3.5920224, 3.1374214, 3.2416131, 2.9583793, 3.2936049, 4.133771]
[1.948277, 0.33356786, 2.5619884, 4.689195, 4.1904793, 0.18949777, 4.080644, 2.229941, 4.3596783, 2.62251]
[4.2176733, 0.94097674, 1.2725323, 2.9941816, 3.092978, 3.7398825, 3.7001874, 2.3352723, 4.0547686, 2.7707996]
[3.491787, 1.0595641, 2.242082, 1.8548262, 2.1363852, 1.4419585, 4.458684, 4.2796183, 3.8785763, 1.4297003]

[0.1643392, 4.468716, 1.1699786, 3.082352, 0.8126422, 4.184477, 3.8072062]
[3.8052337, 2.5355034, 1.3637062, 2.9025629, 0.37491742, 2.7978995, 3.7756345]
[1.3099128, 0.76523036, 0.66396177, 0.7151574, 0.8635479, 3.2721522, 3.104311]
[4.961413, 4.5042634, 3.2302315, 1.8641708, 1.3929794, 1.5161563, 4.1883945]
[4.71126, 3.424805, 1.7309233, 0.7977075, 2.5207932, 3.441406, 4.535853]
[2.195554, 4.7616987, 3.2126818, 4.3716655, 1.2563732, 1.9165685, 1.6528766]
[2.9383981, 2.52948, 2.1658323, 4.499855, 1.6075835, 4.458281, 2.6214976]
[2.1223576, 3.9295428, 3.7858272, 3.252986, 1.637046, 3.570438, 2.1078928]
[0.8526396, 3.4012647, 2.2805169, 3.828314, 4.348564, 3.2078264, 0.43555462]
[2.3008404, 3.0926404, 2.7449415, 0.482348, 2.4746728, 2.491302, 0.09195457]

[0.0037177461, 0.5992074, 3.0494344, 3.4036336, 3.0574753, 3.264898, -1.0053816, -0.58280164, -2.2018003, 0.75573444]
[2.944904, 0.16468278, 3.085111, 3.2059617, 4.240898, -0.40549198, -0.22183219, -1.4333334, -2.1501305, 0.77818525]
[2.592554, 0.09156859, 1.6760693, -0.15712585, 1.2542789, -0.7132311, 1.1194308, -1.964994, 2.3894584, 1.4535387]
[0.99939203, 3.904506, 4.2375894, 3.409309, 2.9804146, 1.597883, 3.4182854, -0.0793975, -0.40216434, -2.15358]
[0.70234174, 4.498184, 0.054326855, 3.8378189, 0.2981507, 2.9515219, 2.766596, -0.4391204, -0.17849815, -0.32868564]
[1.1550146, 1.0600318, 1.9681712, 0.6377605, 3.4737382, 0.6109245, -0.9807441, 2.5345006, 1.895068, -2.3691006]
[4.955071, 1.5811232, 3.860935, 0.18917567, 1.1210768, 1.2709126, 0.59388685, 0.64118236, 0.3456686, -0.86018777]

 

Average Error: 1.9684992E-5