Final Weight Matrix:
[2.5620766, 0.2202487, 0.096370876, 2.7833896, 2.2836227, 1.8291876, 2.3031707, 1.1475382, 4.052636, 3.6148806]
[2.2844017, 4.265867, 4.487901, 2.1938608, 0.11483312, 0.64431995, 1.5429356, 4.0250726, 2.2606065, 3.3819757]
[0.304994, 1.518296, 2.2057629, 3.5583565, 2.0159962, 1.7593083, 0.47281235, 0.8367583, 4.9404106, 3.284819]
[2.2468586, 2.786662, 2.9143097, 4.0458164, 3.2949424, 4.9355717, 2.3829799, 0.64587295, 3.3532908, 4.6602836]
[0.6171188, 4.491406, 3.4133122, 4.0564723, 0.81341326, 2.5199797, 0.35396188, 4.3612094, 4.485937, 1.321941]
[4.578045, 2.2136748, 1.0702071, 2.3973365, 4.8508472, 2.533753, 0.94990134, 3.9169514, 2.5019953, 3.4757867]
[3.2133083, 0.121935606, 0.82960516, 4.3155527, 1.7167983, 2.6049528, 0.68662226, 1.1831856, 3.4183683, 3.3868024]
[1.2830317, 3.8345954, 1.2161225, 0.42141467, 4.6075892, 2.6208162, 4.5330353, 2.9299316, 4.165383, 1.0712248]
[0.8072755, 2.5479126, 0.0024232268, 4.045857, 3.6316159, 3.4507334, 4.008285, 3.8678787, 1.1190248, 4.4488525]
[0.96840173, 4.7441115, 3.8155806, 1.0802636, 3.6978986, 0.7843387, 4.1256027, 3.3012543, 1.2008903, 2.094648]
[0.32475293, 2.8332522, 4.2381916, 0.44256777, 3.2103271, 4.173441, 1.9806864, 2.4591227, 2.747674, 3.8459172]
[3.8066304, 4.9827476, 2.5193868, 2.550069, 3.4534936, 0.08039236, 0.7495031, 4.3607693, 1.046289, 4.260915]
[1.3664478, 3.2238026, 1.3354576, 3.0744252, 0.27195215, 0.3581035, 1.3323164, 3.458641, 0.31297863, 2.278016]
[4.425787, 2.0301912, 0.60213983, 4.453589, 3.7009132, 4.846484, 2.819723, 3.8702867, 4.2107854, 2.6941273]
[0.055873394, 2.182348, 0.23539156, 4.545478, 0.04148096, 1.7930112, 1.4032004, 4.70893, 4.2757583, 3.072147]
[3.9666104, 2.264721, 1.4203954, 2.335358, 0.4766059, 3.4008517, 1.3056654, 0.97178847, 0.7640067, 1.1581614]
[0.22216737, 4.799852, 2.1266212, 1.165331, 1.6704664, 3.945533, 0.26864588, 1.1399617, 1.0551617, 4.1372457]
[0.119071305, 4.087709, 4.6635838, 0.67033976, 0.65116197, 2.22537, 0.7140988, 1.5549347, 3.169777, 3.053945]
[3.9247835, 2.6799605, 1.865144, 4.722808, 4.3980527, 3.6270187, 4.3414774, 1.7556593, 1.176768, 4.988379]

[2.1097913, 0.3922465, 1.4660245, 3.3875284, 4.939766, 1.6737962, 1.6808269]
[1.5947851, 2.4213398, 3.0117023, 3.4193873, 3.129184, 2.0487459, 1.34263]
[3.5755384, 2.123182, 4.6497555, 3.1267893, 1.7077706, 3.1271827, 3.6371968]
[3.919813, 0.75130075, 1.3839433, 3.6306825, 0.18283904, 4.3287816, 3.3461826]
[2.6723502, 3.4006376, 0.35194573, 4.9492803, 4.974227, 0.59678996, 2.8738565]
[1.2106552, 1.7461791, 0.57456315, 1.2876773, 0.9501302, 0.77699333, 2.831973]
[0.87712127, 2.936051, 2.5443377, 0.18895344, 4.370465, 1.1450248, 1.4929019]
[4.964788, 4.828662, 3.5201614, 4.902861, 0.65468645, 2.8358378, 3.0097692]
[3.382216, 1.7820495, 1.1971372, 1.4272747, 3.2738166, 1.9960544, 4.0088034]
[3.9881556, 2.207433, 1.961272, 1.1752725, 3.2251365, 4.211568, 1.7299037]

[3.8556569, 4.1956825, 0.007563561, 0.81026244, 3.520365, -0.72846985, -0.40840477, -1.209968, -2.4311724, -3.2279654]
[0.97596556, 1.7592646, 0.38397825, -0.4857322, 3.2653072, 0.81894445, -1.5718814, -2.3790174, -3.3485281, -1.9073985]
[0.9931649, 2.7847128, 2.9995723, 1.646697, -0.21315494, 0.5292369, 1.2829247, 0.38284224, -0.16234267, -1.4421319]
[3.9998488, 4.394622, 1.3855536, 1.9045444, 2.1341548, -0.313237, -0.2811646, 1.1598759, 0.12625808, -2.2653227]
[1.4924638, 1.4755682, 0.15962073, 3.956043, 3.8518577, 0.5513847, -0.6046757, 0.42897844, 1.3229196, -3.435769]
[4.2502418, 2.3972316, 3.0275483, 3.2962096, -0.813947, 2.302176, 2.606281, -1.6712458, -1.9643676, -1.1409875]
[2.0197263, 4.6239443, -0.09253395, 0.9861858, -0.41544476, 0.12728137, 2.110887, 1.9960144, -2.1442363, -3.673389]

 

Average Error: 0.046704803