Final Weight Matrix:
[2.5457823, 0.758262, 1.1215216, 1.2292936, 1.5624788, 1.5465488, 0.6095591, 1.8833107, 2.6245904, 3.022276]
[3.7595177, 4.9773016, 4.534645, 0.019116402, 4.901033, 1.905297, 2.2394447, 1.0647943, 3.6931643, 3.259405]
[1.6632271, 1.7834082, 3.5025058, 2.8155625, 2.1690435, 4.566338, 4.441514, 3.3748558, 2.7146566, 3.1821487]
[0.26839733, 3.6346111, 0.7917392, 4.069285, 3.259146, 0.78937113, 1.3331896, 2.614129, 2.0752244, 2.7123547]
[0.7915816, 3.762156, 1.1735871, 3.9455967, 0.7089126, 2.6080947, 2.4985118, 4.324842, 4.068784, 3.944368]
[2.8200655, 2.517198, 4.12994, 4.163539, 1.8575468, 1.579982, 1.9458383, 1.9734848, 4.1670055, 1.5231138]
[4.3679304, 3.422646, 3.0519557, 1.8305454, 0.57786554, 0.09173006, 4.55088, 3.6647935, 2.4915555, 2.5979705]
[2.8923986, 3.6296167, 3.1994514, 3.9044883, 2.9204657, 4.226784, 4.7543125, 2.222049, 1.562264, 1.6318631]
[1.4700693, 1.4407673, 1.8282661, 1.8898171, 0.66108495, 0.20798713, 3.4380436, 2.7433724, 2.716343, 4.6640506]
[1.50078, 4.8455806, 1.1821082, 4.914165, 0.74315786, 3.2534978, 3.3117816, 3.0217128, 0.26952177, 4.673668]
[3.3535054, 4.3915634, 2.41331, 2.6440454, 0.7832512, 2.122136, 1.7511203, 0.5437112, 1.1803162, 2.258806]
[4.1110225, 0.2643186, 3.4883256, 4.9108953, 3.4275315, 3.439511, 2.8409567, 2.1978686, 1.542829, 1.0849339]

[1.8603526, 2.772417, 0.68789625, 4.2585664, 0.67284817, 2.8840637, 3.0962188]
[1.2987016, 4.352724, 4.8954926, 0.03603381, 0.9039567, 3.3817327, 3.3415215]
[4.4058504, 3.6226802, 3.9498951, 0.6294724, 4.6614532, 2.4755173, 3.9814]
[4.8715816, 1.4330516, 0.7917715, 3.4836285, 2.456184, 0.950479, 4.417053]
[2.756461, 0.43511918, 0.45549652, 3.3993707, 2.70362, 4.3156943, 3.4826038]
[-0.45075047, 3.742776, 2.4716835, 0.18619132, 3.816824, 3.1125648, 2.3622422]
[0.18164171, 4.297135, 0.23163362, 4.744568, 1.5433308, 2.8281379, 2.6306612]
[2.4334388, 2.6573987, 4.8153834, 1.9062898, 0.6433988, 2.905457, 0.09102591]
[2.458685, 1.8516167, 0.6511064, 2.399017, 4.9356313, 0.43675175, 3.3265202]
[2.9195848, 2.0195444, 1.5741993, 1.1287943, 4.024511, 3.2652593, 0.2827047]

[-20.420101, -200.1091, -569.74585, -1127.2709, -1870.0203, -2799.463, -3916.1997, -5218.9224, -6711.995, -8393.468]
[-18.132065, -202.17319, -570.8596, -1124.6508, -1871.8784, -2798.4194, -3917.297, -5224.571, -6713.578, -8393.405]
[-20.283434, -198.38477, -568.1767, -1125.9746, -1870.1233, -2801.206, -3918.9375, -5228.8467, -6719.325, -8398.629]
[-18.344257, -202.4874, -570.6013, -1127.272, -1867.9758, -2797.4546, -3917.6992, -5222.156, -6708.793, -8389.545]
[-17.198448, -200.05005, -569.4326, -1123.1407, -1869.2439, -2796.0, -3913.6826, -5219.452, -6708.4336, -8385.473]
[-18.563007, -198.2706, -567.1186, -1126.5546, -1865.8533, -2796.5876, -3915.4028, -5218.2324, -6704.8203, -8384.351]
[-19.769867, -201.01076, -570.74304, -1125.0736, -1867.6086, -2796.732, -3915.4756, -5216.2354, -6709.6016, -8382.731]

 

Average Error: 4.6346154