Final Weight Matrix:
[2.035391, 4.9121995, 4.3276978, 2.179628, 3.9164174, 3.4077225, 1.9054615, 3.7519681, 4.275401, 1.3189536]
[2.497374, 1.338438, 0.24376065, 2.965115, 2.6858263, 4.328974, 3.8342547, 0.8928877, 1.4370507, 0.15456736]
[4.273895, 3.271237, 4.6910505, 0.15576899, 4.3309507, 2.9758492, 4.6718097, 4.3594565, 0.4155013, 2.0403883]
[3.6639485, 2.4338455, 2.4744585, 3.4705222, 0.53060025, 2.5055766, 3.4584193, 0.3340745, 4.127278, 4.455668]
[3.3202238, 3.3702664, 4.1668167, 2.6782222, 4.352936, 1.6818702, 4.633197, 3.3926802, 1.0055735, 0.980961]
[0.85234284, 3.3934283, 4.773718, 2.212172, 4.084231, 3.4365602, 0.07281959, 0.55289596, 0.48417658, 2.2801793]
[3.2163477, 0.9293425, 2.4266977, 4.079886, 4.368735, 2.4479914, 3.130454, 1.4038783, 1.0824114, 3.9466069]
[0.8583233, 0.4717967, 1.2952191, 3.1560912, 0.48662275, 0.37807912, 4.323374, 4.438159, 1.1888951, 0.46488047]
[3.878341, 2.443812, 3.3127236, 2.7327716, 4.7339625, 1.3092822, 1.1460838, 0.18145174, 1.721587, 4.6703987]
[0.27917862, 2.360055, 4.912549, 4.099906, 2.2281513, 1.6705358, 4.414025, 1.8372712, 4.1611776, 0.24181396]
[2.2390199, 4.434849, 4.171085, 2.5012922, 2.3752258, 2.251418, 1.9907024, 2.079066, 4.9598937, 0.41312426]
[0.21975636, 2.9442778, 0.43616623, 0.77751905, 1.600427, 4.8889165, 2.6159396, 4.6890154, 0.17103821, 1.7288599]
[3.6789713, 4.5296593, 2.9751694, 0.112619996, 3.5993197, 4.639245, 3.5913696, 1.2332523, 3.1882372, 1.5107256]
[3.9642706, 2.2870188, 4.5852747, 3.9334025, 3.70209, 2.3630724, 1.4028072, 4.14604, 1.2022269, 0.8716744]
[4.947643, 4.028903, 3.1729274, 3.3049617, 2.6992564, 4.877528, 3.5350814, 3.3952994, 4.0379996, 1.5971011]
[1.4673483, 4.8037486, 4.6869774, 1.98569, 1.8565478, 0.687629, 0.3849709, 3.6537786, 4.443046, 2.604779]
[4.449633, 0.58885694, 1.0205116, 4.596673, 4.4532666, 1.2150872, 0.6266698, 0.22746325, 1.6288847, 1.3327167]
[1.4155191, 0.2563107, 0.59126556, 4.629122, 4.9539533, 2.2917476, 1.8136841, 2.6277974, 4.8620462, 3.6654935]
[4.191459, 4.34365, 4.794744, 0.20613939, 4.1720457, 1.418581, 1.7247918, 1.0678613, 1.8898425, 4.7621284]

[4.7669687, 3.1440558, 1.6420946, 2.3751402, 3.5199223, 4.379339, 0.8383274]
[1.0129871, 1.1844935, 2.8847783, 0.285393, 1.0867441, 2.841221, 1.701425]
[2.6985998, 3.911299, 3.9806356, 1.2756767, 1.5976768, 3.3063397, 0.12902723]
[3.778882, 4.026052, 2.127156, 3.6028626, 3.7847698, 2.671225, 4.5462723]
[4.662768, 1.113585, 2.1397665, 2.591977, 2.6833267, 1.8553514, 4.10749]
[2.3573232, 0.17007363, 2.3295112, 4.406798, 0.47143143, 2.2559175, 0.54908234]
[4.489967, 2.436921, 3.6147385, 2.299298, 4.1088777, 3.6131272, 4.9126534]
[1.2696579, 3.0449338, 4.307168, 4.0509634, 3.4889798, 2.7049065, 3.237399]
[2.570473, 2.195923, 3.8403914, 2.6787422, 1.9123251, 0.95467424, 1.3540576]
[2.7807825, 4.453593, 1.4213393, 0.5048604, 1.774957, 2.742502, 0.43465033]

[4.009734, 0.10447654, 1.1518884, 4.0359144, 3.8898501, 0.19647837, 0.8967912, -2.9201179, -3.0296364, -3.431902]
[1.5436748, 0.9830103, 1.9478904, 4.017588, -0.22964609, 2.322917, 1.5578314, 0.19760287, -2.449831, -3.4373786]
[0.5310174, 3.7922359, 4.028004, 1.5692458, 3.0351057, -0.6509191, -1.3596573, -2.2929401, -1.4581993, -0.13108206]
[2.844341, 1.633914, 2.959863, 1.9502256, 3.3846426, 2.810311, -2.0765467, 2.034367, -2.9310582, -0.3250847]
[1.0202405, 4.201685, 2.1123924, 1.6028563, 3.4078443, 1.346915, 1.8918536, -2.2470002, -0.46363497, -3.4612193]
[4.1721544, 2.106275, 2.1925902, 2.111884, 3.07414, -0.9547146, 2.238865, 0.42689693, -0.5752238, 0.42708874]
[2.270553, 2.8841825, 0.17109412, 4.0157957, 3.5562556, 2.8693676, -0.7815793, 1.0033699, -0.24565536, -1.9798003]

 

Average Error: 0.09520536