Final Weight Matrix:
[3.5610042, 1.0418481, 4.8167963, 3.1089256, 0.7905829, 3.5094395, 3.9927764, 0.46344668, 2.0156684, 0.35489142]
[2.9739978, 0.35521775, 0.6267381, 1.0026723, 0.25005668, 4.6772075, 1.6612079, 2.7053368, 2.7130923, 4.6070395]
[0.011635423, 3.026278, 1.4808741, 2.5230324, 0.4638338, 1.0800865, 2.409258, 1.5385467, 1.627624, 3.9023008]
[0.94932854, 0.9500292, 2.673855, 2.6613305, 3.6801922, 4.6784143, 2.3925414, 3.5183663, 1.0873184, 2.6855636]
[1.8652445, 1.8027234, 0.26814282, 1.6103303, 0.0050467253, 3.8325403, 0.24400443, 1.3764417, 4.192648, 3.4719346]
[1.4062303, 3.0510948, 0.13837844, 4.1890593, 2.493254, 2.694018, 1.1665243, 0.5441162, 1.0071146, 4.6374016]
[0.16770631, 0.28699905, 4.456737, 0.5238548, 4.1426177, 1.4412031, 0.5403599, 0.33931196, 3.289863, 3.2699304]
[2.8317928, 0.5881214, 2.0237126, 1.0035372, 2.6494389, 0.036576986, 3.7741425, 2.8118398, 1.2008786, 4.107684]
[4.379639, 2.1531873, 4.4001255, 1.9433858, 4.8689666, 1.2630603, 4.743361, 1.4008977, 4.3057446, 3.8624084]
[3.5491056, 3.2477865, 0.5816239, 4.8896976, 1.6705999, 4.6373935, 3.8605654, 2.1760612, 3.3749416, 4.5439277]
[1.1468989, 2.9910007, 0.5617252, 0.31768113, 4.8501825, 0.55339813, 1.4231207, 0.37844956, 4.5053034, 1.2113571]

[3.2901907, 0.43319425, 4.0597444, 3.5924675, 4.9826927, 4.5067363, 2.5227427]
[1.6768129, 3.8999588, 1.676235, 4.7717276, 4.2793183, 1.2339389, 4.260253]
[1.0008119, 4.682731, 4.617046, 4.517277, 0.5576844, 4.2662163, 2.7864718]
[3.7648518, 1.7510679, 4.5286503, 1.157708, 3.438703, 2.876107, 4.318789]
[4.7557335, 0.61139375, 3.1341555, 0.76538473, 0.6432003, 1.1338174, 0.97797126]
[3.0059981, 2.6289787, 4.994102, 2.5067413, 0.54618806, 1.7139206, 3.0089388]
[0.9747517, 0.89847296, 0.90222865, 4.2413917, 4.951148, 2.9972088, 2.8893173]
[3.9003587, 0.6969173, 0.033738445, 0.88909817, 4.1477475, 2.524412, 2.5295625]
[1.8332742, 1.5328208, 3.1598039, 4.175777, 2.1537042, 1.4954542, 2.0098028]
[4.791046, 4.935379, 0.8489403, 4.006196, 4.425892, 0.7258156, 4.671894]

[1.7976153, 1.4318011, 3.3304346, -0.37235335, 1.634699, 1.059612, 2.195364, -0.5712307, -2.2413495, 0.8605102]
[0.27610344, 2.7675414, 4.41589, 0.9769202, 2.7713904, 2.858174, 1.0901914, 1.0320129, -1.4968286, -0.97488743]
[3.5262907, 3.1721218, 2.6411257, 3.5985465, -0.5705465, 0.7891018, -0.80836535, 1.1774247, -1.6254251, 0.6847097]
[3.8386545, 3.758576, 4.0849004, 0.82681155, 2.557818, 2.858586, 3.399134, -0.22738427, 1.2053342, -1.4910016]
[1.000889, 3.078208, 4.218188, 1.8593634, 0.8962487, 1.5103933, 1.6567723, 1.3361996, -0.324004, -0.80131316]
[2.951828, 3.5013595, 3.0359757, 2.7485125, 0.0062353164, 1.3007882, 1.7150813, 0.64029884, 2.455326, -0.21919215]
[0.9479202, 3.975157, 1.8619063, 1.9485952, -0.25424927, -0.79268086, 1.5389808, 1.687537, 0.20275503, -2.3948188]

 

Average Error: 0.001629948