Final Weight Matrix:
[1.3548825, 4.562418, 4.1682234, 1.2079346, 3.756182, 2.6077213, 3.7670424, 1.1682937, 4.090183, 2.803269]
[2.3350275, 0.98419756, 3.2600107, 4.104909, 1.4875195, 4.334091, 3.7763982, 3.6501741, 1.0232216, 2.8850162]
[1.8448327, 2.4265482, 3.2291632, 1.80868, 1.4533955, 3.551044, 4.5048547, 0.56170434, 3.323829, 4.4366236]
[0.45060903, 0.68219036, 2.578977, 4.784066, 0.56639016, 4.488922, 2.6904056, 4.953179, 2.5935318, 3.3419724]
[4.3930674, 2.804503, 4.5024223, 0.855428, 0.30986935, 2.7971735, 1.3380911, 2.3563871, 2.6165433, 3.7313867]
[4.9390435, 3.3117623, 2.1230717, 0.55157244, 1.7521864, 3.1389987, 0.15698314, 1.611129, 3.0910087, 0.16228735]
[0.93907744, 3.53925, 0.6911242, 4.7467203, 3.1547375, 2.6584945, 3.9758143, 1.2540617, 2.8831735, 0.85737944]
[4.17636, 1.2211158, 1.2701061, 2.0201457, 0.18297553, 2.5113053, 3.4620383, 1.9163444, 4.5103073, 2.4689913]
[4.5860476, 2.7319303, 1.0282507, 1.791758, 4.5096526, 0.82279503, 4.568771, 4.7965555, 3.88072, 1.4483088]
[2.3102498, 2.50002, 1.485543, 3.119333, 1.0533834, 1.8608584, 4.310285, 1.2108004, 4.430809, 1.183003]
[0.21119922, 4.847413, 0.48349768, 1.9828699, 4.7348075, 2.9920492, 4.340711, 2.1539068, 3.151022, 2.6353862]
[1.3602986, 2.4784813, 1.0186827, 0.0030905008, 4.628773, 1.0436811, 2.7709131, 0.5302325, 3.2454815, 0.90687484]
[1.641944, 1.7836219, 1.0850241, 0.0627166, 3.3406267, 4.5893617, 3.4626505, 1.9101188, 2.869904, 3.908564]
[3.2376318, 0.6705457, 2.785255, 4.827976, 4.7516756, 1.623508, 3.5459886, 3.738917, 0.6884438, 4.2976365]
[2.8367429, 0.97783804, 2.4845514, 4.4730935, 1.2962387, 3.0209012, 1.5534434, 3.7408795, 3.7880638, 3.6548772]
[2.985884, 4.5449953, 2.5638533, 4.2945905, 2.952123, 1.8631802, 4.6107144, 0.95594317, 0.09194553, 0.61051786]
[3.428265, 0.011732876, 2.2837207, 0.26759028, 0.06043315, 2.2090874, 0.3293106, 0.32174408, 1.6056335, 0.9821674]
[1.9784584, 3.687713, 3.6665604, 0.5871323, 2.9974034, 0.054201186, 2.376268, 4.269232, 4.51837, 0.9386441]
[4.177214, 4.560867, 4.9988604, 2.3663597, 2.4393778, 4.9367814, 3.7850022, 0.40651768, 3.1154635, 4.716077]

[1.4774283, 3.0701275, 0.8566786, 1.1139061, 3.2102056, 2.2197378, 2.590934]
[2.287707, 2.1952116, 4.4621987, 0.3137808, 2.6881955, 0.7814698, 0.4413106]
[0.40681282, 3.8748105, 0.109317094, 0.35294035, 4.9018493, 0.5642752, 0.68459284]
[1.8491399, 3.8039243, 3.1915526, 2.7927043, 2.1478584, 2.5020804, 0.83177346]
[1.2543845, 3.1301115, 3.8916123, 0.38232896, 4.184583, 3.3857992, 0.64139783]
[1.3750488, 3.947721, 0.6035651, 4.929402, 2.3832722, 3.6530726, 2.819028]
[4.38045, 2.4270568, 3.253871, 0.9113681, 1.1439282, 4.047685, 1.5059664]
[3.331997, 3.3933918, 2.3204472, 2.8130143, 2.463988, 3.6922877, 4.269479]
[4.8950195, 0.73905075, 2.9041128, 0.22155547, 3.527146, 0.8162513, 1.7163343]
[4.136915, 0.5251317, 2.7749975, 4.5539036, 3.9455624, 0.11545409, 1.5605142]

[4.15726, 0.10993309, 0.3644613, 3.7389736, 2.5081, 1.4322925, 1.1296864, -1.2395027, -0.5298414, -3.9738598]
[2.014523, 0.75545067, 2.6852896, -0.4029264, 0.44626674, -1.0905749, -1.4348357, -0.012069523, -2.2863543, 0.43596125]
[3.387647, 2.8720646, 4.366179, -0.18335128, 0.06356701, 1.4993825, 0.56113786, 0.7301752, 0.3682741, -3.4061017]
[3.7700527, 1.0113134, 1.3033066, -0.55488014, 0.4947541, -1.1663353, 0.7864291, -0.8439656, -3.5027003, 0.34501874]
[3.1343758, 0.050319746, 0.8145438, 2.4858768, -0.6185707, 0.43519372, -1.0413115, 1.3274138, -1.4252251, 0.29308748]
[2.518115, 2.5730503, 3.4071116, 3.5856862, 3.4058278, -1.4010546, -0.6644567, -1.1974692, 0.95701253, -1.7033345]
[4.607162, 0.33593023, 1.7614175, 2.5104117, -0.8583719, 2.6433423, 1.7311742, 0.10029191, 0.54380894, -2.500163]

 

Average Error: 0.284726