Final Weight Matrix:
[1.169735, 1.0823653, 1.2439817, 1.9720814, 3.5249667, 2.8231077, 2.495998, 1.5015256, 2.111038, 0.28918862]
[0.8337423, 2.6424842, 1.9339635, 1.6508293, 4.655377, 3.403505, 0.6771758, 1.8809137, 2.538463, 3.9997125]
[4.648777, 3.9419568, 0.045532584, 3.7820566, 4.7969513, 4.7515173, 3.6362634, 3.8245485, 1.0471067, 4.5324755]
[4.9651365, 3.7553835, 0.66674024, 3.4654913, 4.520506, 0.01139015, 0.70637137, 1.3455957, 0.9644303, 3.6828837]
[4.708354, 3.0166235, 4.831398, 2.4127972, 0.05916208, 3.295269, 0.060192645, 0.72555363, 2.4022803, 4.4955826]
[2.4919186, 1.6338286, 4.073568, 4.385142, 1.2468374, 2.2420669, 1.2926137, 2.821846, 0.27468473, 4.311849]
[2.8938363, 1.5769484, 1.2920644, 4.744185, 2.3398395, 0.102751255, 4.414076, 4.676264, 4.0848284, 3.6752005]
[4.646326, 1.28458, 4.58379, 1.3709223, 4.821867, 4.47269, 3.2379904, 1.429134, 1.7924287, 2.8308134]
[2.7714643, 3.421043, 1.6648328, 2.6573548, 4.2170672, 0.28822213, 2.5149179, 1.3911209, 1.2030405, 2.2179394]
[3.4192128, 2.620047, 0.24855047, 1.7641604, 0.3784576, 4.400829, 4.5542817, 4.8801465, 2.029636, 3.077753]
[3.3948507, 2.150098, 2.1702454, 1.1526301, 2.8446908, 3.5566177, 1.4690456, 4.196127, 2.6874485, 3.4269686]

[1.1835585, 2.8596206, 3.0381212, 0.6089631, 1.8213514, 2.9422424, 0.34278005]
[0.5470886, 0.9978303, 3.2768672, 3.986182, 2.387534, 1.9899591, 1.1495851]
[1.034387, 1.9262086, 1.8445566, 1.6747966, 4.5539737, 2.5462577, 0.27235833]
[1.2853279, 1.1608075, 0.90457046, 4.7458353, 4.3637795, 1.8105187, 0.28626585]
[3.341617, 3.4489846, 3.3852358, 0.11675661, 4.334342, 4.8748727, 2.083561]
[4.11296, 0.6003595, 2.7043595, 1.5484394, 3.2468827, 4.7184386, 1.4151891]
[2.5784013, 2.7440279, 2.5323005, 3.4482944, 2.1654565, 4.347397, 3.7507043]
[3.1447241, 4.9521813, 1.5231417, 3.3717947, 2.1536996, 1.3532184, 3.9997828]
[4.8258805, 4.3962183, 4.9407716, 0.30589634, 0.38202518, 1.486617, 4.9960012]
[3.895922, 1.6803858, 2.9948463, 3.6937494, 2.115547, 4.091626, 2.504318]

[0.35645023, 1.924678, 0.3704089, -0.23556657, 0.8502966, -0.63306135, -1.1817135, -0.5395954, 0.38546276, 0.44662404]
[1.9163122, 2.5394075, 2.0856504, 1.617386, 2.052998, 1.0128605, -1.6736071, 0.29696822, 0.48185396, -2.9028668]
[4.5835576, 4.4941754, 4.412612, 2.8006563, -0.13092324, 2.9936213, 0.4978298, 1.8029068, -1.5421149, -0.4650675]
[2.3859181, 4.8495564, 0.82167935, 2.7738833, 2.8055768, 1.2752662, -0.6502889, -1.6081843, -0.37667263, -2.3311226]
[0.5382161, 3.795963, 0.4310204, 0.7538383, -0.009544373, 2.1147115, 2.183818, 0.095299125, 0.35888076, -1.4714664]
[4.846554, 4.5013633, -0.19915597, 1.2123727, 0.3920112, 2.3507197, 0.8859303, -2.2588794, -0.34682846, -3.5312772]
[4.622152, 4.2433157, 0.36546007, 4.0905776, 3.6184156, 0.75420046, 2.146532, -1.7231724, 1.1474564, -4.111481]

 

Average Error: 0.0040456094