Final Weight Matrix:
[0.5894801, 4.545681, 0.6855446, 0.028031766, 0.97876877, 2.6284156, 0.51178694, 1.0347825, 2.8329375, 1.1241004]
[0.28040528, 1.4434121, 3.8961911, 4.8755293, 2.7920005, 3.7174296, 2.8872216, 1.6628518, 1.7841083, 4.2991185]
[2.5441241, 0.46948373, 4.004656, 0.9161967, 4.552618, 3.2564344, 0.7598418, 0.9240842, 3.038268, 1.4704862]
[0.50084233, 3.9541218, 3.2460604, 0.2581185, 1.1654034, 1.4640524, 1.2070179, 2.045978, 0.9621665, 1.7258835]
[0.012744963, 3.0935218, 4.7464457, 1.7529672, 1.5240598, 2.903315, 0.20817846, 3.468398, 4.2466297, 4.084061]
[4.6011324, 2.4969409, 2.8602788, 3.7611387, 1.4654452, 4.6595664, 1.7129827, 4.795199, 3.7147079, 2.0408635]
[4.0373063, 3.5428286, 0.008587241, 2.2532094, 3.846041, 4.3316383, 1.6501504, 2.7464821, 0.3730443, 0.14826268]
[0.42440325, 1.1076504, 2.5809555, 3.6900868, 0.12506545, 0.8008325, 2.0237682, 2.1142187, 1.7472857, 3.6460516]
[2.1716, 2.7499485, 0.90512484, 1.0951927, 0.9479037, 3.209106, 4.3674436, 4.4985447, 0.54443747, 3.7332697]
[2.3008423, 2.6672602, 0.7433465, 3.0243065, 4.9230266, 1.1193421, 2.7435353, 2.9974937, 3.5671434, 1.0830504]
[2.443191, 1.922271, 0.3530565, 0.14644295, 2.9329422, 1.8380616, 4.674151, 2.0500517, 4.5939937, 2.2806027]
[4.91015, 2.5772045, 4.2400255, 1.5726104, 2.2427907, 0.4994586, 2.5862098, 4.831728, 4.210334, 3.6699643]
[2.4470062, 3.554513, 0.920279, 1.3528472, 0.2581942, 4.0393357, 3.3318183, 0.85006744, 0.16780347, 0.92071503]
[3.1082315, 2.1974425, 1.2531668, 4.875639, 1.5654314, 4.7980614, 2.6834383, 0.8173114, 3.7501013, 4.134172]
[3.4728003, 0.067602694, 4.666464, 0.32848567, 0.05162567, 3.566027, 0.8348277, 0.13397843, 2.2416, 1.8656278]
[1.3610151, 4.6296053, 2.454822, 3.73574, 1.3800373, 0.3404221, 1.4729965, 0.6548017, 4.4194894, 0.92758685]
[2.0058746, 2.3654227, 1.920825, 0.89036494, 2.211081, 4.2766585, 2.8257165, 0.66304773, 4.3915467, 4.6483407]
[1.9490957, 1.9895985, 4.411182, 1.7584991, 0.44223934, 1.8235546, 2.80159, 3.2320776, 3.323635, 2.176542]
[0.71796954, 3.2576826, 3.1006327, 0.16257524, 4.5646524, 3.9149473, 3.40253, 3.9346888, 0.30154914, 4.4198875]

[0.23028488, 3.6535485, 2.7922003, 2.926549, 4.5372477, 1.0732651, 1.5200078]
[3.023201, 3.979902, 3.6771486, 1.1177725, 3.1687381, 2.6116397, 0.5856073]
[4.2911344, 3.7339962, 3.2830489, 4.1204753, 4.311244, 0.7629657, 2.5093076]
[1.0160321, 1.5765264, 3.035899, 2.4723778, 1.7788428, 1.1464407, 3.0009606]
[3.7492397, 0.7185875, 4.308125, 0.90979207, 3.8567872, 3.193994, 3.4053352]
[4.3279643, 0.042372882, 2.7747154, 0.42008454, 3.640555, 1.1414804, 4.33693]
[1.3130983, 3.3010328, 2.1903956, 3.7520108, 1.3882594, 3.205408, 0.6930446]
[0.34925056, 1.0157547, 0.56004655, 4.573909, 0.9326659, 3.825192, 3.0592318]
[0.4301142, 2.8939674, 3.935932, 0.7245275, 1.457743, 2.117344, 4.229897]
[2.7734253, 1.554377, 2.5345154, 0.97169983, 4.7870045, 0.4795306, 3.6194386]

[1.9400382, 4.812019, 1.1619593, 2.441812, 0.67506576, 2.7157958, 0.18420953, -1.7755549, 0.73261917, -2.0846334]
[1.6396954, 2.7138069, 3.1441035, 1.0526271, 3.4330275, 3.210741, 1.588693, -0.72275674, 0.7558218, 0.52665484]
[4.0995374, 4.040371, 1.4416103, 4.321222, 4.0809226, 0.5681614, -0.40706652, -1.3905486, 0.617656, -1.1046289]
[3.4846568, 2.1844287, 2.4643872, 0.09943363, 3.8880105, 2.1952553, 2.7394452, 0.097033024, 1.6898543, -1.6958938]
[3.3821425, 3.7206113, 4.045046, 2.2406816, 0.63382936, 0.71816033, -0.94261044, 1.9840163, -2.0706801, -2.958385]
[1.458911, 4.293505, 3.669938, 0.9873663, -0.17143455, 3.174957, 1.2063352, -0.013458133, -2.9234054, -0.08199358]
[1.5704231, 4.27429, 1.4631646, 0.90167594, 1.4238698, 1.7003236, -1.5877334, 1.003094, -2.8778763, 0.21828067]

 

Average Error: 0.2379801