Final Weight Matrix:
[3.126562, 1.3580471, 0.8600053, 1.5433123, 2.5708117, 3.5507145, 0.46219975, 2.4129276, 0.33754796, 2.5832376]
[1.980055, 0.22187561, 1.2756962, 3.4825814, 3.451086, 3.8759289, 4.6093435, 4.9126105, 4.350364, 0.3957373]
[1.7714622, 4.072987, 0.61894953, 4.2961473, 3.3725324, 3.5217056, 2.1681092, 2.052328, 0.86948216, 1.6608185]
[2.1919596, 0.06835312, 1.8924028, 2.1374292, 2.4287634, 0.41912377, 0.4558146, 1.5144396, 1.2120917, 1.58793]
[1.3858225, 0.18072486, 4.8382373, 0.86909324, 4.2704763, 3.036814, 3.7395654, 4.587938, 4.4522705, 3.2139013]
[3.942003, 0.7395449, 2.971405, 4.1808167, 2.7487886, 1.6345775, 3.7066176, 0.55080473, 3.9352367, 0.12690455]
[4.0958123, 1.718567, 3.567088, 4.5862765, 1.9280356, 0.90462, 3.9275596, 2.963118, 3.5365062, 2.0408382]
[1.7181873, 4.7053857, 0.8723831, 2.2459369, 1.4017949, 3.453786, 4.061908, 0.97607285, 2.201355, 0.026521683]
[1.1347129, 0.6228259, 4.2282147, 1.2638056, 4.2258577, 0.7132688, 2.562326, 4.5318775, 2.094027, 4.55501]
[1.8740835, 1.673207, 2.736945, 2.2889676, 0.5935535, 0.66136897, 4.0241737, 1.755825, 4.3828673, 4.294029]
[3.9869747, 3.2558057, 1.1390442, 0.6942606, 3.9127884, 3.3585203, 3.288299, 0.8385101, 4.974324, 2.0885735]

[0.27228993, 3.578293, 2.393758, 2.526854, 1.8748866, 3.8588307, 2.2996392]
[3.5947495, 4.062739, 1.8503325, 1.4659258, 4.312045, 3.096494, 4.3373165]
[0.2649089, 3.1665318, 3.3028007, 3.4452245, 1.3976156, 1.9348246, 2.074306]
[1.5492737, 2.3461525, 1.7535133, 4.6278896, 0.12113195, 0.097386055, 1.0170233]
[1.1087686, 3.4423642, 3.4987712, 3.9751246, 3.3100688, 3.8237915, 0.14978649]
[3.5396934, 4.4384923, 0.7589615, 4.7880826, 2.0417767, 2.024043, 2.951395]
[1.0595572, 0.90933627, 0.9916741, 1.6979966, 4.8703523, 0.2875537, 0.10468456]
[4.1980643, 3.9888263, 2.1870704, 2.86176, 2.8339207, 4.5716496, 2.1423047]
[2.3263028, 0.5382438, 1.77821, 3.3221562, 4.1686997, 0.24755938, 1.9161545]
[4.9397373, 1.6561934, 3.5748863, 4.181938, 0.81611955, 4.1148806, 2.155496]

[4.2250743, 1.4286627, -0.023970343, 1.8998228, 0.96546066, 3.5700624, -1.2216156, -0.47804326, -0.086459756, -0.96639407]
[3.460276, 2.7253296, 1.9029471, 0.6253416, 4.122479, 0.36067793, 2.1027324, 2.3906262, -0.2939391, 0.34428477]
[2.3599129, 3.6844099, 1.9357514, 2.789296, 1.3416417, 1.7246652, -0.30372292, 1.5144339, -1.7400231, -1.2967393]
[4.084745, 0.30935287, 2.8776925, -0.3811514, -0.5150876, 1.8031458, 1.4944398, -0.63418823, -0.76115334, -2.328285]
[4.0643096, 1.576844, 1.4682049, 1.180741, 1.3595983, -0.27198896, 0.66962516, 1.3673005, 1.2010678, -0.3959428]
[1.9565387, 2.7600925, 1.9217588, 0.2543124, 0.8664912, 2.1736488, 1.2471673, 1.6470768, 0.52120984, -2.145485]
[3.6028676, 4.2236433, -0.085700236, 2.932658, 1.5919414, 0.36092976, 1.6588801, 2.1694045, 0.65349436, -0.3466289]

 

Average Error: 2.7732181E-5