Final Weight Matrix:
[2.4602184, 0.58137923, 0.5935851, 1.2119275, 3.2762651, 4.529339, 4.718492, 2.755917, 2.887089, 1.0893676]
[3.1754017, 1.2715731, 3.2301357, 1.8033984, 2.7609658, 4.8807435, 2.671145, 3.0404332, 3.7851775, 3.776758]
[3.9908504, 0.67608625, 2.94064, 2.0578952, 3.6012268, 0.4813543, 3.3747113, 0.7448131, 0.63307315, 3.6392899]
[4.8543353, 0.2500546, 4.753433, 4.3634295, 4.402558, 0.12133211, 0.2502492, 1.9976594, 2.0891907, 0.40812433]
[2.6301737, 1.5784001, 4.850995, 1.1993816, 3.109079, 0.24691224, 2.3274686, 1.3358021, 1.4071836, 1.2381628]
[4.9582596, 4.7407284, 4.993568, 1.3346106, 2.6819632, 4.3573866, 2.7381163, 1.5657336, 4.8912983, 2.0857396]
[1.0305595, 1.7299664, 3.1772068, 4.0290794, 4.102457, 2.7034059, 0.37823886, 3.5786428, 2.1529078, 1.9333115]
[4.538731, 0.5647144, 3.1248953, 3.4637637, 2.2699594, 4.7061315, 2.6269517, 3.0412316, 2.355968, 0.6087506]
[2.6429157, 3.5501933, 0.10660261, 3.4498272, 0.7477236, 3.2499666, 3.24394, 3.4825447, 2.5542533, 2.0557628]

[3.677235, 4.136585, 4.537988, 4.3771963, 4.4943943, -0.32822537, 4.286671]
[-85.16922, -84.499626, -88.24376, -84.70294, -87.167984, -91.38419, -87.34314]
[-0.38207075, -0.57423824, 2.1909072, 2.3752396, 0.20340392, 2.9780297, -0.97657555]
[1.219064, -1.9863052, 0.32096428, -0.5930887, 0.49885005, -3.679027, -0.31483513]
[0.14443119, 1.077393, 4.160275, 4.365706, 0.23994078, -0.2383992, 0.5693986]
[0.33065397, 0.5857657, 0.7861205, 4.6774454, 0.8419423, 2.8709273, 1.6474924]
[3.3093605, 1.9209416, 2.2358227, 1.4349508, 3.6391406, -0.4112537, 3.8786077]
[0.41758475, 0.18762848, -0.27775028, 0.19497892, 2.6142933, 3.0268219, 1.8259931]
[2.9186115, -0.11622339, 2.6078095, 0.82171303, 0.9125233, 0.817249, 3.258967]
[-2.1871345, -2.7919958, 0.28299493, -0.007829491, -0.86622316, -0.98973924, -2.0602467]

[-0.9269011, -52.125816, -152.52425, -309.2141, -518.6895, -777.607, -1094.0818, -1461.0698, -1881.1403, -2353.8062]
[-5.168951, -53.74744, -154.58026, -308.8437, -516.5647, -773.0747, -1086.812, -1451.7126, -1872.1416, -2342.1455]
[-2.5714715, -53.422348, -161.14554, -319.1818, -535.6593, -804.8251, -1127.7615, -1508.484, -1937.7998, -2424.6553]
[-5.2605314, -50.305405, -152.74936, -310.11267, -514.15625, -773.33167, -1087.6434, -1450.6111, -1868.8169, -2340.8035]
[-5.6905365, -54.63182, -157.3475, -317.7542, -530.7234, -792.38727, -1117.4513, -1492.2178, -1920.5735, -2400.7996]
[-4.85913, -55.881165, -160.51099, -321.0428, -535.1664, -806.41125, -1128.8427, -1506.3003, -1943.7502, -2428.9229]
[-3.356716, -51.386364, -159.51855, -315.26422, -531.60474, -796.4801, -1117.8286, -1491.9197, -1921.5414, -2405.363]

 

Average Error: 2.142857