Final Weight Matrix:
[1.0858204, 0.81950456, 4.466199, 2.8575995, 3.587496, 4.416255, 3.911933, 2.981428, 1.1421516, 4.727311]
[2.168571, 3.807321, 2.3248053, 1.6665413, 4.3971896, 3.6235514, 1.8311868, 0.046867132, 2.8206418, 4.0935583]
[1.8107563, 2.1106353, 2.0581903, 3.4501567, 2.0536053, 4.457039, 3.0260894, 1.4247046, 0.14616191, 0.9828928]
[4.173273, 0.858002, 3.9084597, 2.4837728, 1.0489625, 2.7671847, 0.112143755, 3.8178923, 4.5094757, 2.216998]
[0.8926621, 4.594258, 1.8868947, 4.9702835, 0.22856593, 3.8042655, 2.4877028, 4.5175424, 4.011092, 4.5324187]
[4.1433764, 3.5459795, 0.2917686, 2.2331495, 4.678642, 0.18203408, 4.326528, 4.188498, 4.031262, 4.7962027]
[1.6615266, 4.822783, 2.987486, 1.8037766, 1.186614, 4.9683375, 3.6805205, 4.629336, 3.3532977, 4.8892517]
[3.9294758, 1.8665292, 2.4793375, 2.5820613, 0.42030364, 0.08846253, 4.6842, 3.3031046, 3.598462, 1.8192446]
[1.7889917, 3.4072196, 0.85872173, 1.8257505, 3.8197966, 4.9225516, 3.2871368, 1.2330747, 2.2513628, 0.098065734]
[3.3933008, 2.500559, 4.0736475, 1.7261705, 1.230279, 1.1515164, 3.2398853, 1.9104626, 0.250898, 2.353238]
[1.2227211, 4.181529, 1.6113025, 1.1596045, 3.7537658, 1.2910483, 0.27793705, 4.012278, 0.41913807, 4.480862]
[2.7975917, 2.1443546, 0.5245888, 2.6396167, 1.4801341, 3.9293618, 0.5023551, 3.1509054, 2.7515543, 1.1961863]

[4.409669, 1.7952865, 2.7454674, 2.7050567, 1.6457834, 4.201231, 0.70201635]
[1.6098604, 0.59842825, 0.7198739, 2.2749507, 0.9672758, 4.30796, 3.413897]
[0.4545322, 4.483494, 1.5223286, 1.0559928, 0.99285185, 1.3953171, 3.4007792]
[4.596948, 2.1693702, 3.9855013, 1.1294043, 2.7227547, 2.61131, 0.94419867]
[1.435929, 4.625283, 1.0423917, 0.96186966, 0.36119133, 4.4785385, 3.0838847]
[0.3171733, 3.1655407, 4.8746414, 3.0867257, 4.189933, 1.2528596, 2.4281597]
[0.8983785, 0.25871217, 1.8942231, 4.21792, 0.13209164, 0.24988174, 1.0666162]
[4.7808642, 1.0313544, 1.2959275, 4.2070065, 2.0977666, 3.233817, 1.6815152]
[3.2639484, 1.7759275, 4.4150877, 0.1432994, 0.33136815, 4.315383, 0.91504693]
[3.821279, 3.9240406, 3.5842328, 1.4522588, 2.1037517, 1.7314007, 4.082673]

[-19.945574, -199.67978, -572.0362, -1127.7423, -1870.0486, -2798.7537, -3920.2837, -5224.4824, -6715.5767, -8395.309]
[-17.196049, -202.67902, -567.7319, -1128.2662, -1868.1401, -2802.2583, -3919.7744, -5227.3154, -6717.799, -8395.343]
[-19.11523, -200.78256, -570.22327, -1126.9565, -1872.2476, -2802.71, -3920.1467, -5222.4746, -6714.1094, -8395.221]
[-16.767637, -202.77275, -569.284, -1124.884, -1873.5276, -2804.4856, -3922.9111, -5229.495, -6718.6274, -8400.406]
[-17.553205, -201.63557, -572.5353, -1125.9231, -1871.9838, -2805.4766, -3924.2974, -5228.7607, -6724.8945, -8405.303]
[-18.40464, -198.33864, -567.61676, -1123.8661, -1867.3181, -2799.2607, -3914.852, -5221.999, -6709.7876, -8388.789]
[-17.729734, -202.61194, -569.6501, -1127.0105, -1870.4045, -2803.4653, -3920.6157, -5227.836, -6721.132, -8400.323]

 

Average Error: 0.01923077