Final Weight Matrix:
[1.5865535, 0.63826233, 2.6808977, 3.6520717, 0.1348266, 4.9048433, 4.0884156, 3.1384125, 2.4748669, 1.8783426]
[3.9922986, 3.7906005, 0.9419179, 3.1247947, 2.479261, 4.809467, 1.1292273, 2.31578, 1.1231008, 0.47026306]
[1.7474848, 0.693821, 0.45075387, 0.0019058585, 3.009614, 3.2118435, 2.9416454, 4.9435325, 0.48548043, 1.5636247]
[1.3186032, 4.578168, 2.674193, 0.047744513, 4.7024693, 3.739977, 4.564837, 1.8853464, 1.9010422, 3.6265173]
[0.89203775, 1.2117618, 1.8862128, 4.541879, 0.16123801, 0.7190624, 3.534529, 1.9625068, 2.4186242, 1.5919003]
[0.3223005, 0.3074038, 0.09898752, 0.46914577, 0.6863791, 4.051475, 4.606361, 3.2110765, 1.6985509, 1.7287546]
[2.9000244, 0.0540632, 0.020938218, 1.2056142, 4.683571, 2.6053028, 0.48081964, 4.7777843, 4.566404, 1.1482865]
[4.147951, 0.96482635, 0.10270566, 2.9900632, 0.34096807, 3.7878246, 0.058065057, 3.444346, 3.310126, 0.1574871]
[1.8322128, 3.3860576, 0.4229048, 1.2480316, 3.229465, 3.7746568, 4.9514465, 4.25541, 4.8463616, 1.7827115]
[4.164135, 3.2453418, 2.1966684, 1.1056004, 0.44861227, 1.2867081, 3.3534603, 0.10632992, 0.9342027, 4.279158]
[1.720739, 4.8704424, 0.28505832, 3.7509255, 0.49528718, 0.22949368, 3.4516006, 1.9951934, 0.21378428, 2.8430245]

[3.6002145, 1.6926048, 3.3490708, 2.5091743, 1.7970657, 1.2373087, 1.4006588]
[1.7704208, 0.35676664, 4.333163, 4.068788, 1.3737953, 2.8544054, 2.7005239]
[4.4861784, 4.26631, 4.3171387, 1.4179903, 1.8962958, 1.2755749, 2.1615682]
[4.382643, 2.0497184, 4.1721797, 2.7748957, 3.87376, 3.7226129, 1.0516329]
[3.6114576, 3.976964, 1.0659697, 3.9981987, 3.8017702, 0.7445504, 2.140004]
[4.651261, 0.46805143, 2.335653, 1.4466468, 4.1252456, 0.6397885, 2.6777136]
[1.4893178, 3.2678785, 0.70161086, 2.1127923, 4.7582154, 0.6876723, 2.2709472]
[2.9422479, 0.7575175, 4.702148, 2.336914, 1.7947086, 2.628236, 1.7472589]
[3.431468, 4.3788767, 1.6017183, 4.411187, 4.308983, 3.3169312, 1.076509]
[0.8044889, 2.6924665, 1.1003717, 1.5956753, 0.7586151, 2.0327358, 1.6401311]

[0.8835374, 0.12191185, 0.7900119, 4.013579, 3.4834812, 0.24127918, -0.34999755, -0.38288587, 1.4300727, -0.093874454]
[4.3204365, 2.7564743, 2.2123985, 2.2416213, 2.4340434, 1.6622204, 2.2120376, 2.5824852, -0.32813203, 0.5463011]
[0.9559183, 0.04894857, 3.1482782, 4.5155096, -0.65045094, 3.4293115, 1.8478377, 1.461191, -0.90165, 0.3326919]
[1.717612, 3.4872327, 3.6918836, 1.2264922, 1.135535, 0.4310305, 1.8541665, -0.75376445, -2.4911785, 0.18021035]
[0.34004006, 2.1682127, -0.0536851, 0.45496038, 3.6738408, 2.9236, 2.4485402, -1.4663672, 1.5661457, -3.5870762]
[2.5210292, 0.68760574, 1.6880023, 0.21700256, 3.4223685, 2.3802583, -0.105575085, 1.1920152, 1.5154448, -2.823295]
[2.9197588, 0.8028353, 2.756425, 0.45948523, 1.1118488, 3.3182068, 2.7921064, 1.380536, -1.7579033, 0.77308357]

 

Average Error: 2.2232674E-5