Final Weight Matrix:
[1.2696904, 0.56708425, 3.7896047, 1.9891479, 0.27965546, 3.972138, 0.07063478, 2.1700583, 1.6559706, 2.7328398]
[2.4266603, 0.31590998, 2.8251793, 0.2711898, 0.6536135, 0.98084897, 1.1982363, 2.3996158, 2.1926517, 3.8714662]
[3.4848497, 1.6960639, 3.9485393, 4.470457, 1.3171062, 0.16925931, 1.3060534, 1.554457, 1.3302237, 2.247767]
[0.8679411, 3.7316253, 2.3932881, 0.24849236, 0.8682361, 2.2894478, 4.396105, 3.9128942, 4.0950494, 0.5781886]
[3.9940991, 2.296499, 1.9843173, 3.5411425, 2.6839223, 4.229079, 0.5206615, 4.1605916, 0.04857421, 3.9644134]
[0.8567703, 3.7300613, 3.5710392, 1.2608618, 0.4949999, 1.3416526, 0.9964517, 4.4936724, 4.273825, 1.5350745]
[4.329521, 2.0292172, 3.7799816, 1.0762572, 2.5193486, 3.7880669, 1.6304988, 2.5925741, 4.119016, 3.0014637]
[4.0062447, 4.703704, 4.451691, 3.7034101, 0.99218696, 1.157758, 4.385776, 4.592996, 0.5144772, 2.7577143]
[3.8644695, 3.9091122, 0.73904157, 0.8803889, 2.073505, 0.7582709, 3.6920462, 4.6266546, 3.1166472, 3.5675309]
[0.013952553, 4.965575, 4.4315705, 4.6556897, 2.3036113, 0.15530914, 1.8770689, 2.2498357, 0.53776145, 1.6395199]
[2.4922786, 2.0595086, 3.8583555, 2.0695858, 1.7339534, 3.9612179, 4.352401, 1.0208601, 2.4812696, 0.6616226]
[1.7566643, 4.926819, 3.0295858, 1.8836308, 1.7059884, 4.21012, 0.52374303, 0.657064, 0.8155221, 0.146873]

[0.98456025, 3.4608448, 0.6034556, 4.652981, 1.0140929, 0.039258897, 0.78460246]
[2.5630503, 2.0089517, 0.7484609, 4.5121307, 0.6074646, 2.927671, 1.8445814]
[0.6339574, 1.8468287, 1.3370361, 4.530614, 2.3337505, 0.8508226, 1.1707797]
[0.1804635, 4.7194233, 2.1067572, 4.767703, 2.5654638, 0.03270358, 3.5987928]
[1.7886233, 2.247295, 0.41329235, 4.939373, 0.34444004, 2.463164, 1.2448794]
[0.97809523, 0.48083663, 4.7215753, 0.42550385, 0.21878809, 0.26680768, 3.1228497]
[4.7823086, 3.292422, 3.4103394, 4.8062596, 1.8345493, 4.951637, 4.1895447]
[0.35929888, 0.19586325, 3.752852, 2.733643, 3.9739583, 2.7974825, 3.5953693]
[2.3359835, 2.3352509, 3.4615943, 0.305534, 1.62938, 0.92963636, 2.0148695]
[3.3404007, 0.5291948, 3.681997, 3.4158611, 1.6826445, 4.856698, 4.6016827]

[-20.718195, -198.24808, -568.363, -1125.6223, -1872.4655, -2799.5444, -3921.67, -5225.2285, -6718.1025, -8396.798]
[-20.06572, -199.03806, -572.1146, -1128.7935, -1871.0481, -2799.053, -3920.7437, -5223.1235, -6719.5312, -8395.435]
[-16.460268, -201.24332, -571.2632, -1128.2361, -1872.655, -2801.998, -3923.059, -5227.9297, -6723.9946, -8402.6]
[-18.383677, -199.67232, -571.69824, -1124.6908, -1865.898, -2795.7761, -3912.5742, -5218.1045, -6705.4365, -8382.119]
[-18.830893, -201.14282, -568.8933, -1127.0125, -1874.6301, -2806.884, -3922.956, -5230.0312, -6723.081, -8406.154]
[-16.295761, -198.78923, -567.61176, -1128.0585, -1870.1439, -2802.393, -3918.603, -5223.29, -6717.496, -8395.354]
[-17.501629, -202.68864, -568.7583, -1126.446, -1871.7417, -2800.3604, -3919.1772, -5228.938, -6721.121, -8399.23]

 

Average Error: 1.0384616