Final Weight Matrix:
[0.36670983, 3.6393545, 1.2898344, 4.826082, 3.126364, 0.9923899, 1.6910708, 1.3654757, 3.2810738, 4.9415946]
[0.49723446, 2.5839128, 3.537212, 4.864647, 3.8173711, 1.6767865, 3.358478, 1.6949862, 3.5598872, 0.58458894]
[1.9362158, 0.2969241, 3.1970549, 0.8245638, 2.2653868, 2.8417177, 0.5797225, 2.983107, 3.235481, 2.9186425]
[3.5234287, 3.5741343, 4.2298856, 2.296134, 0.9069404, 0.4244861, 4.560815, 2.0746703, 3.5048234, 0.6442541]
[0.8109337, 0.008718073, 1.6359222, 0.24276912, 2.7965755, 3.3488574, 2.3216817, 3.6154985, 4.9783044, 0.011870563]
[4.0872564, 3.149611, 0.11804223, 0.836474, 1.8326519, 0.6633371, 1.2916996, 1.2514704, 4.582177, 4.034064]
[3.813952, 0.762991, 2.0728106, 0.30049294, 4.5974007, 3.165433, 4.453425, 3.5039644, 1.1598533, 1.469503]
[2.1779504, 2.212606, 4.1969523, 4.9089494, 3.0304651, 2.839366, 0.9671858, 1.4891845, 2.115951, 0.7018727]
[3.884767, 4.845827, 1.287211, 3.0997345, 0.70349693, 2.4245272, 1.5095613, 2.2152605, 0.6001562, 0.42631865]
[2.9468367, 4.2291937, 1.7559793, 1.6017109, 0.39449453, 3.9270523, 0.69419146, 2.8540637, 4.100962, 2.1378627]
[0.49350232, 1.0263047, 2.9725668, 0.36989033, 2.9729197, 1.0082304, 1.819433, 0.9023878, 4.2715807, 3.9936006]

[4.2910233, 4.6635203, 1.7452127, 4.931047, 1.8014846, 3.424423, 4.4195905]
[3.8168786, 1.312283, 4.9820895, 1.081897, 0.8216299, 4.855262, 2.1180785]
[2.5543842, 0.52934074, 4.005871, 0.50200456, 3.35569, 1.8672131, 1.8633512]
[1.4398193, 2.2693865, 1.0930777, 3.9756181, 4.262253, 0.9580739, 2.471875]
[1.977189, 1.4002863, 0.35203204, 1.5763516, 2.5614748, 2.978938, 4.710815]
[2.3408606, 3.9054673, 0.45937952, 0.23638186, 1.0489311, 2.5973675, 1.1564987]
[1.1754802, 1.7235821, 0.63396746, 2.6373463, 0.28724992, 1.4088396, 2.7453399]
[3.5123203, 3.514526, 4.571585, 3.3041677, 1.9818604, 0.8615448, 0.17595907]
[0.8221669, 1.020828, 1.933758, 2.6950085, 0.7153968, 2.9776235, 1.8168278]
[4.3491173, 2.6312325, 1.716634, 0.18087417, 1.1625016, 1.7634201, 2.9726987]

[1.3295189, 2.7652047, 0.45404232, 2.275991, 2.9312758, 1.8904405, 2.5372334, 0.10650545, -0.042767942, -0.54086286]
[2.4049869, 4.6511045, 2.648358, 4.264555, 2.2360983, 1.5907551, -1.1563845, 2.2218788, -1.5172565, 1.7943755]
[3.1254382, 4.325829, 2.0169485, 3.3424253, 2.196502, 1.875835, 0.2342568, 0.5401984, -0.44757253, -0.1544863]
[2.6609883, 1.8909183, 4.6324477, 1.4545059, 1.5611653, -0.31867492, -0.06015554, -0.43602616, 0.60888696, -1.185304]
[3.9699116, 1.4310993, 2.6089456, 0.055949092, 3.5654202, 2.866215, 2.5074358, -1.3964205, 2.072485, -0.15540367]
[4.9271655, -0.005191438, 3.8659625, 0.5449136, 0.6578733, 3.310293, 0.4074618, -2.0012174, -1.5807976, -1.7561121]
[1.7991229, 1.63291, 4.558634, 3.2967103, 2.1669726, 3.4428458, -0.11291599, 2.7593548, -2.3435893, -2.3091588]

 

Average Error: 0.0062397504