Final Weight Matrix:
[3.5846364, 0.8829385, 1.2495301, 3.7176106, 4.806999, 3.2367415, 4.402636, 1.5983939, 1.6875913, 0.5770138]
[0.6179625, 1.3178673, 1.8732196, 1.6131756, 3.1657753, 1.1463428, 4.9612637, 4.11725, 3.5881913, 3.1380982]
[3.8880947, 0.5688897, 3.7340941, 4.6948986, 2.9266884, 4.6169086, 4.2752795, 4.7147303, 4.886595, 4.479968]
[2.9648373, 3.6686954, 0.5937508, 4.730648, 1.6463262, 4.0078144, 0.94077617, 4.638969, 4.077265, 2.589376]
[3.3233852, 3.4413016, 0.7087165, 2.8538108, 2.7764752, 3.1120288, 3.5831678, 2.9429567, 2.5836327, 4.777416]
[0.84761053, 3.8846257, 1.1235458, 4.168581, 3.1029072, 3.0729117, 1.6317031, 0.073631704, 1.9524786, 4.135598]
[4.869366, 1.7439308, 1.9045329, 0.6268436, 3.2059245, 0.5276054, 1.907053, 3.9332745, 2.71524, 2.552145]
[4.6412354, 3.093382, 0.7694909, 0.23002028, 4.607885, 1.5532458, 3.571427, 1.4051944, 2.5563226, 3.0060105]
[0.7121572, 1.5483222, 0.92377305, 0.56896865, 4.368949, 3.0140147, 0.3751135, 2.4617991, 0.18655479, 4.7301846]
[0.911642, 2.7744212, 1.3149228, 3.048133, 0.20958841, 1.7055526, 3.9325478, 1.8593016, 4.1640263, 0.05659312]
[1.873075, 0.51271826, 3.0643196, 3.6636999, 3.5260632, 1.8439565, 1.3791289, 3.6182358, 4.9122124, 3.5654106]

[2.9505484, 0.4766343, 3.977466, 2.9472988, 4.1158876, 3.506339, 0.5321968]
[1.7309333, 3.186345, 4.27042, 0.495945, 2.4745073, 1.2206641, 0.48459864]
[4.03608, 4.150499, 4.227945, 2.6720152, 2.5738404, 4.6593127, 4.6324897]
[0.95889616, 0.5327608, 0.8096774, 2.1991043, 4.764998, 3.1869047, 2.3992708]
[4.0507517, 3.6153715, 1.9504943, 1.8594825, 2.268607, 0.41218477, 2.9600956]
[1.3754517, 4.3614926, 4.4991097, 3.904373, 4.4945846, 1.640283, 0.60682464]
[3.086382, 1.8022704, 2.4060104, 4.062397, 2.3202543, 0.937064, 1.5925694]
[2.18599, 0.005375478, 1.6617196, 3.4579349, 1.6090806, 2.9595535, 2.106976]
[4.023332, 4.1044073, 1.7562673, 4.050038, 1.3654759, 4.0154676, 3.2886107]
[2.8296545, 3.5758793, 2.9212563, 3.5104332, 1.6940111, 0.66864663, 1.1175116]

[1.2290633, 1.1967556, 1.7220632, 1.5903162, 2.748604, -0.22089672, -0.07446504, -2.1867115, 1.1784741, -0.6414987]
[2.8349144, 0.37632146, 3.2554276, 2.448689, 2.1714067, -0.90835094, 2.3582861, -0.23624182, 0.98024654, -0.8195386]
[2.4380617, 1.2947671, 3.7613988, 0.14521892, 1.7344508, -1.4451501, 1.6589398, 2.0864317, 0.63791215, -1.738549]
[3.6166158, -0.06661019, -0.119908385, 0.53346264, 2.6431065, 0.6780904, 2.1204336, -1.698199, -3.0904846, -0.6249858]
[3.7855084, 1.0434307, 1.6908739, 1.6722965, 1.2153231, 0.07767469, 1.9593775, 0.025813878, -3.32265, -2.9984415]
[3.2202616, 2.0562687, 0.24179137, 2.489634, 2.267811, 0.870781, -0.60821176, 0.31980658, -1.7335376, -2.3343456]
[4.5431666, 2.429454, 4.4128575, 1.5860194, 2.8475182, 3.0171313, -0.9992741, 0.21186018, 0.37412727, -1.240867]

 

Average Error: 3.332845E-5