Final Weight Matrix:
[4.698962, 1.1291915, 4.700927, 0.97910017, 2.972758, 0.629974, 0.39646566, 4.411681, 3.901819, 1.4804101]
[1.2988183, 1.6245562, 1.9942842, 4.375474, 4.070384, 1.7859745, 3.901443, 1.3971207, 1.5385845, 2.1881013]
[1.0744101, 1.9697592, 1.9833436, 2.6213174, 1.9422784, 4.26734, 3.630312, 4.39209, 1.6230907, 1.5797275]
[2.077036, 4.4292135, 4.642371, 1.5294534, 3.334875, 1.7552867, 2.8505912, 3.484733, 4.9960155, 0.58036685]
[3.4244406, 1.4167144, 1.2137868, 3.3803632, 3.5589054, 0.9399757, 1.6503241, 0.92208356, 4.837785, 1.5124657]
[3.9360247, 3.298668, 0.76743513, 1.1772788, 4.09114, 3.5429244, 0.10831922, 3.7423239, 3.5750856, 4.3317738]
[2.3056555, 3.6192198, 3.4007869, 0.1133582, 2.946451, 4.399308, 4.029729, 4.7505994, 4.0259943, 3.617916]
[0.4517421, 4.4430656, 3.2411132, 1.5488718, 4.0582995, 2.3654258, 2.216909, 4.5463867, 0.19885987, 0.638718]
[1.7731619, 2.6930091, 1.9292307, 4.0639415, 3.1291616, 3.8682394, 2.6348457, 3.520458, 2.4924917, 1.8861034]

[1.2195482, 3.0897477, 3.1278217, 3.7693336, 2.5398552, 3.6212742, 3.0808618]
[2.1754162, 1.8216434, 2.5033178, 0.83434683, -0.1461835, 1.4897928, 3.133605]
[2.2086382, -0.22425413, 1.9486214, 3.4979267, 3.9034429, 0.29028654, 2.288589]
[-4.1469812, -1.2335398, -0.9053724, -3.884008, -3.2336845, -2.038768, -4.3592505]
[0.36726332, 2.3401082, 2.4212186, 3.5834937, 0.60354066, 4.0079765, 0.18708207]
[0.31636977, 3.5331976, 0.17677271, -1.0012063, 1.5737693, 2.0614223, -0.28554773]
[1.5235832, 0.06925678, 0.16863894, -0.83125687, -1.3467813, 1.2847326, -1.1563158]
[0.82278264, 0.44594002, 3.5485992, 0.96891236, 2.439238, 0.31162992, 3.085033]
[4.5922422, 1.2799538, 2.5729005, 4.1200676, 3.4246905, 3.0176284, 2.552357]
[-0.07841873, 1.6158597, 0.05377364, 1.7011693, -0.16202116, -0.088056564, 1.9218762]

[-1.7495003, -36.698364, -111.57637, -218.09967, -369.5875, -552.63684, -776.49927, -1033.2612, -1332.0835, -1666.7906]
[-1.5040067, -34.84797, -102.08084, -204.50467, -344.54895, -517.5303, -726.01697, -974.2725, -1253.0581, -1567.145]
[-0.7573209, -32.61666, -101.82764, -207.40625, -348.38214, -523.68164, -732.56555, -980.3418, -1265.478, -1582.5605]
[-3.2454896, -38.4631, -106.03439, -215.63022, -365.48288, -546.96466, -768.0477, -1026.6716, -1326.0393, -1658.8855]
[-3.0194755, -36.309578, -110.59117, -220.20024, -363.49387, -548.44293, -772.2403, -1032.4937, -1326.2407, -1661.5001]
[-3.1004224, -33.645367, -104.394485, -209.55304, -350.40207, -529.1977, -741.9099, -991.1719, -1276.2876, -1596.0819]
[-1.6600784, -38.17455, -110.16483, -220.61792, -366.4438, -550.23126, -777.7223, -1037.6282, -1334.1252, -1668.7219]

 

Average Error: 4.1904764