Final Weight Matrix:
[0.47721326, 3.1611772, 4.4696665, 2.6042793, 4.3201118, 2.5228634, 3.476038, 4.783165, 2.816772, 0.77572614]
[0.2999872, 2.069125, 3.570126, 3.3209918, 3.1922717, 4.967401, 0.7659009, 4.4308333, 1.3661089, 4.631753]
[3.7380006, 2.9464335, 1.303516, 0.30053765, 2.220616, 4.8901753, 3.654365, 3.9772387, 0.40831864, 2.3750806]
[1.3833215, 0.8748475, 3.3412888, 0.53251743, 4.874935, 4.6321926, 0.9831372, 1.5161651, 0.7562095, 4.359103]
[1.1058503, 4.6960273, 2.189199, 4.2475076, 4.010801, 4.9162273, 0.22686273, 1.7591017, 2.5450535, 4.655416]
[2.6200058, 2.3696198, 3.4952302, 4.3654566, 1.7712462, 3.0081472, 2.5117502, 2.4548407, 1.6162083, 4.811167]
[4.317429, 3.875924, 0.2884367, 3.6394873, 3.2472813, 4.1329722, 0.9117511, 3.1469333, 2.6402097, 3.5803156]
[0.63402057, 4.598343, 4.325444, 0.97136676, 2.644794, 1.3073057, 4.31265, 3.460133, 3.9342377, 2.5880966]
[0.7781565, 4.273247, 2.6838052, 0.71895033, 4.842549, 0.45393288, 2.6146107, 3.2133636, 0.33679783, 3.8370311]
[2.2452447, 1.9512618, 1.463151, 3.4190216, 1.667636, 3.5820875, 2.7593598, 4.727429, 3.1814125, 4.3671308]
[1.1846858, 4.6241245, 4.4311633, 4.959463, 0.15590459, 2.166634, 3.7672248, 0.847899, 3.4917486, 3.9359055]

[4.551208, 4.5271816, 2.072252, 0.36792192, 3.41991, 2.2636647, 2.5231097]
[2.6286306, 1.8720964, 3.304261, 2.8562953, 2.9257588, 1.5579045, 1.0035026]
[1.1613047, 2.7935383, 3.6778586, 4.775321, 1.4576645, 4.905224, 2.6893737]
[4.512091, 3.4301417, 0.66435796, 4.160091, 0.9070663, 0.45807582, 0.19747716]
[1.9751555, 3.5410886, 2.0081294, 2.7416096, 3.8860888, 3.690916, 1.4736071]
[1.7045168, 2.6132243, 0.46968728, 4.488535, 2.5840213, 2.8881946, 1.6304508]
[3.6082208, 1.9799464, 3.934573, 0.86726475, 0.15649219, 3.1814303, 0.17505874]
[1.0849249, 4.8020115, 2.5257587, 1.5314605, 1.2674582, 3.7765958, 0.41566467]
[4.608128, 2.6725233, 3.0998404, 1.3910983, 3.412532, 2.8222249, 3.7316954]
[1.6721125, 1.5778337, 2.6049867, 1.1645968, 1.186852, 4.2549596, 4.6239023]

[4.5532346, 0.8669193, 2.2058947, 2.6063027, 1.3197905, 1.25855, 1.0153327, -0.9506754, -0.053605318, -1.1642752]
[3.3151526, 4.282022, 3.0777497, -0.10673924, 2.6979618, -0.7240578, 1.0237141, 1.1438944, 0.58956367, -2.309555]
[4.741503, 0.7963638, 4.635915, 2.3867364, 3.4814382, -0.7786665, 3.203136, 0.4222594, -1.7185123, -2.1688244]
[4.9538283, 1.063391, 1.7921237, 1.9770675, 1.9548305, 1.1821874, -1.4509423, -1.5904016, -1.5184999, 0.0058660507]
[1.3912135, 2.8675141, 0.50644505, 3.2575545, 3.8062248, 3.1699028, 0.053272367, 2.6173463, -0.27228022, 1.1414459]
[4.4431677, 0.05555071, 1.8800949, 3.3155332, 1.8578848, 0.8835846, 1.061847, 2.1256433, 0.51535505, -0.80111283]
[1.6770982, 1.2729148, 3.7723348, 3.2764432, -0.18789472, 3.8813658, 3.2849305, 0.88480127, 1.1822603, -0.5748725]

 

Average Error: 2.8274502E-5