Final Weight Matrix:
[0.5366036, 1.186924, 0.5418354, 0.4831785, 4.321371, 1.7175436, 2.7380786, 3.552997, 1.069776, 0.16314626]
[0.22002399, 0.82353055, 3.6627011, 3.0391488, 0.9506777, 0.3300619, 3.629376, 2.9058437, 0.3759536, 3.3299499]
[1.3874775, 0.9599358, 2.5741246, 0.1881209, 3.8614578, 3.4244225, 2.3478994, 2.4491892, 0.90381384, 2.6477501]
[2.6227942, 1.2168157, 2.229369, 1.8315351, 1.995708, 4.255315, 1.3407284, 1.900507, 4.2253847, 3.209034]
[3.8193834, 2.069048, 0.15018582, 0.8385247, 1.1051333, 2.5217361, 1.4396491, 3.1766162, 0.53830594, 3.452277]
[2.6693118, 0.38024426, 3.6245742, 0.6533271, 2.0908985, 1.804195, 1.6590148, 2.341847, 2.743026, 2.3500988]
[0.55053025, 1.8792266, 3.0050306, 4.4881744, 0.7841584, 3.206638, 2.585424, 4.940983, 2.3894696, 2.8835628]
[0.20704389, 4.929135, 0.81873924, 4.576623, 3.806496, 4.0703974, 0.1274851, 2.1976562, 2.012429, 0.59850365]
[3.4690688, 4.9010115, 0.5651292, 0.019367635, 3.9192185, 0.10259092, 3.4515357, 2.784102, 1.1185882, 1.1249584]
[2.0709085, 4.0546746, 1.3229197, 4.067512, 1.1359555, 4.334238, 1.6703103, 3.8772106, 1.1243203, 3.1858034]
[2.8808615, 3.198525, 3.5011482, 0.6662828, 1.091136, 2.5213957, 3.163285, 1.5449116, 2.0679677, 3.0490637]
[2.341002, 4.0832295, 3.9450707, 0.9652817, 0.7185158, 1.7463034, 4.761398, 0.7998109, 2.6876924, 2.9505002]

[4.160361, 1.0451696, 1.2710228, 3.981291, 0.4199612, 0.25473714, 4.3841686]
[0.82532585, 1.6398364, 4.5066915, 2.2521415, 4.5350018, 3.1046126, 1.3195455]
[0.14677793, 1.2022972, 0.09424925, 2.0886395, 0.32980114, 3.8735983, 0.31992286]
[4.6297936, 1.5219929, 1.1412356, 2.6551592, 3.9830432, 3.1843085, 2.443542]
[1.4112964, 3.7781792, 0.9038946, 1.6773123, 4.4069214, 4.9925785, 0.6927407]
[4.84895, 4.9138346, 0.15396863, 4.6980147, 4.5783906, 4.96659, 0.035478473]
[3.8131213, 0.1287499, 0.8161387, 3.752255, 4.792338, 3.7108526, 4.636064]
[1.2584784, 3.4878635, 2.4422626, 4.175971, 2.436726, 2.7276988, 0.002706647]
[4.4525537, 1.9099238, 3.5705423, 2.589998, 0.9045732, 2.0468402, 3.347518]
[1.7515709, 3.6714516, 4.2980237, 1.1208731, 1.4458642, 4.8225813, 0.4287827]

[-17.98544, -194.375, -550.1948, -1086.1316, -1804.9412, -2707.275, -3786.9363, -5045.5425, -6488.5576, -8115.62]
[-19.046476, -198.4996, -559.0068, -1106.7501, -1838.8687, -2755.368, -3853.098, -5134.3643, -6601.7266, -8251.096]
[-19.000315, -196.84932, -562.16284, -1109.1133, -1838.8503, -2756.795, -3853.077, -5137.4717, -6606.0, -8254.699]
[-18.923008, -193.89153, -554.2868, -1096.4651, -1822.9543, -2732.3833, -3820.9946, -5095.2646, -6548.9385, -8189.8926]
[-19.981133, -194.91034, -555.7621, -1100.7852, -1822.3821, -2731.8323, -3821.5063, -5094.7207, -6550.576, -8191.999]
[-19.606527, -192.85567, -553.64764, -1095.4602, -1818.4783, -2724.885, -3814.3486, -5085.9155, -6538.796, -8173.5254]
[-17.183731, -195.49992, -556.04614, -1100.4067, -1827.7104, -2739.5356, -3831.8516, -5111.127, -6571.213, -8213.143]

 

Average Error: 4.3846154