Final Weight Matrix:
[3.351189, 4.877013, 0.17385453, 0.058261156, 3.581626, 1.9457328, 2.9441476, 4.2794795, 1.2685376, 3.425971]
[4.37062, 0.94248265, 1.2071049, 1.0133755, 1.1960238, 2.7618074, 1.734423, 4.4413013, 1.7875582, 4.9346986]
[4.5110054, 0.42792886, 2.1565125, 0.0639233, 4.4861097, 1.1808378, 2.329095, 4.793385, 4.974689, 2.365385]
[3.176879, 1.067583, 4.3479033, 0.9573898, 3.8338022, 0.17293453, 0.094181895, 1.6092038, 4.628139, 3.5338998]
[2.011304, 1.905914, 4.617596, 1.8159813, 1.9372201, 0.28559774, 2.8619294, 2.3179412, 0.6921625, 2.070156]
[3.2317126, 2.1445253, 3.0886059, 0.39291054, 3.0186799, 4.8567705, 0.84883064, 2.2231054, 0.7700893, 1.4583764]
[1.7601466, 4.848518, 0.45765668, 0.843077, 2.1814265, 3.274075, 2.354724, 2.4894915, 1.2057164, 1.9807637]
[0.33050895, 2.9271913, 3.0747285, 4.334945, 0.877772, 1.6320536, 3.352477, 0.8788115, 3.2232811, 3.752214]
[2.4958265, 3.519092, 2.6855993, 2.77069, 2.7360578, 0.7798758, 0.8514145, 2.620132, 3.1125605, 0.3287393]
[1.6526928, 4.2630095, 4.410506, 1.7211688, 4.5080886, 2.6112185, 2.0598972, 1.0499567, 0.012282431, 1.2976847]
[3.4930632, 1.0129807, 0.33831894, 1.0346848, 2.348782, 1.9192511, 1.3857198, 4.5455847, 4.3993506, 0.69967836]
[4.5395517, 2.675448, 3.3856382, 3.9516716, 3.6841109, 1.7490149, 4.626285, 0.0669989, 3.2740598, 1.4200594]

[3.394006, 3.1710222, 1.8868253, 1.5963389, 1.0915114, 4.3703127, 1.3627185]
[1.4323326, 0.20650527, 1.0618016, 3.6360154, 4.4098597, 2.042939, 1.8031874]
[1.2209836, 4.6668987, 2.9410763, 0.38561523, 2.1398616, 4.849514, 2.425877]
[-14.249315, -15.588102, -12.668426, -17.547903, -16.96622, -16.988289, -15.034516]
[4.9074354, 3.7829266, 2.9968176, 4.9487557, 2.2889385, 3.4571483, 3.522056]
[0.465528, 0.38049394, 1.1501968, 3.6346402, -0.13010626, 4.4023423, 3.6243858]
[2.1250618, -1.3009804, -2.2625506, -0.5879369, -0.4509971, -1.7507178, -0.08071923]
[0.81736565, 4.256358, 1.3471584, 2.8756325, 1.7652073, 4.629527, 0.038610086]
[0.47545135, 3.394061, 0.6612884, 4.1046243, -0.21491921, 0.176745, 0.36998653]
[0.842865, -0.11399019, -0.5346443, 0.13861787, 3.4633093, -1.1710804, -1.1274992]

[-16.476393, -197.77887, -565.56335, -1117.9484, -1855.6462, -2779.5266, -3889.5903, -5187.122, -6667.7266, -8332.92]
[-20.78757, -200.49686, -566.46313, -1122.7568, -1863.3596, -2790.2163, -3904.9412, -5205.1567, -6690.632, -8362.694]
[-16.87608, -200.41736, -562.53357, -1113.9159, -1853.1362, -2774.3677, -3883.6328, -5174.3726, -6653.83, -8315.119]
[-20.702284, -199.99927, -571.46454, -1128.5823, -1872.3287, -2799.0056, -3920.8027, -5224.24, -6717.784, -8395.735]
[-19.929302, -198.81895, -571.395, -1126.0498, -1867.5715, -2797.9666, -3913.7231, -5215.375, -6707.2344, -8383.679]
[-18.451303, -198.49713, -569.3279, -1125.6738, -1868.7286, -2799.2268, -3918.4404, -5219.92, -6715.417, -8392.945]
[-19.853342, -201.83817, -565.28406, -1123.2468, -1860.9089, -2785.0947, -3898.2212, -5200.1016, -6680.592, -8352.12]

 

Average Error: 4.3461537