Final Weight Matrix:
[3.3885422, 3.94901, 2.4025238, 2.2763255, 0.7396075, 0.15057504, 1.5995598, 3.0589807, 3.3527212, 0.98394185]
[4.6887894, 0.16107619, 0.7233262, 3.66115, 3.5109253, 3.2212198, 1.1440891, 0.24156392, 0.89678556, 4.1604624]
[2.0195153, 3.7000558, 0.86272717, 4.4319243, 4.2478046, 4.573854, 3.4753492, 0.498223, 4.416462, 4.5478334]
[1.3365958, 3.8594923, 2.0811372, 4.714629, 3.350887, 0.5690816, 2.876508, 3.3345053, 3.845451, 1.201937]
[4.6173263, 2.3464446, 0.9550345, 3.909781, 2.188834, 0.037980974, 1.6372383, 4.1256437, 4.778447, 1.5741551]
[1.6425445, 4.926858, 1.5729612, 4.188457, 4.064476, 0.1797542, 0.22364676, 2.9392006, 4.7842174, 0.6609693]
[3.2797542, 3.9875832, 1.6975111, 4.0602226, 1.1015159, 4.3284135, 2.2698941, 2.4388778, 4.0072203, 1.0365158]
[2.8626754, 2.5595272, 0.18397719, 4.1321054, 3.7629757, 1.8667388, 4.125148, 4.633582, 0.7461336, 2.531154]
[0.55396855, 3.788433, 2.8106167, 1.2521229, 2.2856483, 3.6501317, 3.9200134, 4.72241, 3.680321, 4.4145126]
[4.8327045, 0.20724356, 1.9859082, 1.3222554, 4.5194874, 3.3847718, 2.2806218, 0.5694735, 0.08791447, 3.882154]
[2.0449808, 3.9063892, 2.327798, 3.157889, 2.8464804, 3.3206346, 1.9465866, 4.0042114, 4.758195, 3.0384493]
[4.7107797, 0.8415425, 2.0855021, 4.6911917, 3.1878629, 1.6588972, 3.7007668, 3.8089654, 1.6832616, 0.31924844]
[4.8204055, 1.2563024, 0.58246195, 0.5371231, 2.766464, 1.020804, 2.3867977, 4.077882, 3.0780993, 1.1241612]
[0.7226774, 1.19544, 4.047676, 4.8314157, 3.9114943, 4.4795938, 2.200172, 0.78965455, 2.91762, 0.7281032]
[4.59, 3.9981365, 0.70427924, 2.1854768, 4.8111324, 1.3803933, 2.9844186, 3.1337447, 0.8874592, 0.24294227]
[2.771765, 2.9048238, 2.3918602, 2.6284094, 4.9350533, 3.574431, 0.22374183, 0.8321339, 3.507944, 1.9495159]
[2.0231204, 2.495525, 0.88367164, 4.671185, 4.610331, 3.3268027, 3.2552636, 3.9099674, 2.5876284, 0.75637937]
[2.9806976, 4.9575796, 1.1241791, 1.601515, 2.6422024, 2.137233, 0.34902215, 1.0003247, 4.8177323, 3.6218104]
[1.905573, 0.65151155, 0.33129036, 4.6152887, 3.36225, 2.4518821, 3.5411918, 1.7076828, 2.9410987, 4.412814]

[3.0585835, 4.2381725, 2.6122441, 0.72917074, 2.8628242, 3.0162468, 3.027124]
[0.8049953, 1.7489266, 2.4685657, 0.12640506, 0.16070306, 1.2616894, 3.0523455]
[2.985965, 1.4729438, 1.0509051, 0.84758306, 0.5612826, 4.5631623, 3.9348853]
[1.4941382, 0.2899441, 0.25185615, 0.8512181, 4.849948, 2.9250014, 3.4462702]
[1.4732546, 2.8286932, 0.7377228, 4.2087026, 2.200235, 4.134351, 3.164302]
[1.4555275, 2.8134613, 0.99303514, 1.7229381, 4.223897, 1.6089022, 2.3258057]
[1.3188094, 0.4896921, 4.7493677, 2.0875766, 0.9367719, 3.4683518, 1.8616325]
[3.0848513, 3.8248882, 1.3369486, 0.17320216, 4.4876404, 0.054210722, 1.8040714]
[4.3307085, 2.3679667, 2.3376906, 4.8623195, 2.2610805, 2.9688337, 0.06795287]
[2.0904725, 2.274767, 4.4641767, 0.13232118, 1.7485217, 2.0175529, 2.783311]

[3.4409509, 0.4933872, 1.4199574, 0.94394165, -0.34934577, 2.9105246, -0.07773095, -1.9446003, -0.48506212, -0.892071]
[1.6168919, 3.5654812, 0.672285, 0.6391368, 3.0660665, -1.0152318, -1.3139157, -0.15586388, -2.2726774, -3.3470378]
[2.0788705, 1.2854599, 1.4537396, 3.3721404, -1.0279151, -1.3899109, -0.35340506, 0.11207092, -1.3958517, -2.966619]
[3.627744, 3.4540281, 4.4433894, 4.32362, 0.9085425, 2.3351169, -1.6977398, -2.2785127, -1.1110358, -1.3265891]
[3.1675088, 0.99578863, 1.3462751, 0.2576791, 2.569871, 1.5285013, -1.7827284, 0.64248455, 1.0622783, -2.1948178]
[0.5529034, 0.7957923, 2.5805666, 0.19358014, 3.475389, 2.4979951, -0.29807198, 1.8878412, -0.87921906, -2.1370308]
[3.8565762, 0.29388064, 2.1413033, 1.20871, 2.210263, 2.4749193, 0.9874974, -2.430978, -1.0541104, -2.4906306]

 

Average Error: 0.09503271