Final Weight Matrix:
[1.4211223, 0.07849455, 3.6422255, 1.4559889, 0.03506601, 3.7116036, 4.2739315, 2.8034039, 4.2068973, 4.186552, 4.6593337, 0.13301969, 0.21460652, 4.2465773, 2.2157245, 1.3178053, 2.0411553, 3.6366944, 2.9677522, 1.0128927, 1.7701783, 2.2622192, 0.80323935, 2.2471995, 1.6118294, 0.59893787, 4.0415635, 2.2588835]
[0.61225146, 2.2656856, 4.327114, 2.2275972, 1.9202965, 1.4080539, 3.5560198, 2.2729068, 0.43837935, 1.7585248, 4.9986124, 0.21144956, 1.3225043, 2.5750456, 0.42753398, 4.9635653, 0.2493918, 2.7742143, 2.0397277, 4.682061, 3.5943031, 4.3896275, 4.360553, 0.040848553, 2.6977303, 4.4390845, 3.4339285, 3.2094905]
[4.606828, 4.5802913, 4.1807537, 1.7818493, 3.0007443, 0.79324245, 3.2991242, 4.894352, 2.2182891, 3.2338955, 2.8873434, 4.4237766, 4.2504015, 0.35906702, 0.7008761, 0.09847522, 4.4152718, 2.1933146, 2.666793, 1.5837127, 4.9557424, 1.9770861, 3.7365675, 2.745171, 4.5696807, 2.4495318, 3.076172, 0.87896615]
[3.5655534, 0.24251729, 0.8902052, 3.3868833, 2.9166927, 1.6236728, 3.2263124, 3.2275548, 2.5361001, 3.4704819, 4.9827046, 1.1843032, 0.004606247, 0.49481183, 4.0733504, 4.145243, 1.2324089, 2.4938724, 3.5239682, 4.918559, 0.91923535, 2.6710014, 4.8617735, 1.7237434, 2.5814593, 4.7550955, 2.9107533, 2.1668804]
[3.5434928, 4.9238153, 3.352908, 2.8740916, 2.9317894, 0.09136945, 2.7082803, 1.8121803, 4.9770746, 2.4107985, 2.7198637, 0.8498785, 3.016391, 2.3329992, 0.20371795, 3.128283, 2.5116599, 2.9955807, 3.8932655, 3.0269299, 0.2644086, 4.3350124, 4.5261316, 4.785067, 4.2338, 3.1419888, 0.7016733, 3.4091876]
[3.9620445, 3.344785, 3.8901792, 4.2515817, 4.4106827, 4.40637, 1.3664186, 4.354972, 4.9241915, 3.671743, 3.9397798, 2.240233, 0.30320704, 4.381423, 3.782643, 1.5734508, 0.40571272, 4.469964, 4.7431765, 3.0314257, 4.946316, 4.055191, 3.546662, 0.5280724, 2.9549096, 2.0704813, 3.7222605, 4.745588]
[4.7382936, 4.9404716, 2.8743258, 1.0018694, 3.791606, 3.7073076, 1.6867238, 3.8882878, 1.3887465, 4.00275, 0.39589375, 4.728966, 2.0784113, 2.6696863, 4.18754, 0.7842007, 4.889224, 2.368866, 1.3099867, 3.6772778, 1.1461061, 3.882793, 0.6044847, 1.8369672, 2.6909735, 0.03397107, 4.5325203, 3.7793074]
[1.3327243, 3.6700954, 3.738842, 0.90452045, 0.2010575, 3.3009415, 3.2860756, 0.6511101, 1.6007922, 2.9828012, 3.1951368, 0.46325952, 4.0410786, 4.484255, 3.0410023, 0.11391193, 3.5083187, 4.695298, 1.504688, 3.6494708, 2.252015, 4.4894485, 0.8416012, 2.138523, 1.4265082, 2.6602292, 2.7689638, 0.7127011]

 

Accuracy: 3.1100478%