Final Weight Matrix:
[3.7029896, 2.2441764, 3.743951, 3.566556, 0.63557625, 0.19847095, 4.818779, 0.21191925, 4.7632165, 4.618385, 0.5084577, 0.6933078, 3.375026, 0.20419925, 4.093603, 2.405735, 1.6135802, 3.6025264, 2.2621913, 1.7017108, 3.348301, 2.7283115, 2.7152464, 0.2199164, 3.4101965, 2.9863093, 2.7451048, 1.9107103]
[3.4593773, 2.8912532, 4.632631, 3.6648715, 4.5816817, 2.1553292, 2.0928106, 4.905077, 0.52619785, 2.8185298, 0.16909182, 2.5528862, 1.071952, 0.92734665, 2.3390121, 0.89930505, 0.19822955, 3.6210065, 4.7534976, 3.6869764, 4.7055874, 0.02873063, 4.549294, 1.1497376, 4.448568, 0.8984491, 3.8109992, 2.4845757]
[2.979381, 0.4149589, 1.7319367, 1.7762794, 4.825548, 1.7870879, 1.7505819, 4.4213505, 1.8229443, 3.2181664, 4.293476, 3.6607158, 2.466222, 1.166713, 1.311776, 1.6267049, 0.51676005, 3.9650745, 0.08507311, 2.9255736, 2.597673, 0.018785, 3.0143285, 1.9401026, 1.0078218, 4.8502574, 4.0202994, 3.865632]
[1.8820455, 0.08427799, 3.0923388, 1.7460907, 3.3210125, 2.272525, 2.8357923, 3.103591, 1.4972785, 0.90843827, 2.088306, 4.945981, 4.62863, 3.5463297, 3.8132877, 0.17207801, 2.287927, 3.0793777, 0.23272455, 3.495408, 1.8109751, 1.685436, 2.1848583, 0.6860894, 0.66908807, 4.9683905, 4.841316, 0.03953874]
[1.0176752, 0.42271078, 0.50276756, 3.7631192, 0.22132367, 4.562117, 4.2246795, 0.3114897, 2.822432, 3.1777225, 4.471158, 0.37264854, 4.0756145, 3.0401425, 2.0240846, 2.124546, 3.0531225, 4.512965, 3.6088653, 3.8523314, 2.2547526, 2.5963583, 0.46233594, 3.985076, 2.2747097, 0.72984993, 1.6409764, 2.915125]
[1.1112199, 2.628379, 0.7300654, 4.5805535, 1.2041634, 2.6472223, 0.7013127, 1.089777, 3.8814833, 0.82654655, 3.6155267, 4.655917, 0.04460603, 3.278017, 0.26884258, 4.6865015, 2.162763, 3.8825128, 3.5298917, 0.08150935, 1.8401542, 1.0737497, 1.2580973, 4.0603275, 2.8107185, 1.5071386, 4.280256, 4.2371373]
[3.4734354, 0.6419131, 2.8369865, 0.15653521, 3.3551297, 2.1984074, 0.29900104, 4.189346, 2.8545144, 2.3579347, 4.354978, 0.06573886, 1.5355349, 4.7322855, 2.5508606, 3.5227628, 2.182976, 0.09121001, 2.2304277, 1.5906107, 0.9699115, 0.66293746, 4.007971, 0.10143012, 4.904165, 2.3438258, 1.7679105, 2.6318839]
[0.28687865, 0.21343023, 0.4084018, 4.4823246, 3.126094, 1.4609406, 1.654738, 1.5382049, 2.2755299, 1.8140364, 2.9950893, 4.1807933, 2.8152869, 3.213389, 4.3203993, 4.4325523, 2.7368832, 4.2024727, 1.0698003, 0.49644262, 1.0478324, 4.975927, 3.4334984, 4.9273715, 0.75707495, 4.438892, 3.4906974, 3.1480405]

 

Accuracy: 11.2440195%