Final Weight Matrix:
[3.8896456, 0.32005638, 2.7318358, 1.1535567, 3.304708, 4.2389016, 3.7695694, 2.5988505, 4.942705, 1.5245304, 1.9077122, 2.9857216, 4.6794157, 4.1386285, 2.117369, 0.69188803, 0.4664445, 4.17537, 4.308025, 2.0730157, 1.3609052, 0.06478816, 0.27898312, 3.2028184, 1.4902288, 3.3093662, 0.735465, 1.2396628]
[3.0699382, 2.189491, 3.946155, 3.8967156, 3.0869622, 1.2634792, 1.0184922, 0.054548383, 2.994339, 2.8526518, 2.000358, 1.6136088, 4.974307, 2.6204433, 4.7040577, 4.5447907, 4.833148, 0.42155594, 2.6158295, 0.7057339, 2.038244, 1.6730428, 4.7798495, 4.1854167, 3.5192893, 3.9598927, 2.611321, 3.6975584]
[2.6831741, 3.5748248, 4.133244, 3.2325494, 4.2656875, 3.362777, 3.7836254, 0.80679, 3.6207757, 0.017849803, 1.294972, 1.6169395, 0.365887, 2.8027618, 4.999892, 3.2546246, 1.8240895, 3.2321894, 1.5125654, 3.2953284, 4.8726234, 4.301569, 4.0259285, 1.614778, 2.89381, 3.3372333, 1.3519871, 2.1690493]
[4.876421, 2.9932423, 3.4241438, 1.8033749, 0.0105166435, 3.591465, 4.8354044, 2.4224415, 4.611173, 1.1766517, 0.36747128, 4.695576, 3.9795947, 0.8852178, 1.5888951, 1.4080498, 0.02480328, 4.5687633, 0.8845648, 0.76984525, 2.614843, 4.900029, 2.5959368, 4.011269, 2.770476, 1.2647992, 4.876751, 3.627055]
[1.8522801, 3.7185555, 1.9308615, 2.7639887, 0.797469, 1.7874056, 4.2286644, 0.70917547, 1.5374198, 1.3106205, 3.2810173, 2.8449616, 0.85069597, 2.2641633, 2.4722013, 1.0510641, 0.78728616, 3.2438085, 3.1572065, 0.5040464, 0.22400081, 2.2112527, 0.75734586, 3.438927, 1.1927054, 1.1711309, 3.439034, 2.3781147]
[1.0547346, 3.6208189, 1.3336525, 3.9203062, 0.8969146, 4.1336327, 4.305128, 1.6283518, 0.295749, 4.050546, 1.3525814, 4.212986, 3.7632875, 0.48241943, 4.657756, 4.821825, 2.2558317, 3.1961937, 1.5636036, 2.1940012, 0.4279831, 3.272419, 0.8671856, 1.0046244, 3.260736, 4.9913025, 1.3959203, 2.3149662]
[2.0225785, 4.3093195, 1.0332108, 1.4695251, 4.5543423, 0.62303215, 3.9928474, 2.486247, 2.7472672, 2.6414487, 0.9895772, 0.30805707, 0.0331226, 1.9790401, 1.9973598, 4.700008, 4.276945, 2.1799839, 4.9616203, 1.9550115, 4.7869625, 4.9475565, 2.274973, 4.4209895, 3.1905248, 0.30371994, 3.128242, 2.582841]
[3.7055202, 2.6812851, 0.30411124, 3.563886, 2.2280762, 4.7587295, 0.3364265, 2.3840685, 1.6016978, 0.4054752, 2.6642761, 3.6974933, 2.200893, 4.898601, 4.8698177, 0.49173683, 2.4024253, 0.6015006, 3.9087944, 4.9683323, 3.8063514, 0.32753795, 3.48244, 3.5310922, 4.961838, 0.42949855, 2.121618, 2.1202402]

 

Accuracy: 10.287082%