Final Weight Matrix:
[0.541248, 2.872558, 4.9473743, 1.2293893, 3.5336366, 1.7203829, 1.3280624, 1.9729986, 3.7630284, 4.009771, 1.6857574, 2.1273777, 1.2859744, 1.4857268, 4.0544386, 3.2262814, 2.6324239, 3.7871149, 2.8983274, 2.7886677, 2.348195, 1.5093309, 1.5490687, 1.8794808, 1.6335986, 2.0864282, 1.3514056, 2.6071053]
[4.3243556, 1.7500645, 0.99252075, 3.9390028, 4.07181, 2.7793024, 2.4292436, 3.7395244, 4.0529165, 2.705194, 1.6216209, 3.9012895, 2.350178, 0.20317614, 0.1623699, 4.5813127, 4.0894346, 4.986196, 4.544081, 3.9834595, 4.888993, 1.0094237, 0.6173539, 4.608583, 2.3650715, 0.8862108, 1.1041951, 1.072252]
[1.6420549, 0.28312653, 1.3859326, 3.257381, 1.6458287, 4.663529, 0.1806122, 1.9059479, 3.6069365, 3.5539427, 4.86164, 3.5816698, 2.6879241, 3.2508621, 0.7005274, 2.9658666, 4.074668, 4.8184705, 2.0985255, 1.5343505, 3.6614826, 2.3667428, 4.2141857, 2.0471895, 0.6192547, 4.976718, 3.3092456, 3.8493822]
[3.4977248, 4.553258, 3.5894222, 3.5032878, 1.9885514, 0.14877856, 0.47875047, 1.668098, 3.3040915, 0.4934147, 2.7580345, 3.7133834, 3.1254027, 0.18253028, 2.14499, 3.2491007, 2.8872547, 3.0717916, 3.9741025, 2.4102976, 4.5215983, 4.2891626, 0.12951106, 2.328665, 3.7257159, 0.033736527, 3.2289333, 4.1231976]
[3.9870741, 3.150547, 2.888501, 3.9573596, 0.44170856, 0.7712087, 1.308139, 2.13967, 4.702911, 0.030962825, 0.19879133, 1.928643, 4.936375, 0.7174814, 2.473426, 0.072108805, 3.1190844, 2.3953938, 4.0935206, 1.2364748, 0.87269425, 3.0682588, 4.90498, 3.325333, 3.8565326, 0.28761327, 1.3186103, 0.35152256]
[1.1173999, 2.0633736, 1.8499234, 4.50549, 1.2780142, 3.2534766, 3.093893, 1.4893389, 2.0861318, 4.861075, 4.888122, 3.0847397, 3.8033316, 3.9083385, 3.6316836, 2.458911, 1.675323, 0.11602163, 0.8487016, 0.44186175, 2.3619094, 3.3422198, 4.6907806, 1.1262894, 1.6098318, 0.7324469, 1.6889477, 1.7358482]
[3.5993276, 1.4323443, 4.4253235, 3.0055265, 0.58708996, 0.9055656, 2.0818365, 0.9377071, 1.5843016, 3.7898726, 4.925634, 3.9979565, 1.5565362, 3.4871352, 2.549263, 4.7451205, 3.7987337, 1.5061545, 4.142111, 3.8408768, 4.837375, 2.9152012, 1.7251033, 0.035254657, 3.1358418, 0.083538294, 4.3334455, 1.3979942]
[3.5482006, 1.4333904, 4.7355676, 2.9729462, 2.4800012, 4.9367495, 0.78686625, 0.5265197, 3.9987788, 2.091732, 0.7438728, 0.8846429, 2.1968265, 2.6330888, 1.320822, 4.889604, 1.2773031, 1.0688287, 1.4220831, 0.5328962, 3.5231438, 4.603166, 3.9994545, 1.7478269, 4.2556863, 4.184307, 3.4850338, 3.4818668]

 

Accuracy: 9.569378%