Final Weight Matrix:
[1.4178095, 4.3147726, 0.46769708, 0.9110582, 0.42577565, 3.0149164, 1.8961698, 4.714297, 2.8136988, 4.7888036, 4.0812473, 2.0256238, 0.7573843, 3.2905703, 2.4927173, 4.719649, 3.732242, 0.54155827, 1.6892228, 1.531038, 0.56841105, 4.483924, 2.1046438, 4.5993032, 1.8271691, 2.8583236, 3.517175, 0.74878097]
[0.7836294, 1.2195331, 2.2492046, 3.966601, 3.7092037, 0.92475474, 2.7088876, 1.1808622, 4.9925985, 2.0333006, 1.5953606, 0.45917392, 2.5813746, 3.806846, 1.8677902, 0.80913156, 3.256566, 4.2255697, 4.795961, 2.922938, 1.9379455, 2.9820278, 4.1421037, 4.1644506, 4.952697, 0.3918302, 0.7984191, 0.43542117]
[4.4591956, 1.6941375, 1.253764, 3.0060885, 1.8020246, 1.1972353, 0.7707602, 1.0717738, 0.8641672, 3.562218, 4.508886, 3.4604895, 1.6855237, 2.3839622, 1.3707302, 1.2162313, 3.01963, 4.811588, 3.6214528, 1.508609, 4.7169614, 0.7045731, 2.3327231, 2.6524522, 4.045889, 2.2153451, 2.1321254, 1.7822919]
[0.31169355, 3.4598672, 3.250619, 0.6280798, 0.5087036, 2.335448, 2.3105142, 4.732714, 2.6673338, 4.586325, 2.9941726, 1.5820291, 3.0414648, 1.934742, 1.6919303, 4.3677006, 2.1552217, 1.7860967, 1.4124382, 4.2474265, 1.9029063, 4.494776, 2.8186088, 2.919753, 1.6108853, 4.0215816, 1.8497636, 2.3987832]
[3.043017, 3.618978, 2.3305655, 0.0029402971, 4.4071894, 1.807009, 4.528223, 1.5988996, 3.2234445, 0.7267478, 0.2827096, 2.0443144, 0.4956317, 4.1210213, 0.03492266, 0.919171, 4.618575, 1.8512249, 0.45252234, 3.0343196, 2.3092427, 0.43711424, 3.9934244, 3.756367, 0.1095888, 1.5419972, 2.446562, 4.930701]
[4.5348186, 4.3229012, 3.4956286, 4.549624, 0.17620027, 0.843724, 1.6142473, 0.37169695, 0.2827084, 1.2944975, 3.0237427, 0.4133141, 0.8893934, 1.0726231, 3.133817, 1.7068607, 1.1091437, 3.1289515, 2.4015641, 3.4446013, 0.013374686, 0.6450096, 2.148063, 3.7376118, 4.6791115, 3.635473, 1.7801052, 0.73892325]
[4.636076, 3.525539, 2.4963725, 2.9746952, 1.597012, 1.9653299, 3.7846704, 4.9522986, 4.064939, 4.9575424, 2.4148142, 3.665988, 2.0778704, 3.900629, 0.72880745, 3.5862641, 0.94833374, 3.0138106, 1.5574541, 0.32563716, 3.6836162, 4.2037945, 0.23513496, 0.039425492, 1.7128572, 3.1634166, 4.8297653, 3.0043175]
[3.306955, 4.032418, 0.6938556, 3.8690057, 4.4428787, 2.4886408, 4.818966, 0.08041203, 4.9496193, 1.6282487, 3.7368474, 1.6364493, 3.2710938, 0.40578723, 1.0562861, 3.9232287, 4.6122866, 1.9744465, 4.30854, 3.1730483, 3.197474, 3.7446582, 0.95264107, 2.3818913, 4.790217, 1.8818197, 4.9743485, 1.0947204]

 

Accuracy: 5.263158%