Final Weight Matrix:
[4.3235893, 4.7767215, 4.39624, 2.4688663, 4.236772, 3.5587344, 1.7663958, 2.8648698, 0.83929926, 3.5293415, 4.315534, 4.959067, 0.31272084, 0.68048984, 3.8948486, 0.9881717, 1.2507119, 3.6838388, 3.0680008, 3.427677, 2.0761917, 2.8183641, 2.0659227, 4.3088536, 1.4745921, 1.6410158, 1.7661927, 3.372667]
[1.043843, 1.3819075, 4.676298, 3.1943321, 2.5076952, 1.9346184, 0.1931572, 3.871551, 2.895558, 2.4103298, 1.0840764, 1.4348278, 4.048273, 0.86082697, 1.5588424, 4.865264, 4.2326097, 0.29454827, 0.5541846, 0.19025266, 4.9332337, 2.122276, 0.95863163, 3.15735, 0.5131203, 2.8006446, 3.6993175, 0.18892348]
[4.1935825, 3.584045, 1.577132, 1.8130615, 0.08318633, 1.8559408, 3.8604274, 1.3084996, 0.9888172, 2.6619077, 3.2711549, 4.542384, 3.7581608, 1.4973845, 4.6646957, 4.7095876, 2.5451622, 4.567251, 1.4129021, 3.0816655, 2.8509786, 2.1016586, 3.9491358, 0.7637423, 1.4930747, 2.6183915, 4.7776895, 1.5504432]
[0.8930367, 3.5174038, 3.3444116, 1.1201364, 2.6761892, 3.0946531, 4.8201094, 2.2532263, 0.54802716, 4.002181, 2.0761468, 0.38894624, 4.5868864, 3.6574018, 4.8983603, 2.420404, 2.3802507, 1.9302561, 2.9599633, 2.0845637, 2.0729203, 4.1913347, 1.8785272, 0.9381148, 1.2063259, 3.0820427, 3.1416595, 4.6680107]
[4.8550577, 2.029686, 4.0789347, 3.203827, 3.7328358, 2.9519856, 1.8654034, 1.7554882, 0.69743216, 4.918597, 3.6992545, 0.8625415, 3.0623436, 0.9189263, 2.4404998, 0.81876457, 2.780324, 4.748761, 3.719869, 1.3279468, 1.4363346, 1.3114363, 0.62124044, 1.993168, 2.9393413, 3.0365515, 3.7540684, 4.6735177]
[2.276031, 0.37035674, 1.8145432, 2.9302173, 0.95547706, 0.3721887, 1.4889717, 2.6904593, 1.1806538, 2.861743, 4.886521, 1.9844725, 0.0072804093, 1.5691143, 1.1606449, 1.6525719, 3.0475929, 2.6256487, 0.851835, 0.40798187, 4.7293873, 1.0465798, 2.9746928, 1.6025159, 3.8900754, 2.6596537, 0.3986141, 4.640726]
[1.0609132, 4.0565643, 2.5056849, 0.7796246, 1.2453082, 2.4307709, 0.026926994, 2.2317662, 1.2127104, 3.726493, 1.8870904, 4.1463304, 1.2897044, 2.9853451, 2.5602388, 4.4033275, 2.6342728, 1.5308154, 0.03797114, 4.8384256, 3.9076784, 4.0837755, 3.9269736, 4.7788463, 1.8190485, 4.727373, 2.263492, 1.7638018]
[3.9966397, 2.0253835, 4.4032583, 2.3360503, 2.151201, 3.498566, 0.31339496, 0.504967, 3.233187, 2.0484552, 3.9581106, 2.2174213, 4.7673616, 3.022698, 2.3858876, 3.1425638, 1.3741419, 0.19148916, 2.9487789, 0.63293487, 2.5836692, 1.4674747, 3.6239748, 0.6102681, 4.9209476, 1.283879, 1.176652, 4.7237654]

 

Accuracy: 1.6746411%