Final Weight Matrix:
[0.27281314, 1.9641441, 0.07080495, 4.8309307, 2.7288046, 0.041105747, 3.86251, 3.4370117, 2.3433888, 2.3672152, 2.279544, 4.852858, 1.606254, 3.152819, 2.473472, 1.4865667, 1.2891684, 1.9549677, 4.0173965, 1.1706367, 1.1962929, 3.5337954, 1.3266287, 4.1708927, 4.637568, 0.9926322, 1.0473981, 4.9341717]
[4.4460335, 0.07730454, 4.493185, 4.170354, 0.13394147, 4.3435245, 2.9339619, 2.9789128, 4.7638664, 1.3031206, 3.820894, 1.6851423, 4.038953, 4.709248, 3.9799685, 2.6522698, 4.3083515, 4.932349, 2.2577796, 1.0290736, 4.7853003, 2.272853, 1.8296125, 0.5152425, 1.5098181, 4.9294295, 2.3654916, 2.2562087]
[2.0073662, 1.8345755, 4.928561, 3.7835674, 3.3289933, 4.339717, 3.9897325, 3.0053935, 4.165388, 0.70264935, 4.3738027, 4.0220747, 1.043078, 2.93952, 2.599137, 0.53784996, 2.5999916, 1.0557649, 2.682636, 2.786625, 0.54210216, 0.1851967, 2.504187, 0.7642293, 0.8734417, 4.229113, 1.663574, 3.6199057]
[4.217002, 1.1988872, 2.02418, 4.9100866, 0.6807226, 1.3925517, 3.8814929, 4.050533, 1.5257599, 1.5606894, 0.68297356, 0.35252154, 4.4465647, 0.38728, 2.1751947, 0.019315183, 4.235068, 0.49056172, 1.6831698, 0.075773, 4.9638, 2.0665119, 4.3076124, 3.462204, 0.15236735, 1.5979576, 1.2335998, 0.1398331]
[4.0739245, 1.3459907, 0.107207, 1.6163661, 0.8867544, 0.75318456, 4.786409, 1.5337017, 0.4425189, 3.3117838, 1.3936784, 3.9839802, 4.8070993, 1.7916912, 3.8777497, 1.793678, 0.9401664, 3.1556568, 0.571934, 4.787771, 0.90189815, 2.70098, 1.0600243, 2.8071318, 1.0037901, 0.41241705, 2.02532, 0.18296152]
[2.6877227, 2.6595519, 4.3638144, 4.293483, 1.6238151, 2.9589794, 1.3424609, 0.45223385, 3.661792, 3.7982826, 1.8340931, 2.55666, 4.2793326, 4.501498, 0.97159326, 2.903461, 2.0490553, 0.83684593, 0.9479907, 1.2370923, 0.22645414, 0.8247715, 2.1121314, 1.2143717, 2.7553222, 1.811274, 2.1403491, 4.956336]
[2.0342824, 4.9072127, 1.5252477, 1.5239948, 3.5053458, 3.9534874, 0.23848027, 2.9437194, 3.15846, 4.1150494, 3.4735873, 4.6576223, 0.11841267, 0.40958166, 2.339003, 2.9619284, 0.6439942, 4.081001, 1.1847982, 2.4902117, 2.7538574, 0.8909026, 0.5473149, 1.1072534, 1.7570701, 3.545542, 4.074382, 4.6025486]
[0.7450697, 2.540406, 3.044209, 0.35024554, 2.459826, 2.3929617, 1.4604375, 4.065168, 3.332937, 1.2665358, 2.1443434, 0.003825128, 4.1625705, 1.3497767, 0.65619856, 3.3969355, 2.208296, 3.5478191, 3.3677042, 4.6584253, 0.11467427, 1.3296595, 2.1358206, 3.4883566, 4.2778525, 4.243612, 0.05791247, 4.5075397]

 

Accuracy: 1.9138756%