Final Weight Matrix:
[0.6506613, 4.5119677, 2.4523659, 2.2860355, 4.906576, 0.7570934, 2.1407626, 4.9417205, 2.3581922, 3.0493875, 2.4298832, 2.1192133, 1.0555568, 3.963535, 3.95882, 1.0488567, 2.4948857, 0.99972486, 0.8806753, 0.9535855, 2.516832, 3.6699677, 0.8734113, 0.5119321, 3.1454973, 0.68442136, 2.6920412, 2.9107585]
[1.3111174, 3.5939074, 1.6896218, 0.25430143, 1.1549973, 2.357008, 2.4999485, 3.0729678, 1.4874196, 1.5813208, 2.3557208, 0.05406916, 3.49404, 0.57712466, 2.1062074, 3.9373991, 1.8280063, 2.5619636, 3.1451583, 3.2118912, 3.226017, 1.0862392, 1.1130776, 3.8868318, 3.0173388, 4.998128, 2.3013175, 2.1541767]
[3.7040207, 0.5320099, 0.26521325, 2.3099308, 4.854956, 3.654716, 1.8092301, 0.35551608, 1.1309236, 1.9204819, 2.5015292, 4.388314, 0.4253018, 4.3163877, 3.4242916, 3.2385602, 2.0269191, 4.9887686, 2.3885393, 3.982546, 1.8767494, 2.1566653, 3.2100868, 1.5152576, 2.466248, 2.7856064, 0.43189466, 0.49552023]
[1.6075838, 4.824197, 0.6157443, 0.7702562, 0.16846567, 3.623139, 4.7443013, 0.06919652, 3.2084558, 3.9530015, 3.5578213, 0.9554446, 3.6594954, 1.2205249, 3.6856966, 2.979494, 3.468839, 4.726371, 4.0625362, 3.8640265, 4.7538347, 0.29842317, 4.3855042, 2.6341362, 0.1192683, 2.3281832, 4.7712293, 0.5831805]
[1.5516772, 0.10315478, 3.5069785, 2.1495628, 4.751655, 1.6007695, 0.015268326, 4.3862715, 3.9933352, 4.3403053, 3.2201047, 2.0855522, 1.5367248, 1.9950432, 1.2261674, 2.518749, 2.7682343, 2.779758, 2.1122124, 2.5499797, 4.9406357, 3.946474, 0.16252339, 2.8562763, 0.03688723, 2.3576326, 2.6843975, 4.5511937]
[3.6320927, 0.13958335, 4.8074365, 3.4693022, 1.9916317, 3.945322, 4.157056, 4.1717625, 3.1667826, 0.7339847, 1.8184006, 4.7151957, 3.7555554, 0.08180648, 1.5392711, 3.8648975, 1.8377012, 0.51660866, 1.0962272, 4.5972395, 1.4989076, 3.8726335, 4.3044868, 2.9336367, 2.2879722, 3.117583, 2.3803763, 3.7791772]
[4.9384346, 4.947453, 0.5588576, 4.042923, 1.0969975, 2.8813615, 0.77515155, 1.8246827, 0.57745844, 4.8377013, 0.28884828, 4.435988, 4.5712914, 3.7200265, 2.7645192, 0.94303817, 2.143152, 1.3870153, 4.1311073, 4.379001, 1.3981154, 1.292311, 1.5829009, 2.765453, 4.6823378, 4.8391867, 2.1203375, 1.241731]
[1.6530281, 0.1497209, 0.77509403, 2.4508967, 2.688285, 2.0619326, 0.039821267, 0.5369997, 1.8917301, 1.0702517, 2.4005535, 2.7259567, 0.4483536, 4.9594965, 4.3244667, 0.18800378, 2.7020893, 0.6605363, 1.6155837, 3.300164, 4.525961, 4.5030613, 4.9476743, 1.2701195, 3.1439855, 0.44887185, 2.3015664, 3.4663866]

 

Accuracy: 8.61244%