Final Weight Matrix:
[3.9713058, 3.9769504, 0.5226305, 2.2053113, 0.37080318, 0.96660614, 4.3960485, 4.1007223, 2.8396413, 3.689563, 4.7459607, 0.154033, 2.4279115, 1.8289866, 2.073935, 3.997413, 4.338957, 4.1180797, 1.4389238, 0.16340584, 4.053923, 2.7992704, 4.7330422, 0.08288562, 3.171841, 0.04231155, 2.80654, 2.1623898]
[0.066666305, 3.2485585, 0.26355505, 4.633636, 2.3978577, 3.0656266, 2.8948812, 0.14766395, 3.981658, 3.167574, 1.8633252, 1.5966918, 1.5255771, 1.7498753, 1.2833295, 1.4441293, 3.8159847, 4.5904293, 3.8146365, 0.6234759, 2.5237646, 4.0480433, 1.3481033, 4.417047, 0.32924235, 1.634259, 2.0318983, 2.3730712]
[0.3668818, 2.694581, 2.4526806, 3.382918, 0.43240726, 0.17842293, 2.1367753, 3.2777925, 4.18804, 2.636198, 1.0115519, 1.3656151, 3.0316317, 0.1454714, 1.6111908, 4.0039988, 0.9768203, 1.2900207, 3.6208222, 2.7749493, 3.0163467, 1.0657877, 1.5288541, 3.912384, 1.0298806, 2.40136, 1.3524884, 4.04676]
[1.4496851, 0.10880053, 2.4723876, 3.9245079, 3.0390108, 2.539941, 2.8688004, 0.7767913, 1.2741246, 1.0458829, 3.5058448, 2.33613, 1.7843297, 0.82128793, 0.22892267, 4.905018, 3.0063758, 2.6735325, 2.4913392, 2.2829423, 2.8895614, 2.2690747, 0.13219535, 0.06276518, 3.9629307, 1.0701579, 0.6137085, 0.7605839]
[1.9918325, 3.3445868, 4.8706045, 2.281866, 2.5313172, 1.6857654, 3.7085848, 2.328366, 4.9802027, 4.5610585, 1.4476464, 1.8832672, 0.88198423, 4.6710725, 2.8769255, 0.88492095, 1.6651378, 4.773482, 4.1615906, 0.51191866, 0.30188262, 0.041050613, 1.9130224, 0.19402474, 2.3553963, 4.6886044, 0.4482174, 4.9654326]
[3.0231814, 3.2376196, 4.2731853, 3.1601434, 0.33931106, 3.3751714, 1.9314191, 1.6759169, 3.0191996, 1.4072087, 2.6687527, 1.2057731, 3.1942005, 1.0710726, 2.4396372, 2.447557, 0.7445094, 1.241101, 4.87977, 3.4864554, 2.1806512, 4.3819113, 2.2119174, 3.3269258, 3.2073035, 0.539982, 0.054631233, 1.0943701]
[1.7176801, 1.044605, 2.6394367, 4.2886705, 1.0795054, 2.7588181, 0.58615863, 3.8477077, 0.08028239, 0.78998864, 3.6666825, 2.7561426, 3.7737246, 1.6641778, 0.63606083, 1.7405546, 3.012632, 1.4799807, 1.4110258, 3.8446844, 1.5460482, 1.893333, 3.5173872, 4.6368246, 3.9082127, 0.61774224, 1.6502593, 4.6147275]
[0.7197988, 0.6429559, 1.4385524, 2.3317962, 2.5724144, 1.5333388, 0.5747327, 3.552499, 4.0677547, 0.9349486, 2.5626955, 2.676113, 4.3536305, 1.032783, 2.6040487, 4.9580507, 3.2389781, 2.9079237, 1.9425871, 3.0596404, 2.6056619, 1.0649347, 1.12784, 0.9135002, 3.871272, 1.3650789, 4.6539874, 0.18636376]

 

Accuracy: 2.631579%