Final Weight Matrix:
[3.3807635, 1.0018158, 3.1612241, 4.581541, 0.22940814, 4.546443, 2.070799, 0.037239492, 0.035074353, 1.275116, 0.48556894, 4.4565134, 1.021116, 3.520699, 1.9158214, 3.2657382, 1.9145894, 0.4738468, 4.8659143, 2.2502136, 1.3511398, 0.54630995, 0.9530151, 1.7758012, 3.9484005, 2.645333, 2.5719209, 2.651935]
[3.4180412, 4.0598803, 4.0324492, 3.6210842, 4.2819977, 2.6740322, 0.8171731, 4.3453207, 1.0283425, 1.3293332, 0.93484163, 1.4475975, 1.5009344, 2.8102899, 2.2757397, 3.834231, 2.1568644, 1.5953026, 3.109642, 3.9973006, 2.5672436, 1.9344523, 4.0583043, 3.98308, 1.2787201, 3.2367156, 1.8789997, 2.0677419]
[2.3220146, 0.18892616, 0.52302897, 3.1476226, 1.2546146, 4.5194273, 1.1961362, 3.3120575, 0.49057126, 3.158641, 0.51211685, 0.79663277, 4.712227, 2.5502548, 2.465606, 4.4286704, 3.6159399, 4.6094685, 3.4771228, 0.08054793, 3.933836, 0.90348274, 3.5081182, 0.4863304, 2.2417989, 4.904495, 0.48437268, 1.8900826]
[1.2339914, 3.0128894, 3.4840307, 4.357666, 2.967875, 3.609657, 0.2764231, 3.565973, 3.6908984, 0.82956284, 0.47733784, 4.4932146, 0.70873916, 4.473102, 2.4063194, 3.5704315, 1.8813357, 1.4342675, 3.4859023, 1.5579376, 3.6012318, 3.9167175, 3.9584758, 1.1115501, 1.9612944, 3.2628284, 0.76388717, 3.7735004]
[1.5262389, 0.41365296, 3.5233202, 1.9238126, 4.033168, 3.3539953, 1.8187898, 2.1621666, 4.1373115, 1.6422403, 0.9024206, 3.1510286, 2.2451994, 2.5614648, 0.87816626, 0.27191103, 0.62161714, 4.104575, 3.4866283, 1.552431, 3.4800317, 1.9852171, 0.3100896, 3.3774188, 1.1579826, 0.9771213, 0.3718421, 0.05832553]
[1.8065813, 0.9720522, 3.3065758, 4.5979185, 4.1822815, 3.3210638, 3.0553236, 3.0386138, 0.093096495, 4.911188, 1.1206537, 4.850334, 4.122185, 2.4217165, 1.9900542, 0.51565796, 3.3091388, 4.7080035, 1.2854626, 0.065034926, 1.2213101, 1.9491583, 1.3654544, 0.9523803, 0.080363154, 4.2574944, 4.537687, 2.6314986]
[3.4370315, 2.8363743, 0.2298528, 1.1771512, 0.002348125, 2.4587293, 4.617852, 4.61249, 0.16677111, 1.2565136, 1.4734066, 0.46893448, 4.0683727, 2.3125741, 1.7264435, 2.8679042, 3.7342925, 0.8474955, 1.2497616, 3.81932, 4.3209023, 1.4271805, 2.1774955, 0.8632007, 2.1505709, 4.3800373, 0.13053566, 1.9124907]
[1.4976964, 0.8192006, 3.7102623, 3.6024048, 0.65304965, 2.3942785, 3.6588082, 2.4198363, 1.0108211, 2.2434351, 2.9947658, 0.8219373, 4.9226036, 1.9405355, 3.996093, 3.7928333, 3.0704875, 3.4095793, 4.0984564, 4.309069, 0.6792915, 2.451309, 1.0418591, 3.8559856, 2.1455173, 0.3519717, 4.0689354, 2.9675941]

 

Accuracy: 1.6746411%